,FL1-H,FL3-H,SSC-H,FSC-H
0,8059.0,608.0,2576.0,9349.0
1,3636.0,551.0,2308.0,6470.0
2,2612.0,583.0,1129.0,4639.0
3,2683.0,153.0,1167.0,12612.0
4,29320.0,830.0,1142.0,8705.0
5,3106.0,376.0,2120.0,6662.0
6,6789.0,577.0,537.0,9869.0
7,11641.0,2443.0,7285.0,15829.0
8,5844.0,379.0,2408.0,8382.0
9,16672.0,2695.0,766581.0,130222.0
10,19572.0,2613.0,1841.0,7647.0
11,5113.0,622.0,1421.0,3091.0
12,12161.0,1132.0,3709.0,10792.0
13,5262.0,656.0,2209.0,6289.0
14,8764.0,233.0,9426.0,9379.0
15,42088.0,3892.0,3679.0,9076.0
16,2822.0,902.0,1607.0,2432.0
17,2633.0,511.0,1778.0,2021.0
18,17609.0,1875.0,2015.0,9606.0
19,3842.0,420.0,986.0,1623.0
20,3269.0,642.0,3357.0,15383.0
21,7202.0,480.0,1677.0,7402.0
22,9751.0,1253.0,2956.0,8771.0
23,4918.0,242.0,834.0,385.0
24,12959.0,1224.0,1014.0,12619.0
25,7300.0,195.0,2111.0,10710.0
26,2997.0,957.0,1040.0,5980.0
27,40619.0,1501.0,4066.0,13926.0
28,4206.0,574.0,4072.0,9247.0
29,7891.0,799.0,1063.0,8042.0
30,3416.0,82.0,1374.0,8259.0
31,22097.0,807.0,2030.0,8441.0
32,10747.0,934.0,1444.0,6803.0
33,8193.0,1187.0,1178.0,10230.0
34,6279.0,1627.0,2619.0,13073.0
35,2475.0,157.0,-0.0,5530.0
36,3903.0,719.0,2260.0,3832.0
37,24611.0,1671.0,3208.0,4081.0
38,16649.0,2633.0,2326.0,12189.0
39,5533.0,137.0,1622.0,9000.0
40,5456.0,1542.0,1566.0,1497.0
41,44251.0,4770.0,4886.0,3358.0
42,32703.0,2014.0,2324.0,8576.0
43,3599.0,987.0,2441.0,7852.0
44,3506.0,875.0,2648.0,4218.0
45,17765.0,1679.0,2440.0,15800.0
46,4544.0,735.0,2949.0,7866.0
47,4013.0,348.0,1660.0,12496.0
48,7170.0,399.0,1809.0,12262.0
49,4242.0,399.0,1537.0,4614.0
50,7407.0,768.0,2354.0,9586.0
51,8414.0,783.0,2032.0,4451.0
52,9178.0,1082.0,2164.0,10153.0
53,33075.0,3628.0,971.0,4655.0
54,6502.0,678.0,1117.0,6982.0
55,4858.0,1385.0,2675.0,13629.0
56,2653.0,619.0,3406.0,5302.0
57,2498.0,474.0,916.0,8634.0
58,2874.0,1068.0,2605.0,5959.0
59,29886.0,1657.0,6164.0,10886.0
60,168328.0,27681.0,64224.0,45554.0
61,2701.0,875.0,2429.0,12203.0
62,48621.0,3779.0,4182.0,14619.0
63,3153.0,277.0,1207.0,12201.0
64,16195.0,1495.0,4317.0,8847.0
65,22719.0,2061.0,1904.0,7410.0
66,23073.0,1928.0,2170.0,9424.0
67,8611.0,1150.0,4552.0,7069.0
68,3207.0,577.0,1476.0,8406.0
69,10207.0,1368.0,1971.0,12865.0
70,3392.0,423.0,2469.0,5932.0
71,30152.0,4264.0,21675.0,85335.0
72,3549.0,872.0,2423.0,15650.0
73,7417.0,848.0,675.0,3718.0
74,3691.0,858.0,590.0,6401.0
75,4343.0,588.0,2033.0,8304.0
76,10571.0,1129.0,3332.0,6512.0
77,36266.0,2705.0,2938.0,10523.0
78,4636.0,738.0,659.0,11523.0
79,22965.0,2765.0,14541.0,18412.0
80,5839.0,672.0,3383.0,10999.0
81,4333.0,302.0,1837.0,3598.0
82,13249.0,1759.0,2299.0,4664.0
83,12268.0,884.0,1887.0,6045.0
84,5096.0,643.0,2055.0,3052.0
85,9864.0,837.0,1818.0,14193.0
86,7845.0,960.0,3480.0,5394.0
87,7362.0,902.0,2100.0,7775.0
88,8254.0,1123.0,954.0,5096.0
89,11508.0,1234.0,1041.0,7643.0
90,21836.0,3161.0,4791.0,7948.0
91,8059.0,1004.0,5250.0,13370.0
92,4063.0,788.0,2455.0,2082.0
93,3305.0,1033.0,1063.0,13842.0
94,2991.0,226.0,750.0,5116.0
95,4868.0,394.0,1688.0,4287.0
96,7027.0,869.0,2244.0,4264.0
97,3631.0,266.0,3424.0,16578.0
98,5172.0,559.0,1162.0,5607.0
99,24124.0,2342.0,3557.0,4939.0
100,5143.0,947.0,-0.0,9795.0
101,49193.0,4520.0,865.0,9565.0
102,7796.0,614.0,2319.0,7565.0
103,5818.0,812.0,518.0,9921.0
104,7232.0,1068.0,3864.0,11972.0
105,9816.0,1270.0,830.0,3104.0
106,3851.0,1648.0,2472.0,13067.0
107,6264.0,1276.0,2754.0,11395.0
108,5662.0,1716.0,2683.0,4894.0
109,5107.0,790.0,456.0,2380.0
110,6656.0,639.0,2649.0,4457.0
111,25165.0,2873.0,2620.0,6389.0
112,9430.0,1180.0,2470.0,8412.0
113,10055.0,795.0,2255.0,9441.0
114,16435.0,2632.0,1819.0,8364.0
115,8328.0,823.0,4953.0,2672.0
116,39259.0,2285.0,2205.0,7708.0
117,2807.0,597.0,189.0,7470.0
118,4993.0,450.0,1572.0,6142.0
119,17731.0,1576.0,1522.0,12781.0
120,15240.0,1199.0,2790.0,14026.0
121,2957.0,630.0,1794.0,13213.0
122,10408.0,760.0,-0.0,8971.0
123,13320.0,1086.0,893.0,4952.0
124,3565.0,892.0,1449.0,3062.0
125,3278.0,1202.0,1815.0,11044.0
126,20012.0,2141.0,3755.0,13834.0
127,16183.0,1602.0,3203.0,12147.0
128,15989.0,1990.0,1980.0,9249.0
129,46583.0,4245.0,2230.0,8897.0
130,30314.0,2312.0,2646.0,2026.0
131,17388.0,1146.0,1464.0,6864.0
132,4376.0,481.0,2865.0,10000.0
133,3944.0,555.0,2051.0,2604.0
134,6648.0,1157.0,1535.0,1521.0
135,3600.0,728.0,3811.0,11635.0
136,4365.0,961.0,658.0,6783.0
137,15344.0,2106.0,1212.0,13140.0
138,50117.0,6277.0,7731.0,23376.0
139,5781.0,1168.0,3313.0,634.0
140,4409.0,615.0,2913.0,2319.0
141,5602.0,861.0,2087.0,14517.0
142,5311.0,787.0,1776.0,9224.0
143,4832.0,1638.0,1192.0,10666.0
144,58664.0,3871.0,2316.0,12265.0
145,21554.0,919.0,3079.0,11325.0
146,3626.0,828.0,1737.0,12224.0
147,14000.0,1356.0,581.0,1316.0
148,13994.0,3551.0,1719.0,6631.0
149,5418.0,732.0,1855.0,9715.0
150,25919.0,2000.0,3444.0,8595.0
151,12940.0,880.0,1602.0,13467.0
152,17023.0,1680.0,2057.0,4282.0
153,5581.0,477.0,1887.0,7793.0
154,4693.0,492.0,2567.0,5837.0
155,7284.0,877.0,2970.0,13629.0
156,21277.0,2697.0,1902.0,8172.0
157,7568.0,554.0,3153.0,4157.0
158,2819.0,931.0,1459.0,289.0
159,4689.0,997.0,284.0,7140.0
160,4161.0,742.0,3604.0,5721.0
161,2924.0,240.0,-0.0,3798.0
162,32027.0,3631.0,2283.0,6299.0
163,3012.0,379.0,1582.0,8658.0
164,4826.0,350.0,1478.0,11632.0
165,12806.0,1103.0,2267.0,3997.0
166,3498.0,731.0,1623.0,7246.0
167,5725.0,457.0,3474.0,4592.0
168,3623.0,558.0,1695.0,7029.0
169,22993.0,1668.0,2351.0,8884.0
170,8302.0,746.0,2252.0,9683.0
171,3619.0,283.0,350.0,4490.0
172,3401.0,374.0,2309.0,7015.0
173,6102.0,1212.0,2723.0,3292.0
174,6364.0,315.0,2384.0,10356.0
175,50438.0,4427.0,2717.0,19463.0
176,2930.0,897.0,1517.0,11797.0
177,100202.0,6962.0,2028.0,24384.0
178,6390.0,417.0,2594.0,8777.0
179,3683.0,1159.0,1208.0,7191.0
180,3786.0,799.0,1802.0,2963.0
181,4922.0,1021.0,2281.0,10549.0
182,4694.0,543.0,2103.0,8844.0
183,3119.0,394.0,1316.0,7024.0
184,61300.0,4489.0,6162.0,12844.0
185,12029.0,1438.0,1572.0,16593.0
186,7043.0,1199.0,1849.0,10891.0
187,10300.0,1445.0,2101.0,12949.0
188,3992.0,2042.0,2527.0,8732.0
189,12425.0,1794.0,2925.0,4637.0
190,29221.0,2505.0,1737.0,5333.0
191,25165.0,1499.0,1049.0,5958.0
192,12197.0,1410.0,2132.0,7018.0
193,17717.0,2297.0,2247.0,8689.0
194,5138.0,554.0,3923.0,11234.0
195,21202.0,1345.0,2176.0,10341.0
196,8021.0,403.0,2805.0,4487.0
197,21731.0,2532.0,3248.0,11903.0
198,2846.0,550.0,2189.0,7323.0
199,4829.0,580.0,2900.0,10863.0
200,30061.0,2890.0,2294.0,8837.0
201,3994.0,1060.0,391.0,14354.0
202,16666.0,809.0,2463.0,8239.0
203,4806.0,634.0,534.0,8459.0
204,3542.0,1153.0,944986.0,338436.0
205,2740.0,355.0,1397.0,7210.0
206,12543.0,822.0,1541.0,9057.0
207,45146.0,3407.0,14393.0,28916.0
208,3813.0,492.0,1385.0,9603.0
209,32096.0,2006.0,2498.0,6399.0
210,7593.0,1033.0,3826.0,5183.0
211,5482.0,1368.0,848.0,6446.0
212,30076.0,2443.0,1722.0,4516.0
213,6959.0,1031.0,1645.0,9804.0
214,9402.0,1619.0,1249.0,810.0
215,5672.0,617.0,3343.0,4427.0
216,4751.0,466.0,1291.0,12505.0
217,61742.0,5119.0,4733.0,9550.0
218,5653.0,721.0,1489.0,7335.0
219,4298.0,1032.0,4036.0,11768.0
220,5579.0,1098.0,190.0,5053.0
221,4716.0,695.0,31.0,9983.0
222,2832.0,975.0,1605.0,4115.0
223,8220.0,596.0,2233.0,3303.0
224,3335.0,519.0,3749.0,10877.0
225,7001.0,1296.0,521.0,3876.0
226,8227.0,715.0,1166.0,5432.0
227,2945.0,449.0,3086.0,5034.0
228,2552.0,1063.0,651.0,13196.0
229,6905.0,564.0,2147.0,9867.0
230,7259.0,993.0,3862.0,10662.0
231,8096.0,1586.0,1188.0,3995.0
232,7344.0,1210.0,2961.0,2917.0
233,4310.0,750.0,1436.0,6749.0
234,3901.0,747.0,1017.0,1969.0
235,20831.0,1113.0,376.0,8393.0
236,7310.0,697.0,1739.0,8932.0
237,4171.0,441.0,1517.0,8953.0
238,12128.0,1001.0,1408.0,11416.0
239,30156.0,5096.0,15182.0,23961.0
240,2600.0,382.0,789.0,1654.0
241,24988.0,1945.0,2033.0,10656.0
242,4117.0,524.0,1215.0,2881.0
243,3448.0,727.0,1060.0,-0.0
244,4526.0,1065.0,1937.0,10185.0
245,4499.0,304.0,1171.0,7781.0
246,4816.0,647.0,1875.0,8831.0
247,17136.0,959.0,987.0,6440.0
248,11301.0,1282.0,10959.0,57319.0
249,3944.0,947.0,96.0,7134.0
250,3576.0,544.0,2535.0,3200.0
251,22840.0,1993.0,4266.0,17848.0
252,6026.0,464.0,1808.0,-0.0
253,8314.0,1425.0,1112.0,11545.0
254,26087.0,5427.0,30255.0,30156.0
255,9456.0,824.0,878.0,4743.0
256,9618.0,914.0,2002.0,4995.0
257,7587.0,1368.0,2859.0,7094.0
258,3986.0,664.0,2798.0,7101.0
259,4433.0,667.0,1954.0,12074.0
260,2669.0,108.0,691.0,9149.0
261,6951.0,1013.0,2200.0,9280.0
262,7907.0,580.0,3253.0,12461.0
263,14873.0,946.0,2504.0,12774.0
264,5033.0,1162.0,1865.0,14055.0
265,4290.0,470.0,910.0,5340.0
266,7423.0,1339.0,1569.0,8051.0
267,4352.0,640.0,542.0,6507.0
268,6893.0,675.0,1356.0,10466.0
269,5615.0,830.0,952.0,5392.0
270,4144.0,864.0,-0.0,9220.0
271,102358.0,6565.0,11361.0,28633.0
272,7045.0,994.0,121.0,6149.0
273,2821.0,227.0,2119.0,6253.0
274,4243.0,821.0,3166.0,3475.0
275,4134.0,526.0,1927.0,2640.0
276,4659.0,398.0,1353.0,15420.0
277,4206.0,1050.0,3474.0,5572.0
278,6871.0,1096.0,661.0,-0.0
279,8580.0,1128.0,2546.0,5308.0
280,2522.0,987.0,2723.0,6606.0
281,2533.0,1190.0,810.0,-0.0
282,56556.0,3899.0,3572.0,8037.0
283,5740.0,644.0,2101.0,9086.0
284,5889.0,323.0,1861.0,6843.0
285,5105.0,1307.0,1856.0,16158.0
286,14571.0,1198.0,3072.0,5301.0
287,13063.0,1420.0,995.0,7415.0
288,19752.0,1079.0,2687.0,8226.0
289,9973.0,1178.0,1367.0,6165.0
290,3270.0,399.0,624.0,5147.0
291,16349.0,69.0,2681.0,7179.0
292,2526.0,111.0,3530.0,9028.0
293,46128.0,9104.0,32335.0,38086.0
294,3960.0,708.0,1457.0,4560.0
295,27098.0,9956.0,235620.0,590200.0
296,7406.0,915.0,2822.0,8305.0
297,7305.0,687.0,1987.0,9814.0
298,25376.0,2354.0,3775.0,9983.0
299,3395.0,1281.0,3924.0,14216.0
300,5846.0,1011.0,434.0,7424.0
301,5395.0,673.0,3279.0,6482.0
302,4989.0,620.0,1281.0,7526.0
303,4349.0,22.0,-0.0,6101.0
304,54095.0,4227.0,3221.0,6971.0
305,4268.0,350.0,2337.0,4709.0
306,5504.0,549.0,1238.0,8084.0
307,3381.0,355.0,2778.0,14227.0
308,4049.0,136.0,1604.0,8203.0
309,6288.0,517.0,964.0,2826.0
310,2943.0,761.0,1239.0,6838.0
311,5449.0,1120.0,1371.0,5378.0
312,10091.0,1019.0,1126.0,4577.0
313,7938.0,1027.0,1564.0,3610.0
314,5388.0,615.0,2189.0,8854.0
315,5013.0,320.0,2361.0,11044.0
316,5790.0,589.0,1689.0,8859.0
317,35020.0,2800.0,900.0,6787.0
318,3925.0,103.0,1824.0,1078.0
319,4248.0,896.0,3505.0,7124.0
320,42235.0,3290.0,3705.0,9456.0
321,23477.0,2712.0,3576.0,17827.0
322,47419.0,7828.0,4589.0,11244.0
323,5342.0,181.0,1722.0,9245.0
324,4640.0,466.0,2260.0,12537.0
325,6410.0,633.0,2196.0,8510.0
326,12915.0,879.0,-0.0,11229.0
327,2810.0,398.0,1548.0,7573.0
328,3830.0,406.0,1359.0,6775.0
329,15902.0,1204.0,1080.0,14250.0
330,58130.0,4509.0,1779.0,10547.0
331,2729.0,620.0,1544.0,14305.0
332,4051.0,313.0,3111.0,7090.0
333,4544.0,820.0,1254.0,3288.0
334,5066.0,307.0,3145.0,7762.0
335,5552.0,162.0,3899.0,9571.0
336,16249.0,1364.0,2037.0,3588.0
337,5977.0,710.0,2040.0,6193.0
338,3383.0,924.0,2566.0,2645.0
339,13867.0,1092.0,2958.0,8132.0
340,10444.0,1205.0,223.0,4089.0
341,8827.0,954.0,1926.0,2562.0
342,19554.0,1935.0,3578.0,6525.0
343,5289.0,948.0,1247.0,3575.0
344,5460.0,510.0,468.0,6605.0
345,10657.0,700.0,2154.0,8317.0
346,4290.0,1444.0,3252.0,18499.0
347,4666.0,233.0,1567.0,12921.0
348,9696.0,1899.0,2172.0,5580.0
349,7369.0,628.0,3092.0,9224.0
350,8606.0,984.0,1486.0,4466.0
351,6255.0,733.0,4034.0,3340.0
352,18591.0,2702.0,2423.0,4690.0
353,7443.0,1769.0,3697.0,8597.0
354,4205.0,730.0,1864.0,6965.0
355,3488.0,902.0,3654.0,9548.0
356,22635.0,2269.0,2252.0,7821.0
357,3049.0,171.0,1819.0,9902.0
358,6328.0,581.0,1542.0,8025.0
359,7122.0,876.0,2687.0,6566.0
360,7353.0,736.0,1747.0,10389.0
361,4268.0,1973.0,2293.0,4493.0
362,4329.0,863.0,2725.0,4724.0
363,28179.0,2766.0,1326.0,8340.0
364,4008.0,618.0,3228.0,4085.0
365,5846.0,629.0,4046.0,4021.0
366,4036.0,326.0,1357.0,13544.0
367,23892.0,2564.0,2108.0,3829.0
368,7838.0,1964.0,1664.0,8636.0
369,13358.0,1998.0,2638.0,12915.0
370,6829.0,773.0,2164.0,6856.0
371,3618.0,1810.0,1943.0,1800.0
372,7227.0,701.0,1944.0,11683.0
373,4464.0,1240.0,750.0,6545.0
374,3393.0,569.0,3129.0,6426.0
375,23127.0,1712.0,290.0,9253.0
376,4732.0,1154.0,4209.0,4630.0
377,7194.0,42.0,1691.0,13755.0
378,7971.0,574.0,2210.0,7022.0
379,7255.0,888.0,2615.0,4030.0
380,9395.0,667.0,1866.0,10721.0
381,5034.0,1202.0,1828.0,6260.0
382,22503.0,2243.0,1459.0,8316.0
383,3614.0,654.0,2162.0,4774.0
384,22043.0,1966.0,2685.0,13630.0
385,2928.0,529.0,442.0,1445.0
386,10157.0,690.0,2076.0,1237.0
387,2592.0,654.0,3245.0,7136.0
388,8084.0,691.0,2730.0,6457.0
389,2596.0,100.0,4726.0,7805.0
390,4769.0,671.0,1567.0,4578.0
391,2732.0,429.0,2743.0,5787.0
392,331576.0,201707.0,745288.0,566570.0
393,3576.0,410.0,-0.0,7523.0
394,4168.0,1037.0,3185.0,3982.0
395,9647.0,455.0,2675.0,3495.0
396,3228.0,997.0,690.0,2789.0
397,11462.0,1719.0,761.0,8959.0
398,41361.0,3182.0,2289.0,6418.0
399,27511.0,2434.0,3981.0,4577.0
400,19961.0,2216.0,1799.0,11095.0
401,2817.0,1030.0,2889.0,8055.0
402,13997.0,903.0,2067.0,14517.0
403,2775.0,500.0,348.0,3097.0
404,3628.0,720.0,2153.0,10917.0
405,7232.0,606.0,1830.0,8554.0
406,4591.0,424.0,2602.0,10499.0
407,10219.0,1659.0,2248.0,6126.0
408,21998.0,1595.0,564.0,5274.0
409,2483.0,620.0,1647.0,2275.0
410,6036.0,892.0,1236.0,6413.0
411,27993.0,2702.0,1641.0,-0.0
412,5544.0,1316.0,1384.0,900.0
413,4780.0,661.0,1535.0,6586.0
414,5390.0,1041.0,1323.0,7518.0
415,4472.0,355.0,2776.0,7238.0
416,11940.0,886.0,1123.0,6108.0
417,2843.0,835.0,1501.0,7706.0
418,8685.0,934.0,1912.0,7157.0
419,10285.0,906.0,2782.0,15484.0
420,7793.0,934.0,2651.0,9209.0
421,4604.0,327.0,1668.0,10993.0
422,4495.0,315.0,3073.0,9026.0
423,3422.0,483.0,2249.0,14457.0
424,6548.0,1001.0,1136.0,6555.0
425,192497.0,28245.0,281367.0,415234.0
426,2477.0,183.0,1668.0,5291.0
427,6505.0,1191.0,3730.0,7112.0
428,14921.0,2641.0,1533.0,13211.0
429,7710.0,938.0,1351.0,5663.0
430,4509.0,964.0,3692.0,3000.0
431,6371.0,1014.0,1081.0,2796.0
432,7970.0,1321.0,3143.0,5808.0
433,13903.0,1115.0,1201.0,12156.0
434,2639.0,186.0,334.0,13816.0
435,3114.0,124.0,-0.0,-0.0
436,7298.0,1043.0,1531.0,8982.0
437,18738.0,937.0,2171.0,8079.0
438,19974.0,831.0,1715.0,7846.0
439,14212.0,1331.0,2503.0,3355.0
440,3974.0,1252.0,244.0,4704.0
441,8286.0,704.0,1454.0,7313.0
442,5100.0,611.0,1984.0,12592.0
443,4736.0,851.0,735.0,8012.0
444,3722.0,460.0,1664.0,6326.0
445,4239.0,326.0,872.0,8611.0
446,29174.0,2479.0,3732.0,7110.0
447,20403.0,2490.0,1180.0,2203.0
448,27723.0,2367.0,2392.0,3638.0
449,10957.0,1107.0,3555.0,2145.0
450,7333.0,1017.0,2457.0,8604.0
451,2630.0,192.0,1329.0,14556.0
452,24974.0,4633.0,8309.0,27035.0
453,7454.0,862.0,1085.0,7038.0
454,4431.0,812.0,3277.0,13745.0
455,13345.0,1298.0,2271.0,11225.0
456,7191.0,1129.0,1937.0,5673.0
457,4006.0,289.0,1853.0,7144.0
458,15514.0,2358.0,6583.0,5734.0
459,4840.0,316.0,1642.0,4039.0
460,4608.0,735.0,3249.0,8016.0
461,27742.0,2069.0,1934.0,10063.0
462,4292.0,1060.0,2932.0,561.0
463,6494.0,621.0,2387.0,7535.0
464,3576.0,1831.0,1395.0,4371.0
465,4074.0,316.0,1966.0,-0.0
466,72320.0,5516.0,1045.0,15591.0
467,8079.0,430.0,1700.0,2811.0
468,3467.0,920.0,711.0,11083.0
469,4463.0,751.0,3196.0,7196.0
470,4995.0,492.0,2814.0,9082.0
471,4116.0,763.0,1356.0,1022.0
472,8216.0,1146.0,1508.0,11393.0
473,3507.0,767.0,3528.0,5506.0
474,6158.0,555.0,3184.0,4447.0
475,7411.0,828.0,765.0,4239.0
476,8613.0,813.0,1900.0,9434.0
477,2696.0,1542.0,-0.0,5479.0
478,5226.0,1242.0,2113.0,8087.0
479,25417.0,3118.0,2841.0,11459.0
480,30863.0,3063.0,1037.0,6185.0
481,3758.0,484.0,844.0,3298.0
482,11178.0,1373.0,817.0,3476.0
483,15033.0,1018.0,3009.0,15211.0
484,26723.0,2758.0,3172.0,3710.0
485,24731.0,1878.0,205.0,5066.0
486,28992.0,2239.0,3930.0,15182.0
487,2682.0,54.0,2863.0,13882.0
488,2541.0,135.0,128.0,6624.0
489,7565.0,1889.0,2984.0,18842.0
490,4152.0,563.0,1339.0,7574.0
491,4837.0,700.0,2091.0,6956.0
492,5465.0,1027.0,1800.0,3611.0
493,4692.0,235.0,2306.0,11937.0
494,4820.0,610.0,2212.0,6470.0
495,33041.0,5577.0,2009.0,15481.0
496,5263.0,863.0,3034.0,5951.0
497,4815.0,221.0,1240.0,9057.0
498,3776.0,1340.0,335.0,477.0
499,3332.0,886.0,1546.0,10459.0
500,2898.0,521.0,1152.0,6798.0
501,4069.0,808.0,337.0,6965.0
502,4267.0,521.0,2111.0,4376.0
503,26749.0,2741.0,2538.0,4976.0
504,6865.0,1000.0,1946.0,1142.0
505,7506.0,478.0,2012.0,5746.0
506,7426.0,550.0,2614.0,5958.0
507,162254.0,11341.0,17806.0,30738.0
508,2640.0,235.0,576.0,-0.0
509,5684.0,788.0,943.0,17005.0
510,3720.0,453.0,588.0,9357.0
511,4959.0,1550.0,179.0,6879.0
512,7951.0,1653.0,2415.0,5466.0
513,4235.0,580.0,1592.0,10017.0
514,4803.0,569.0,1421.0,5841.0
515,7900.0,2570.0,2888.0,19881.0
516,32903.0,4191.0,1326.0,5725.0
517,29318.0,2996.0,2720.0,13649.0
518,4054.0,152.0,-0.0,9431.0
519,2461.0,1086.0,1036.0,3412.0
520,48542.0,3572.0,2865.0,3296.0
521,7090.0,535.0,1948.0,5303.0
522,2704.0,1350.0,600.0,7600.0
523,4692.0,656.0,3914.0,1018.0
524,3351.0,536.0,-0.0,-0.0
525,15751.0,1461.0,2083.0,12177.0
526,3782.0,562.0,1910.0,11504.0
527,3611.0,274.0,2964.0,8730.0
528,2548.0,491.0,2509.0,2409.0
529,14933.0,1290.0,1067.0,7419.0
530,7491.0,1368.0,1999.0,7068.0
531,24736.0,1924.0,3198.0,3264.0
532,13671.0,1416.0,2348.0,3907.0
533,4305.0,1130.0,2083.0,7486.0
534,7433.0,1273.0,2244.0,4525.0
535,4523.0,671.0,2962.0,6251.0
536,56731.0,4248.0,3557.0,13377.0
537,3554.0,486.0,1356.0,2809.0
538,92155.0,14922.0,23033.0,22575.0
539,10420.0,1057.0,914.0,2732.0
540,9818.0,1210.0,2550.0,4954.0
541,2485.0,409.0,1512.0,5804.0
542,8535.0,1395.0,1341.0,5020.0
543,7388.0,810.0,1390.0,8333.0
544,20797.0,905.0,2176.0,6108.0
545,3151.0,636.0,629.0,12773.0
546,6389.0,1185.0,2809.0,6067.0
547,5601.0,1271.0,2841.0,12532.0
548,11062.0,1345.0,1080.0,5016.0
549,9947.0,1360.0,2618.0,7935.0
550,13099.0,781.0,1849.0,1671.0
551,615077.0,153935.0,36300.0,157546.0
552,3860.0,360.0,2251.0,14798.0
553,5629.0,975.0,3167.0,8195.0
554,6256.0,691.0,943.0,8857.0
555,4875.0,889.0,2402.0,6551.0
556,66306.0,6738.0,26370.0,46782.0
557,3754.0,725.0,72.0,3817.0
558,8191.0,647.0,2309.0,11186.0
559,71117.0,4513.0,2059.0,8844.0
560,4086.0,650.0,931.0,9789.0
561,235113.0,128322.0,1139522.0,1126423.0
562,19830.0,2983.0,2088.0,14446.0
563,9203.0,465.0,968.0,-0.0
564,4624.0,1232.0,2369.0,7715.0
565,3787.0,614.0,2002.0,7287.0
566,6960.0,1191.0,1689.0,3755.0
567,5741.0,298.0,3084.0,11389.0
568,4976.0,451.0,2875.0,6836.0
569,5528.0,414.0,3908.0,8158.0
570,5224.0,1375.0,4604.0,7880.0
571,5465.0,879.0,1892.0,5653.0
572,3286.0,403.0,624.0,325.0
573,24588.0,1697.0,5075.0,14312.0
574,9966.0,897.0,1623.0,9721.0
575,24664.0,1625.0,3939.0,11275.0
576,4317.0,892.0,1321.0,4121.0
577,3846.0,715.0,2366.0,6001.0
578,3304.0,187.0,1259.0,8051.0
579,6776.0,981.0,2331.0,12421.0
580,4203.0,857.0,1657.0,3854.0
581,5412.0,1377.0,2572.0,9982.0
582,4312.0,1500.0,1791.0,10712.0
583,3778.0,550.0,2371.0,4136.0
584,2725.0,221.0,672.0,5222.0
585,2568.0,299.0,2054.0,5971.0
586,4320.0,377.0,2029.0,4463.0
587,43142.0,5609.0,2372.0,9557.0
588,8171.0,961.0,2301.0,4739.0
589,35744.0,2573.0,2752.0,9012.0
590,50234.0,3601.0,2363.0,11839.0
591,15171.0,2611.0,1496.0,9309.0
592,6951.0,1430.0,490.0,5574.0
593,4000.0,630.0,3358.0,7833.0
594,17379.0,1459.0,2600.0,10418.0
595,30721.0,2398.0,3403.0,12479.0
596,4353.0,426.0,2889.0,8917.0
597,13056.0,929.0,2471.0,6661.0
598,2989.0,410.0,-0.0,2069.0
599,2949.0,667.0,2119.0,8504.0
600,3601.0,387.0,-0.0,3684.0
601,5457.0,728.0,1939.0,7460.0
602,79440.0,5031.0,104177.0,170970.0
603,4972.0,540.0,2458.0,2044.0
604,6860.0,738.0,2607.0,7336.0
605,9440.0,412.0,949.0,11793.0
606,18205.0,1574.0,1043.0,18753.0
607,4126.0,672.0,2639.0,4762.0
608,5182.0,395.0,487.0,3686.0
609,7046.0,1023.0,3358.0,8050.0
610,4867.0,600.0,717.0,7676.0
611,6757.0,1708.0,2964.0,2909.0
612,2906.0,90.0,1287.0,6673.0
613,3916.0,1038.0,776.0,8066.0
614,4572.0,1149.0,1654.0,4844.0
615,3189.0,421.0,5989.0,20312.0
616,5865.0,684.0,1159.0,5107.0
617,30964.0,1897.0,4431.0,14515.0
618,9591.0,525.0,3175.0,6800.0
619,16797.0,1739.0,2613.0,8635.0
620,82216.0,6852.0,1385.0,13382.0
621,4122.0,278.0,3798.0,4988.0
622,3648.0,550.0,1876.0,4825.0
623,60255.0,3893.0,2953.0,10246.0
624,6273.0,518.0,2698.0,6714.0
625,18319.0,1986.0,906.0,6942.0
626,6856.0,829.0,1216.0,5465.0
627,6287.0,1239.0,2616.0,9522.0
628,3682.0,389.0,-0.0,5539.0
629,4291.0,231.0,2137.0,9033.0
630,2565.0,142.0,1787.0,8516.0
631,11818.0,1504.0,3808.0,13371.0
632,3962.0,573.0,2382.0,7151.0
633,10532.0,609.0,1918.0,6800.0
634,2494.0,342.0,2094.0,5736.0
635,4695.0,692.0,478.0,3521.0
636,29384.0,3762.0,6694.0,9920.0
637,36588.0,2636.0,3905.0,8148.0
638,2488.0,553.0,2300.0,7803.0
639,2716.0,601.0,1030.0,8978.0
640,8988.0,1232.0,1648.0,3116.0
641,3957.0,526.0,3219.0,9936.0
642,33232.0,2418.0,1589.0,7847.0
643,4943.0,714.0,1991.0,12953.0
644,25982.0,1066.0,1611.0,3439.0
645,6017.0,1467.0,1415.0,7187.0
646,7654.0,794.0,945.0,1761.0
647,17008.0,847.0,2293.0,5533.0
648,5168.0,1059.0,1612.0,4278.0
649,21646.0,2367.0,823.0,8989.0
650,8003.0,723.0,281.0,9146.0
651,19712.0,1533.0,3179.0,6632.0
652,5385.0,949.0,826.0,4984.0
653,3938.0,475.0,2128.0,6326.0
654,7743.0,1190.0,83.0,6121.0
655,3699.0,1016.0,2654.0,5929.0
656,30883.0,2290.0,3085.0,17685.0
657,3229.0,388.0,1714.0,1312.0
658,9208.0,409.0,2378.0,10444.0
659,4634.0,1290.0,1634.0,8636.0
660,2621.0,350.0,2902.0,10627.0
661,11404.0,449.0,1885.0,9417.0
662,38142.0,3886.0,2522.0,7603.0
663,3616.0,1885.0,1396.0,6087.0
664,8155.0,1127.0,1397.0,4899.0
665,7316.0,3011.0,82687.0,175625.0
666,7518.0,2785.0,1295.0,6623.0
667,6379.0,855.0,373.0,4307.0
668,7918.0,965.0,856.0,8731.0
669,4665.0,788.0,2322.0,1485.0
670,8947.0,1169.0,847.0,5455.0
671,7155.0,473.0,1489.0,10262.0
672,36544.0,2811.0,19456.0,55462.0
673,8231.0,845.0,925.0,8416.0
674,7859.0,448.0,2423.0,9045.0
675,3576.0,427.0,-0.0,3709.0
676,4217.0,1064.0,2340.0,11606.0
677,33799.0,3954.0,3048.0,13863.0
678,6433.0,887.0,2268.0,6043.0
679,21998.0,2511.0,2424.0,5532.0
680,2507.0,155.0,3260.0,14719.0
681,3680.0,1826.0,675.0,8998.0
682,41827.0,2709.0,3387.0,6380.0
683,5380.0,824.0,3156.0,3109.0
684,4619.0,565.0,1479.0,1934.0
685,6261.0,1017.0,944.0,10484.0
686,30675.0,2401.0,2705.0,11476.0
687,3001.0,1049.0,818.0,2015.0
688,6086.0,2146.0,4438.0,13466.0
689,2619.0,135.0,3165.0,11772.0
690,6117.0,558.0,2232.0,4464.0
691,5533.0,1112.0,2584.0,3757.0
692,22498.0,4116.0,24233.0,32620.0
693,34605.0,4354.0,2169.0,3867.0
694,4045.0,1521.0,627.0,2378.0
695,3447.0,1006.0,-0.0,3921.0
696,3254.0,626.0,2244.0,7304.0
697,17719.0,1354.0,2434.0,7438.0
698,4390.0,1326.0,1087.0,7355.0
699,3554.0,716.0,432.0,10615.0
700,7782.0,1392.0,1632.0,7343.0
701,4713.0,971.0,1261.0,4740.0
702,4536.0,1046.0,2010.0,3312.0
703,7910.0,698.0,704.0,10151.0
704,33636.0,2405.0,1537.0,7117.0
705,3877.0,1143.0,198.0,8663.0
706,7727.0,1633.0,1094.0,10644.0
707,3275.0,431.0,2223.0,7468.0
708,4316.0,326.0,1886.0,5311.0
709,4028.0,880.0,3141.0,8055.0
710,10682.0,507.0,2414.0,11454.0
711,5988.0,775.0,2358.0,10291.0
712,4364.0,151.0,4045.0,7721.0
713,6542.0,1639.0,2445.0,6748.0
714,2865.0,107.0,1960.0,7288.0
715,3616.0,1265.0,1493.0,11918.0
716,8066.0,776.0,1321.0,6048.0
717,22941.0,2571.0,1858.0,7724.0
718,20178.0,1263.0,859.0,7679.0
719,3534.0,590.0,2356.0,12263.0
720,31424.0,1626.0,1739.0,13056.0
721,6270.0,1465.0,413.0,282.0
722,3707.0,767.0,866.0,2938.0
723,7287.0,470.0,442.0,4604.0
724,20630.0,1663.0,1693.0,7943.0
725,3236.0,281.0,182.0,7022.0
726,45849.0,2499.0,1967.0,8699.0
727,4503.0,423.0,2712.0,1483.0
728,4343.0,394.0,5146.0,3776.0
729,6803.0,1020.0,2600.0,15463.0
730,10444.0,1783.0,-0.0,2637.0
731,5200.0,477.0,440.0,8473.0
732,7757.0,831.0,2375.0,4715.0
733,4061.0,465.0,1631.0,3186.0
734,7758.0,596.0,2213.0,7009.0
735,5079.0,1330.0,2560.0,4600.0
736,3769.0,1072.0,2121.0,4080.0
737,4348.0,82.0,2312.0,7944.0
738,6058.0,1486.0,2482.0,5564.0
739,6632.0,701.0,1078.0,5603.0
740,8721.0,1168.0,2540.0,3930.0
741,5411.0,575.0,822.0,12338.0
742,47105.0,3234.0,4541.0,8746.0
743,4652.0,817.0,2360.0,10338.0
744,6446.0,999.0,1055.0,9508.0
745,7765.0,345.0,3487.0,3276.0
746,5180.0,1059.0,1577.0,3948.0
747,3223.0,809.0,2237.0,5833.0
748,6785.0,1201.0,4424.0,3747.0
749,23694.0,2755.0,2773.0,4674.0
750,27832.0,2004.0,2291.0,8212.0
751,42904.0,5740.0,20359.0,58697.0
752,11673.0,909.0,574.0,7423.0
753,3822.0,739.0,582.0,11771.0
754,41503.0,2417.0,3781.0,12128.0
755,6443.0,216.0,2903.0,6501.0
756,5275.0,250.0,2046.0,8862.0
757,24646.0,2062.0,11207.0,11458.0
758,7416.0,471.0,2625.0,1704.0
759,8999.0,1857.0,1666.0,12851.0
760,3592.0,1333.0,503.0,617.0
761,29971.0,9432.0,31893.0,45302.0
762,3608.0,786.0,1498.0,8310.0
763,236856.0,70549.0,213193.0,335270.0
764,58220.0,2633.0,2139.0,6901.0
765,13137.0,1415.0,786.0,8724.0
766,7124.0,781.0,2134.0,10093.0
767,3587.0,357.0,882.0,7091.0
768,37194.0,4200.0,3618.0,10085.0
769,3421.0,661.0,1679.0,10991.0
770,36569.0,1883.0,5767.0,6623.0
771,3962.0,1111.0,466.0,669.0
772,3556.0,648.0,1918.0,6218.0
773,41009.0,2619.0,3466.0,2230.0
774,7390.0,785.0,-0.0,6432.0
775,2642.0,881.0,1906.0,1858.0
776,30108.0,2576.0,3513.0,7906.0
777,3847.0,261.0,2421.0,6007.0
778,4396.0,759.0,1270.0,5497.0
779,7088.0,249.0,3422.0,10929.0
780,7625.0,740.0,2474.0,3229.0
781,8483.0,3267.0,4536.0,1201.0
782,4516.0,860.0,1725.0,7608.0
783,2523.0,559.0,2034.0,11387.0
784,38484.0,3600.0,2000.0,14754.0
785,3905.0,670.0,2986.0,12703.0
786,24871.0,2211.0,3105.0,8429.0
787,15218.0,1068.0,1734.0,8153.0
788,15267.0,1126.0,1923.0,5321.0
789,5441.0,781.0,302.0,9198.0
790,44278.0,4464.0,1768.0,12007.0
791,5704.0,769.0,1177.0,4902.0
792,17981.0,1189.0,2078.0,11635.0
793,3320.0,220.0,1058.0,7607.0
794,5809.0,762.0,5348.0,7887.0
795,3922.0,489.0,3045.0,4029.0
796,16999.0,1806.0,3000.0,10308.0
797,14727.0,677.0,1344.0,14829.0
798,5298.0,1348.0,1335.0,4680.0
799,26833.0,1837.0,50717.0,30243.0
800,3934.0,957.0,2198.0,219.0
801,4196.0,758.0,864.0,-0.0
802,6183.0,1197.0,2999.0,7472.0
803,3380.0,369.0,804.0,9802.0
804,3904.0,160.0,2737.0,5839.0
805,2808.0,652.0,190.0,1924.0
806,10980.0,1191.0,1846.0,15111.0
807,4631.0,582.0,317.0,3411.0
808,5468.0,1411.0,1883.0,7389.0
809,5030.0,1194.0,1397.0,6119.0
810,24093.0,1977.0,2578.0,5734.0
811,5152.0,1131.0,2727.0,15338.0
812,17757.0,1216.0,1899.0,9750.0
813,2649.0,325.0,456.0,3841.0
814,4417.0,1322.0,651.0,12686.0
815,14651.0,532.0,1904.0,3959.0
816,6000.0,1146.0,2170.0,3797.0
817,5196.0,963.0,1599.0,4092.0
818,5380.0,1384.0,2505.0,8649.0
819,10363.0,1576.0,1050.0,4755.0
820,3494.0,585.0,2828.0,2190.0
821,11298.0,1374.0,1434.0,3243.0
822,3761.0,510.0,2025.0,3399.0
823,8702.0,1039.0,1363.0,10327.0
824,4838.0,135.0,882.0,4588.0
825,2617.0,370.0,1121.0,6658.0
826,7059.0,868.0,1707.0,5740.0
827,8988.0,1070.0,847.0,8062.0
828,7379.0,1450.0,2318.0,13359.0
829,3374.0,107.0,200.0,-0.0
830,5704.0,234.0,1313.0,13030.0
831,3474.0,162.0,1264.0,8789.0
832,10802.0,1488.0,1304.0,5480.0
833,4835.0,369.0,2222.0,9005.0
834,11857.0,920.0,1302.0,7866.0
835,11526.0,643.0,1821.0,11153.0
836,3194.0,402.0,1347.0,12546.0
837,27655.0,4061.0,6749.0,15498.0
838,9654.0,2350.0,3102.0,4307.0
839,6540.0,720.0,3058.0,7660.0
840,6331.0,1535.0,1226.0,-0.0
841,5044.0,450.0,942.0,3034.0
842,23769.0,2625.0,1617.0,9805.0
843,13989.0,1223.0,1526.0,2751.0
844,12318.0,957.0,2794.0,9563.0
845,3421.0,396.0,1094.0,8071.0
846,19428.0,3400.0,3157.0,9678.0
847,13443.0,469.0,2283.0,6487.0
848,4435.0,202.0,1029.0,1354.0
849,5505.0,923.0,2759.0,10303.0
850,6778.0,513.0,1417.0,3793.0
851,5430.0,975.0,3793.0,1747.0
852,34910.0,2997.0,5540.0,10185.0
853,4596.0,409.0,524.0,11176.0
854,22083.0,2156.0,7090.0,8081.0
855,3653.0,717.0,1448.0,7736.0
856,20701.0,2420.0,966.0,8874.0
857,4240.0,829.0,1873.0,16732.0
858,33490.0,2651.0,4862.0,15216.0
859,3446.0,181.0,3574.0,11195.0
860,30775.0,1713.0,3191.0,14473.0
861,2698.0,527.0,900.0,4533.0
862,4310.0,370.0,1228.0,4438.0
863,3370.0,692.0,3834.0,13972.0
864,22785.0,2965.0,2363.0,11165.0
865,23270.0,1730.0,2978.0,13198.0
866,2957.0,15.0,1582.0,10640.0
867,5922.0,103.0,2461.0,10419.0
868,2646.0,694.0,2240.0,8517.0
869,14490.0,1399.0,3507.0,5601.0
870,12637.0,1808.0,1623.0,4018.0
871,14569.0,1529.0,676.0,6018.0
872,9490.0,1084.0,2124.0,5142.0
873,5981.0,117.0,4103.0,14516.0
874,16159.0,1670.0,2893.0,9618.0
875,4205.0,728.0,2043.0,9446.0
876,41167.0,3785.0,3499.0,12042.0
877,3238.0,332.0,1976.0,13749.0
878,13215.0,1876.0,3135.0,8141.0
879,4320.0,642.0,606.0,1086.0
880,3653.0,910.0,2203.0,4275.0
881,2651.0,15.0,2182.0,8961.0
882,3598.0,1501.0,1264.0,11048.0
883,4639.0,389.0,1787.0,3964.0
884,4490.0,246.0,2293.0,4914.0
885,27227.0,1586.0,588.0,4753.0
886,29205.0,2753.0,855.0,8586.0
887,11009.0,858.0,2103.0,10929.0
888,4747.0,1137.0,1353.0,7076.0
889,19098.0,1769.0,1051.0,10655.0
890,5114.0,240.0,2027.0,8060.0
891,23714.0,2089.0,2262.0,11284.0
892,6344.0,381.0,767.0,9485.0
893,5020.0,476.0,377.0,7925.0
894,2841.0,256.0,2874.0,6535.0
895,14078.0,1018.0,1564.0,2741.0
896,31821.0,2726.0,3100.0,11739.0
897,14149.0,832.0,2187.0,4279.0
898,4147.0,782.0,3376.0,18292.0
899,3713.0,690.0,993.0,9245.0
900,21507.0,2765.0,3524.0,7249.0
901,7662.0,899.0,51.0,4395.0
902,22043.0,1701.0,1452.0,6825.0
903,2627.0,444.0,971.0,10061.0
904,19346.0,2350.0,3482.0,7247.0
905,8263.0,1348.0,3151.0,6761.0
906,2875.0,557.0,1396.0,5498.0
907,3784.0,778.0,1030.0,4219.0
908,4423.0,17.0,1365.0,6537.0
909,6777.0,903.0,2415.0,4173.0
910,9259.0,1720.0,2173.0,5810.0
911,6532.0,717.0,1622.0,3991.0
912,2870.0,563.0,1352.0,6940.0
913,23307.0,1495.0,2463.0,14828.0
914,3530.0,1131.0,916.0,7204.0
915,5848.0,472.0,2312.0,7481.0
916,3219.0,184.0,1513.0,802.0
917,7296.0,869.0,1949.0,7963.0
918,3966.0,1087.0,900.0,885.0
919,63785.0,4170.0,2112.0,12099.0
920,6075.0,1029.0,2356.0,4958.0
921,5389.0,1252.0,390.0,4758.0
922,2471.0,175.0,2039.0,6535.0
923,2641.0,194.0,1728.0,8179.0
924,14641.0,783.0,264.0,3518.0
925,26743.0,2817.0,3218.0,9510.0
926,9849.0,615.0,951.0,9430.0
927,16097.0,982.0,926.0,6698.0
928,6398.0,1161.0,3651.0,4785.0
929,3138.0,812.0,1643.0,10271.0
930,3232.0,913.0,1131.0,10341.0
931,84747.0,7812.0,8962.0,20461.0
932,13758.0,1735.0,1799.0,7285.0
933,3853.0,385.0,1368.0,7197.0
934,18790.0,6143.0,5919.0,15571.0
935,28619.0,1652.0,1686.0,4701.0
936,8890.0,542.0,786.0,536.0
937,10186.0,935.0,1540.0,7582.0
938,4737.0,548.0,3097.0,6191.0
939,8403.0,648.0,2596.0,7255.0
940,5374.0,395.0,2420.0,9032.0
941,7252.0,850.0,1732.0,7883.0
942,8500.0,1314.0,2718.0,11369.0
943,5501.0,1965.0,2419.0,9538.0
944,25569.0,2199.0,5363.0,7511.0
945,5681.0,318.0,2627.0,7059.0
946,7412.0,488.0,1535.0,8367.0
947,3881.0,364.0,456.0,1446.0
948,48641.0,3692.0,2559.0,12835.0
949,21542.0,2489.0,2191.0,6950.0
950,6588.0,1375.0,2174.0,3859.0
951,50485.0,7306.0,9639.0,61821.0
952,21783.0,4337.0,5686.0,21946.0
953,16360.0,1227.0,3323.0,7924.0
954,5890.0,1070.0,2526.0,5586.0
955,3222.0,132.0,1935.0,6221.0
956,35353.0,15322.0,34729.0,35878.0
957,19502.0,2131.0,2502.0,4573.0
958,29458.0,1876.0,1622.0,9062.0
959,4868.0,1192.0,587.0,11126.0
960,8536.0,845.0,1917.0,12205.0
961,3989.0,256.0,1073.0,17255.0
962,7586.0,1148.0,994.0,7491.0
963,4993.0,232.0,2318.0,8924.0
964,4155.0,893.0,2363.0,6209.0
965,3452.0,589.0,2208.0,6954.0
966,11960.0,1653.0,279.0,9842.0
967,7582.0,536.0,1316.0,48.0
968,18226.0,776.0,1181.0,5204.0
969,9162.0,1081.0,2562.0,11831.0
970,15851.0,1713.0,1860.0,2706.0
971,6687.0,872.0,2306.0,7610.0
972,12573.0,1182.0,2017.0,8389.0
973,4431.0,709.0,1620.0,6360.0
974,3888.0,1581.0,2338.0,5391.0
975,5427.0,416.0,1630.0,4522.0
976,4876.0,207.0,2648.0,-0.0
977,8806.0,985.0,1474.0,1149.0
978,13183.0,442.0,1287.0,8513.0
979,19085.0,1659.0,2002.0,9354.0
980,6676.0,776.0,2667.0,9068.0
981,4077.0,953.0,895.0,6198.0
982,7431.0,1304.0,1961.0,8668.0
983,11692.0,638.0,1156.0,5634.0
984,16010.0,467.0,2436.0,3279.0
985,7005.0,544.0,1975.0,4582.0
986,12675.0,1467.0,399.0,2147.0
987,10041.0,1085.0,4375.0,5781.0
988,2556.0,397.0,324.0,207.0
989,4110.0,838.0,633.0,3891.0
990,4771.0,804.0,3218.0,13853.0
991,10498.0,1269.0,922.0,6598.0
992,12585.0,1259.0,2316.0,8578.0
993,4236.0,751.0,2092.0,5779.0
994,37843.0,1982.0,3232.0,4715.0
995,3644.0,1366.0,228892.0,641165.0
996,3044.0,807.0,509.0,3927.0
997,20893.0,2314.0,2546.0,8544.0
998,10236.0,1500.0,1400.0,7968.0
999,2514.0,913.0,1072.0,5142.0
1000,6336.0,675.0,2245.0,7837.0
1001,4606.0,1443.0,2703.0,3996.0
1002,7853.0,716.0,1940.0,3099.0
1003,3908.0,2032.0,2541.0,12513.0
1004,4635.0,1352.0,1472.0,7125.0
1005,3865.0,196.0,469.0,13579.0
1006,13021.0,1662.0,2798.0,8082.0
1007,13278.0,1115.0,860.0,6645.0
1008,3576.0,919.0,1375.0,6272.0
1009,23407.0,2203.0,1097.0,9360.0
1010,13627.0,821.0,2005.0,4637.0
1011,3744.0,865.0,905.0,4480.0
1012,3323.0,861.0,776.0,14054.0
1013,4333.0,574.0,970.0,6781.0
1014,3274.0,463.0,1205.0,8045.0
1015,8443.0,1071.0,99.0,9320.0
1016,3882.0,813.0,3056.0,5646.0
1017,8563.0,1087.0,1988.0,7008.0
1018,6158.0,687.0,4046.0,8350.0
1019,15619.0,438.0,2924.0,7046.0
1020,7102.0,457.0,1250.0,10303.0
1021,7202.0,1289.0,1395.0,8514.0
1022,6556.0,607.0,2034.0,6145.0
1023,9988.0,764.0,1653.0,11258.0
1024,2561.0,626.0,1941.0,7140.0
1025,4420.0,503.0,2058.0,605.0
1026,4627.0,252.0,2689.0,4212.0
1027,4321.0,695.0,263.0,6839.0
1028,34510.0,10163.0,5027.0,22243.0
1029,3290.0,641.0,3709.0,3613.0
1030,21434.0,1226.0,1832.0,11642.0
1031,4306.0,742.0,4169.0,7180.0
1032,8829.0,799.0,1770.0,6446.0
1033,7786.0,531.0,3109.0,10041.0
1034,13662.0,660.0,1160.0,12876.0
1035,5546.0,375.0,384.0,6016.0
1036,6098.0,678.0,3948.0,10271.0
1037,7044.0,1310.0,1715.0,6738.0
1038,27383.0,1838.0,5579.0,3271.0
1039,21765.0,1511.0,2535.0,5319.0
1040,10067.0,1868.0,3588.0,4929.0
1041,4300.0,816.0,290.0,3539.0
1042,3931.0,1451.0,2560.0,10356.0
1043,11643.0,735.0,2047.0,11190.0
1044,3785.0,338.0,907.0,7530.0
1045,45533.0,2933.0,2014.0,8700.0
1046,6521.0,992.0,741.0,7188.0
1047,7517.0,1565.0,2333.0,6908.0
1048,28539.0,3184.0,4058.0,13648.0
1049,20675.0,1655.0,1849.0,3401.0
1050,5568.0,793.0,2500.0,5641.0
1051,6376.0,983.0,883.0,1498.0
1052,4807.0,498.0,2047.0,479.0
1053,3797.0,890.0,986.0,9080.0
1054,4246.0,814.0,548.0,3094.0
1055,23170.0,1714.0,1117.0,8561.0
1056,11304.0,1150.0,1334.0,12592.0
1057,10334.0,917.0,2925.0,13539.0
1058,3914.0,522.0,-0.0,9222.0
1059,2753.0,317.0,-0.0,7734.0
1060,4896.0,467.0,2827.0,11748.0
1061,4139.0,384.0,2607.0,13087.0
1062,7406.0,405.0,809.0,5437.0
1063,5044.0,879.0,1719.0,1922.0
1064,2556.0,438.0,592.0,6325.0
1065,5365.0,742.0,2528.0,7274.0
1066,6606.0,655.0,2676.0,6205.0
1067,28538.0,3001.0,4898.0,3959.0
1068,6820.0,69.0,572.0,4759.0
1069,6908.0,466.0,2055.0,4822.0
1070,10417.0,929.0,3455.0,7873.0
1071,15247.0,1673.0,1855.0,11856.0
1072,2734.0,524.0,3547.0,6501.0
1073,32567.0,1613.0,2371.0,9153.0
1074,23800.0,2438.0,2899.0,6432.0
1075,34375.0,3733.0,3133.0,8207.0
1076,3739.0,850.0,1138.0,6119.0
1077,4472.0,784.0,2032.0,11744.0
1078,4306.0,524.0,2226.0,14411.0
1079,3784.0,613.0,778.0,12423.0
1080,3296.0,527.0,1211.0,12213.0
1081,2787.0,443.0,623.0,9571.0
1082,11833.0,1672.0,1677.0,5535.0
1083,7601.0,1039.0,798.0,3436.0
1084,27121.0,2825.0,2689.0,11244.0
1085,4710.0,978.0,3397.0,14477.0
1086,4558.0,531.0,2372.0,8751.0
1087,4302.0,241.0,1667.0,4643.0
1088,99838.0,22107.0,35814.0,34556.0
1089,8360.0,869.0,2900.0,10490.0
1090,13904.0,2439.0,3675.0,12192.0
1091,8131.0,837.0,2391.0,3717.0
1092,5691.0,730.0,3362.0,17472.0
1093,34045.0,5218.0,3452.0,2677.0
1094,31191.0,2457.0,1507.0,5581.0
1095,14518.0,1574.0,1651.0,5584.0
1096,38237.0,2997.0,5281.0,5335.0
1097,2888.0,734.0,2556.0,2407.0
1098,3462.0,921.0,2552.0,11963.0
1099,5822.0,1011.0,3308.0,9297.0
1100,4579.0,506.0,1111.0,4969.0
1101,8842.0,926.0,1220.0,10775.0
1102,6132.0,1650.0,756.0,9180.0
1103,10796.0,666.0,2602.0,10053.0
1104,27856.0,1202.0,3888.0,10963.0
1105,5705.0,1012.0,3258.0,7856.0
1106,5610.0,1607.0,483.0,7866.0
1107,55228.0,4842.0,3976.0,13369.0
1108,3622.0,1571.0,1775.0,9569.0
1109,52240.0,4348.0,3921.0,6073.0
1110,23595.0,1178.0,1503.0,12720.0
1111,6872.0,1067.0,3270.0,3830.0
1112,3255.0,1050.0,2385.0,10275.0
1113,5098.0,1086.0,257.0,6186.0
1114,4836.0,793.0,1171.0,7172.0
1115,2603.0,681.0,1795.0,9162.0
1116,4280.0,531.0,3266.0,6876.0
1117,6806.0,995.0,2522.0,7032.0
1118,13486.0,815.0,1969.0,11786.0
1119,3661.0,489.0,2312.0,8586.0
1120,3096.0,714.0,1207.0,7722.0
1121,4536.0,681.0,1080.0,7730.0
1122,4021.0,685.0,1762.0,11534.0
1123,31802.0,2984.0,2471.0,7480.0
1124,30092.0,1984.0,1583.0,9622.0
1125,5325.0,434.0,2178.0,6816.0
1126,5395.0,1320.0,-0.0,6703.0
1127,2515.0,788.0,491.0,10695.0
1128,7298.0,1594.0,2223.0,2885.0
1129,4403.0,1014.0,945.0,7855.0
1130,5721.0,1644.0,2422.0,7795.0
1131,9638.0,1035.0,425.0,5126.0
1132,11908.0,2401.0,875.0,4185.0
1133,7467.0,1309.0,2344.0,10779.0
1134,4151.0,707.0,709.0,419.0
1135,5034.0,629.0,877.0,4441.0
1136,28812.0,1326.0,2622.0,4375.0
1137,8835.0,838.0,1432.0,8749.0
1138,2998.0,1241.0,5454.0,6506.0
1139,24808.0,1561.0,3122.0,10829.0
1140,13806.0,1567.0,904.0,13033.0
1141,6610.0,781.0,1314.0,11782.0
1142,2856.0,875.0,631.0,6786.0
1143,3930.0,673.0,2481.0,7098.0
1144,33784.0,1851.0,1170.0,7072.0
1145,39179.0,2518.0,141121.0,133706.0
1146,5193.0,1420.0,2373.0,7562.0
1147,2600.0,1366.0,2570.0,6548.0
1148,134884.0,9866.0,223049.0,220163.0
1149,16561.0,2369.0,2959.0,7272.0
1150,18078.0,2599.0,1901.0,4729.0
1151,2841.0,231.0,730.0,174.0
1152,2515.0,543.0,2224.0,9688.0
1153,14665.0,1331.0,1528.0,8574.0
1154,3918.0,631.0,1229.0,5616.0
1155,7567.0,537.0,-0.0,5830.0
1156,5923.0,994.0,1808.0,8422.0
1157,4610.0,981.0,3102.0,12358.0
1158,5557.0,1051.0,1544.0,4037.0
1159,17448.0,2143.0,1285.0,3557.0
1160,7015.0,627.0,1026.0,3438.0
1161,3665.0,1082.0,2101.0,12880.0
1162,11243.0,233.0,531.0,8093.0
1163,42371.0,3065.0,3166.0,7640.0
1164,6437.0,1342.0,1990.0,3121.0
1165,4243.0,540.0,1306.0,10041.0
1166,32100.0,2313.0,2001.0,6845.0
1167,2528.0,321.0,1669.0,10119.0
1168,3755.0,77.0,1100.0,9576.0
1169,86002.0,4966.0,8876.0,20639.0
1170,10726.0,1141.0,2422.0,2760.0
1171,6696.0,1113.0,2648.0,11259.0
1172,22348.0,2513.0,1952.0,16049.0
1173,3572.0,427.0,1408.0,8032.0
1174,6268.0,1294.0,698.0,8509.0
1175,4002.0,1128.0,486.0,6491.0
1176,38864.0,2276.0,4101.0,11251.0
1177,9484.0,829.0,1232.0,3030.0
1178,6361.0,726.0,3095.0,17354.0
1179,4061.0,426.0,2409.0,3769.0
1180,23351.0,2676.0,3002.0,9426.0
1181,12583.0,779.0,1977.0,10150.0
1182,2541.0,192.0,1446.0,8297.0
1183,5124.0,508.0,2477.0,3573.0
1184,2678.0,1416.0,1589.0,4880.0
1185,7898.0,1247.0,1461.0,5353.0
1186,20184.0,1731.0,1537.0,9067.0
1187,4257.0,1180.0,1686.0,12405.0
1188,6564.0,613.0,1817.0,12769.0
1189,13621.0,1690.0,3207.0,7752.0
1190,4903.0,818.0,2676.0,9097.0
1191,9589.0,1254.0,1513.0,10289.0
1192,14843.0,1258.0,2966.0,9891.0
1193,4129.0,258.0,1581.0,13604.0
1194,7239.0,1224.0,1402.0,5980.0
1195,6579.0,810.0,2628.0,4335.0
1196,4569.0,1585.0,2557.0,9615.0
1197,8484.0,898.0,1427.0,4529.0
1198,3938.0,1290.0,2729.0,3529.0
1199,4813.0,675.0,3419.0,15888.0
1200,4246.0,1277.0,1949.0,5755.0
1201,39670.0,3557.0,10938.0,11322.0
1202,8422.0,1559.0,1436.0,3305.0
1203,4218.0,253.0,1706.0,4182.0
1204,4641.0,1508.0,1882.0,11053.0
1205,15161.0,1032.0,1167.0,8400.0
1206,9110.0,1686.0,993.0,4860.0
1207,23519.0,1310.0,3764.0,6985.0
1208,11634.0,1813.0,2658.0,4444.0
1209,13881.0,1284.0,1648.0,8850.0
1210,61659.0,11919.0,26272.0,40447.0
1211,5615.0,856.0,3018.0,10972.0
1212,2595.0,721.0,2589.0,3555.0
1213,2936.0,1550.0,272433.0,681192.0
1214,23141.0,1545.0,2244.0,3411.0
1215,3872.0,681.0,3428.0,7719.0
1216,4498.0,730.0,1926.0,6039.0
1217,2743.0,1063.0,1864.0,12532.0
1218,2976.0,535.0,3034.0,3952.0
1219,8295.0,837.0,3359.0,6864.0
1220,3723.0,776.0,1384.0,4198.0
1221,5899.0,984.0,860.0,9257.0
1222,3722.0,616.0,938.0,5679.0
1223,4583.0,1477.0,727.0,8558.0
1224,22208.0,2707.0,2782.0,5451.0
1225,23963.0,2478.0,2836.0,6486.0
1226,5679.0,865.0,1952.0,4692.0
1227,6013.0,358.0,3671.0,13115.0
1228,3833.0,352.0,1275.0,6331.0
1229,6715.0,1108.0,737.0,4528.0
1230,5248.0,361.0,1634.0,4047.0
1231,4426.0,1002.0,3674.0,10295.0
1232,13595.0,1300.0,2822.0,9643.0
1233,3605.0,1093.0,3659.0,1305.0
1234,6174.0,854.0,1250.0,2647.0
1235,27783.0,3312.0,15988.0,6437.0
1236,13727.0,1539.0,1018.0,9222.0
1237,5728.0,1331.0,1112.0,16740.0
1238,6829.0,929.0,2175.0,11839.0
1239,4285.0,367.0,1376.0,5404.0
1240,8038.0,939.0,2755.0,7912.0
1241,3485.0,2010.0,1916.0,5702.0
1242,3965.0,427.0,1147.0,2451.0
1243,19861.0,2911.0,511.0,7095.0
1244,17202.0,1639.0,1236.0,10784.0
1245,3238.0,493.0,1507.0,5024.0
1246,30868.0,1855.0,1936.0,5256.0
1247,23969.0,987.0,2956.0,10155.0
1248,28817.0,3510.0,2530.0,6732.0
1249,5617.0,692.0,2379.0,4747.0
1250,16232.0,1143.0,2661.0,11550.0
1251,2733.0,868.0,1887.0,4987.0
1252,8156.0,1024.0,2424.0,4603.0
1253,4464.0,675.0,806.0,17604.0
1254,12142.0,1146.0,2021.0,10400.0
1255,7902.0,1147.0,2803.0,6401.0
1256,4055.0,1090.0,2349.0,6402.0
1257,52634.0,4160.0,2196.0,10549.0
1258,3411.0,709.0,2150.0,12058.0
1259,3826.0,359.0,-0.0,-0.0
1260,3886.0,1099.0,2004.0,6108.0
1261,8629.0,945.0,1866.0,15087.0
1262,16047.0,1005.0,1601.0,10449.0
1263,9452.0,959.0,1679.0,-0.0
1264,5331.0,1522.0,1215.0,4384.0
1265,6770.0,845.0,1967.0,8693.0
1266,12653.0,391.0,1645.0,6339.0
1267,5964.0,1171.0,3034.0,12447.0
1268,3062.0,786.0,2920.0,9606.0
1269,6782.0,1519.0,1023.0,10842.0
1270,22220.0,2340.0,1525.0,11933.0
1271,3891.0,1588.0,1004.0,5249.0
1272,3949.0,418.0,2320.0,9950.0
1273,7043.0,899.0,1935.0,8640.0
1274,9048.0,649.0,436.0,7355.0
1275,12586.0,1101.0,1817.0,6171.0
1276,18858.0,2688.0,-0.0,3848.0
1277,4432.0,111.0,996.0,7923.0
1278,4659.0,521.0,1249.0,9799.0
1279,3016.0,766.0,1829.0,9270.0
1280,10962.0,864.0,3515.0,7682.0
1281,4475.0,1571.0,1780.0,9038.0
1282,4160.0,1073.0,711.0,6834.0
1283,8701.0,683.0,4219.0,9756.0
1284,4010.0,560.0,818.0,9607.0
1285,4679.0,1135.0,1425.0,3948.0
1286,4690.0,743.0,3651.0,10737.0
1287,16339.0,1450.0,1091.0,8022.0
1288,7051.0,1735.0,-0.0,1222.0
1289,8940.0,1885.0,1648.0,7905.0
1290,12449.0,860.0,1162.0,8240.0
1291,6735.0,710.0,2872.0,6074.0
1292,27265.0,2555.0,3700.0,4102.0
1293,145542.0,14488.0,5722.0,24397.0
1294,2602.0,660.0,1747.0,12038.0
1295,3494.0,1617.0,2404.0,10525.0
1296,9513.0,1491.0,194.0,7582.0
1297,5769.0,1449.0,791.0,2884.0
1298,18018.0,2519.0,2107.0,7749.0
1299,4011.0,845.0,2386.0,5967.0
1300,4979.0,1044.0,222.0,2826.0
1301,5270.0,188.0,1002.0,5962.0
1302,4742.0,804.0,1596.0,7261.0
1303,19479.0,1724.0,1525.0,8754.0
1304,3965.0,361.0,1720.0,5221.0
1305,5787.0,799.0,774.0,9604.0
1306,17333.0,1277.0,1863.0,10620.0
1307,4536.0,752.0,3613.0,4261.0
1308,11795.0,1061.0,1670.0,6475.0
1309,6667.0,540.0,904.0,497.0
1310,17975.0,1028.0,2839.0,8103.0
1311,3087.0,1412.0,2643.0,8817.0
1312,10163.0,1893.0,1064.0,9555.0
1313,8653.0,1134.0,-0.0,5824.0
1314,6798.0,1154.0,1086.0,9101.0
1315,5038.0,386.0,1629.0,14147.0
1316,8954.0,1699.0,887.0,7724.0
1317,5792.0,1016.0,1471.0,3263.0
1318,40939.0,3534.0,1535.0,10794.0
1319,4690.0,1096.0,1444.0,9865.0
1320,4481.0,1098.0,1241.0,5188.0
1321,8802.0,1829.0,390.0,4187.0
1322,12488.0,884.0,2359.0,9046.0
1323,7537.0,649.0,3167.0,5241.0
1324,12302.0,943.0,3020.0,12198.0
1325,3494.0,56.0,1642.0,4401.0
1326,3824.0,546.0,864.0,8049.0
1327,2908.0,325.0,2443.0,3528.0
1328,31978.0,3282.0,8227.0,10414.0
1329,7790.0,850.0,1127.0,2540.0
1330,3710.0,305.0,3368.0,3696.0
1331,6539.0,743.0,2010.0,2760.0
1332,4865.0,652.0,1134.0,5483.0
1333,3822.0,671.0,1569.0,4010.0
1334,7211.0,600.0,1701.0,8621.0
1335,5070.0,511.0,3553.0,4448.0
1336,28275.0,3808.0,1279.0,6410.0
1337,5751.0,1062.0,4469.0,6259.0
1338,21123.0,1251.0,2815.0,9999.0
1339,15737.0,1959.0,2077.0,10698.0
1340,22401.0,1921.0,1787.0,9430.0
1341,4058.0,214.0,1868.0,11461.0
1342,5089.0,1770.0,6266.0,9206.0
1343,67400.0,7649.0,102362.0,108379.0
1344,4539.0,629.0,1102.0,6476.0
1345,6047.0,901.0,1607.0,7134.0
1346,27873.0,2065.0,6191.0,6236.0
1347,23385.0,2641.0,1755.0,6643.0
1348,21709.0,5330.0,5693.0,15746.0
1349,5730.0,1260.0,1149.0,6887.0
1350,11017.0,1048.0,1730.0,12059.0
1351,8930.0,296.0,3980.0,10470.0
1352,2870.0,767.0,2458.0,7102.0
1353,29224.0,2775.0,2640.0,10049.0
1354,4508.0,756.0,2576.0,5845.0
1355,5615.0,1067.0,1204.0,4244.0
1356,4088.0,719.0,1004.0,8398.0
1357,19934.0,1340.0,2929.0,8249.0
1358,5077.0,732.0,1726.0,6367.0
1359,4185.0,532.0,2708.0,10452.0
1360,5872.0,336.0,1844.0,6143.0
1361,5290.0,1237.0,1658.0,5802.0
1362,6952.0,1045.0,601.0,9974.0
1363,3564.0,386.0,2058.0,5558.0
1364,4132.0,707.0,191.0,3272.0
1365,24593.0,4040.0,3767.0,10647.0
1366,30619.0,3015.0,1045.0,12537.0
1367,3217.0,663.0,1181.0,9373.0
1368,6109.0,956.0,1021.0,8389.0
1369,29786.0,2021.0,2839.0,9059.0
1370,4280.0,751.0,3729.0,8440.0
1371,16522.0,2067.0,2946.0,6799.0
1372,4516.0,852.0,2125.0,8121.0
1373,4456.0,149.0,1839.0,7527.0
1374,7334.0,1156.0,3468.0,7502.0
1375,6796.0,577.0,2428.0,16183.0
1376,4413.0,696.0,2300.0,3770.0
1377,8371.0,679.0,2100.0,8529.0
1378,16637.0,1713.0,2873.0,6964.0
1379,4120.0,1326.0,2320.0,7065.0
1380,10853.0,810.0,2252.0,11399.0
1381,20385.0,3468.0,2704.0,19886.0
1382,5155.0,18.0,2127.0,9101.0
1383,38204.0,3275.0,2816.0,9366.0
1384,13171.0,967.0,3401.0,10892.0
1385,22361.0,2688.0,6495.0,10691.0
1386,16837.0,1161.0,1652.0,4410.0
1387,7705.0,1013.0,915.0,4792.0
1388,14918.0,1274.0,1969.0,12143.0
1389,10323.0,256.0,2091.0,7672.0
1390,2950.0,268.0,908.0,5058.0
1391,5309.0,538.0,482.0,7712.0
1392,8822.0,329.0,3124.0,10838.0
1393,49534.0,2832.0,4324.0,11733.0
1394,3580.0,142.0,3199.0,4288.0
1395,3497.0,1000.0,2615.0,12213.0
1396,19831.0,1819.0,5095.0,8029.0
1397,10402.0,1608.0,1605.0,4706.0
1398,16183.0,2524.0,1222.0,6419.0
1399,9432.0,649.0,938.0,1846.0
1400,7368.0,1151.0,2440.0,6644.0
1401,9681.0,1392.0,2051.0,-0.0
1402,14174.0,2152.0,1601.0,11907.0
1403,4775.0,675.0,856.0,3328.0
1404,3605.0,357.0,2775.0,5308.0
1405,5364.0,3029.0,2095.0,6610.0
1406,4445.0,322.0,3459.0,4276.0
1407,2476.0,391.0,848.0,3489.0
1408,5104.0,554.0,776.0,4020.0
1409,5604.0,1422.0,1900.0,9934.0
1410,2896.0,205.0,1530.0,3277.0
1411,4403.0,676.0,1596.0,7895.0
1412,19547.0,1855.0,2263.0,7887.0
1413,15410.0,1216.0,1413.0,14109.0
1414,5551.0,533.0,2811.0,13953.0
1415,211838.0,63399.0,6848.0,206666.0
1416,12969.0,691.0,2563.0,13135.0
1417,5513.0,246.0,2137.0,2126.0
1418,4550.0,704.0,-0.0,6543.0
1419,6463.0,901.0,2708.0,9156.0
1420,3833.0,1008.0,1638.0,9540.0
1421,3245.0,718.0,1714.0,7111.0
1422,2497.0,118.0,1524.0,6961.0
1423,2555.0,909.0,725.0,7243.0
1424,36529.0,2734.0,16534.0,66836.0
1425,6133.0,870.0,3010.0,4483.0
1426,10059.0,701.0,2682.0,16685.0
1427,4840.0,509.0,3729.0,12207.0
1428,6505.0,290.0,2469.0,5140.0
1429,8869.0,1225.0,1681.0,8971.0
1430,3329.0,157.0,1750.0,6640.0
1431,9848.0,1119.0,1154.0,12835.0
1432,23868.0,1366.0,2575.0,9960.0
1433,38951.0,5503.0,3850.0,10965.0
1434,14125.0,876.0,2936.0,4536.0
1435,4662.0,411.0,2050.0,16991.0
1436,40095.0,7478.0,12186.0,24113.0
1437,4029.0,717.0,1544.0,928.0
1438,22509.0,963.0,1292.0,649.0
1439,4685.0,49.0,1962.0,10370.0
1440,5471.0,226.0,1835.0,2306.0
1441,6605.0,119.0,481.0,12311.0
1442,5846.0,337.0,2146.0,7155.0
1443,6327.0,692.0,1501.0,2513.0
1444,4922.0,803.0,2736.0,7142.0
1445,13811.0,1092.0,1644.0,3606.0
1446,13486.0,714.0,3741.0,12612.0
1447,2563.0,520.0,1500.0,3421.0
1448,3398.0,161.0,3320.0,12926.0
1449,9482.0,946.0,2291.0,6886.0
1450,4920.0,261.0,1863.0,7989.0
1451,6124.0,1104.0,3338.0,5893.0
1452,5023.0,968.0,2865.0,6367.0
1453,3649.0,201.0,3108.0,2890.0
1454,4399.0,566.0,2010.0,8181.0
1455,5637.0,473.0,445.0,2479.0
1456,5171.0,982.0,657.0,5777.0
1457,3465.0,546.0,2836.0,5431.0
1458,14037.0,1033.0,2190.0,8015.0
1459,9001.0,1601.0,1536.0,7470.0
1460,21881.0,1946.0,3915.0,6614.0
1461,5655.0,1097.0,995.0,5016.0
1462,4603.0,655.0,1928.0,7106.0
1463,3775.0,654.0,2173.0,1400.0
1464,4969.0,519.0,1222.0,1742.0
1465,16128.0,1378.0,1705.0,5243.0
1466,41226.0,3361.0,1357.0,9501.0
1467,19490.0,2727.0,2013.0,6349.0
1468,4517.0,1452.0,1679.0,4100.0
1469,4001.0,796.0,1972.0,7372.0
1470,4154.0,428.0,2096.0,7961.0
1471,5704.0,645.0,1709.0,16758.0
1472,7325.0,4452.0,3859.0,13649.0
1473,3874.0,616.0,1709.0,3093.0
1474,2481.0,232.0,3261.0,15616.0
1475,4715.0,316.0,3138.0,1022.0
1476,8472.0,1694.0,2146.0,4630.0
1477,20354.0,1715.0,5445.0,12841.0
1478,34290.0,3092.0,3454.0,13807.0
1479,2978.0,275.0,1404.0,2998.0
1480,3058.0,355.0,2374.0,7658.0
1481,6131.0,800.0,2255.0,11081.0
1482,4799.0,1802.0,1934.0,8103.0
1483,3503.0,160.0,617.0,2469.0
1484,4186.0,358.0,1394.0,11595.0
1485,4508.0,635.0,880.0,7183.0
1486,2828.0,285.0,1493.0,14779.0
1487,2530.0,86.0,-0.0,3743.0
1488,3608.0,410.0,1899.0,1307.0
1489,13016.0,765.0,1779.0,6140.0
1490,3476.0,416.0,2902.0,11981.0
1491,9153.0,964.0,864.0,4401.0
1492,3932.0,782.0,1881.0,3026.0
1493,22875.0,1187.0,1313.0,11821.0
1494,9786.0,1619.0,1534.0,1137.0
1495,5281.0,762.0,3133.0,11945.0
1496,31960.0,3893.0,12480.0,23324.0
1497,4575.0,399.0,117.0,6912.0
1498,3825.0,820.0,-0.0,3700.0
1499,30830.0,1960.0,3394.0,9038.0
1500,4132.0,367.0,1323.0,9149.0
1501,5590.0,1639.0,1601.0,6349.0
1502,3708.0,1233.0,489.0,2579.0
1503,8450.0,663.0,901.0,6362.0
1504,25053.0,1258.0,2925.0,7620.0
1505,4015.0,618.0,3246.0,17704.0
1506,27013.0,3341.0,1033.0,8992.0
1507,4373.0,332.0,2752.0,5434.0
1508,22252.0,1812.0,1595.0,8153.0
1509,6765.0,1479.0,5977.0,7268.0
1510,3734.0,798.0,353.0,2742.0
1511,3418.0,261.0,1259.0,-0.0
1512,8301.0,1015.0,2873.0,7957.0
1513,27155.0,2288.0,2356.0,7026.0
1514,23295.0,1369.0,2496.0,10202.0
1515,4613.0,255.0,2467.0,7578.0
1516,4977.0,1283.0,4515.0,5245.0
1517,3581.0,1513.0,1296.0,1806.0
1518,2614.0,666.0,783.0,1356.0
1519,4209.0,438.0,2482.0,8012.0
1520,3523.0,1026.0,2108.0,8909.0
1521,5431.0,1091.0,2703.0,10221.0
1522,142736.0,16724.0,32042.0,39934.0
1523,28662.0,2806.0,1423.0,4949.0
1524,20920.0,2165.0,2396.0,7995.0
1525,22048.0,2257.0,6250.0,11332.0
1526,22974.0,2714.0,2122.0,15339.0
1527,4470.0,1168.0,2555.0,10708.0
1528,5721.0,454.0,1940.0,5348.0
1529,2980.0,785.0,1550.0,-0.0
1530,19823.0,1212.0,733.0,1565.0
1531,29753.0,1572.0,3197.0,9195.0
1532,3683.0,45.0,3284.0,5975.0
1533,106674.0,27228.0,47527.0,80610.0
1534,16208.0,1028.0,496.0,7661.0
1535,13435.0,1389.0,3239.0,4246.0
1536,3684.0,180.0,1038.0,8549.0
1537,18508.0,945.0,3012.0,9130.0
1538,8021.0,909.0,2535.0,-0.0
1539,12088.0,1161.0,2340.0,5863.0
1540,5260.0,681.0,2110.0,4309.0
1541,17835.0,1190.0,1861.0,17964.0
1542,3573.0,421.0,519.0,5265.0
1543,19992.0,1638.0,23023.0,19486.0
1544,71204.0,4374.0,7211.0,22015.0
1545,7289.0,586.0,1629.0,1474.0
1546,3200.0,261.0,2012.0,7872.0
1547,8996.0,1833.0,1438.0,6230.0
1548,35567.0,5040.0,2390.0,9909.0
1549,6310.0,294.0,385.0,4846.0
1550,3368.0,987.0,45.0,5573.0
1551,4752.0,485.0,1842.0,7393.0
1552,5387.0,1086.0,2225.0,9041.0
1553,4592.0,390.0,319.0,3453.0
1554,2530.0,706.0,2252.0,14295.0
1555,7719.0,1390.0,4220.0,326.0
1556,10066.0,701.0,1789.0,5650.0
1557,21986.0,1885.0,2331.0,5698.0
1558,13487.0,1857.0,1952.0,21717.0
1559,14807.0,2135.0,4033.0,10684.0
1560,4349.0,970.0,2614.0,11555.0
1561,3978.0,1125.0,1196.0,10114.0
1562,19592.0,2035.0,1815.0,7113.0
1563,7685.0,606.0,466.0,5550.0
1564,16157.0,511.0,-0.0,4738.0
1565,3781.0,199.0,1648.0,5739.0
1566,7365.0,1304.0,1106.0,5707.0
1567,9323.0,1351.0,754.0,4760.0
1568,59234.0,4654.0,2769.0,14437.0
1569,4575.0,556.0,921.0,2343.0
1570,5977.0,1653.0,998.0,4527.0
1571,4471.0,1046.0,2014.0,7741.0
1572,4399.0,342.0,2162.0,2838.0
1573,5162.0,1000.0,3048.0,11427.0
1574,13685.0,1120.0,1961.0,6907.0
1575,3364.0,272.0,1339.0,7235.0
1576,7759.0,1007.0,2316.0,10865.0
1577,29396.0,1857.0,1575.0,7402.0
1578,15924.0,1824.0,1661.0,7817.0
1579,8465.0,310.0,1786.0,9552.0
1580,15136.0,2237.0,3015.0,3725.0
1581,2893.0,530.0,1872.0,11304.0
1582,9832.0,1127.0,1178.0,10336.0
1583,5072.0,216.0,2112.0,7398.0
1584,10729.0,2165.0,3560.0,2675.0
1585,5448.0,1239.0,2517.0,13726.0
1586,4511.0,1179.0,215.0,-0.0
1587,4318.0,679.0,939.0,7291.0
1588,11153.0,2240.0,2425.0,11946.0
1589,4942.0,465.0,2439.0,8354.0
1590,29331.0,3832.0,3904.0,13780.0
1591,21589.0,2274.0,463.0,11091.0
1592,30393.0,2319.0,1910.0,3739.0
1593,7424.0,483.0,3343.0,5316.0
1594,6925.0,1660.0,1165.0,3291.0
1595,13563.0,1908.0,2547.0,11997.0
1596,5735.0,745.0,1792.0,13568.0
1597,7975.0,1124.0,3040.0,10019.0
1598,3799.0,595.0,2436.0,7116.0
1599,25772.0,1641.0,882.0,4536.0
1600,4859.0,933.0,1907.0,6237.0
1601,5861.0,895.0,1503.0,1182.0
1602,3016.0,587.0,3222.0,5341.0
1603,40122.0,2936.0,15202.0,11029.0
1604,4040.0,1028.0,1726.0,11048.0
1605,26450.0,1573.0,2608.0,8222.0
1606,6173.0,954.0,4084.0,5983.0
1607,3438.0,740.0,1764.0,7153.0
1608,6546.0,934.0,2639.0,4230.0
1609,13872.0,1475.0,1349.0,6865.0
1610,23566.0,1898.0,3336.0,16535.0
1611,7247.0,657.0,2304.0,8552.0
1612,27058.0,1252.0,1067.0,3643.0
1613,5999.0,926.0,1501.0,7184.0
1614,4947.0,447.0,2754.0,7526.0
1615,3473.0,464.0,2363.0,7600.0
1616,4217.0,64.0,3003.0,10641.0
1617,4988.0,629.0,1224.0,4916.0
1618,6917.0,546.0,3.0,4854.0
1619,3958.0,652.0,1183.0,3435.0
1620,24367.0,2910.0,3862.0,9546.0
1621,4931.0,734.0,3113.0,4512.0
1622,3554.0,59.0,2447.0,14201.0
1623,172809.0,31758.0,75458.0,63019.0
1624,17657.0,1487.0,3371.0,10933.0
1625,8122.0,907.0,1334.0,11428.0
1626,3568.0,326.0,617.0,9996.0
1627,7475.0,690.0,1270.0,4161.0
1628,15943.0,3585.0,2669.0,19021.0
1629,4995.0,330.0,3217.0,8221.0
1630,34475.0,1595.0,867.0,5229.0
1631,4433.0,871.0,2198.0,3859.0
1632,22412.0,1663.0,248190.0,468280.0
1633,4227.0,899.0,2201.0,9385.0
1634,3156.0,753.0,4209.0,9899.0
1635,2508.0,460.0,2117.0,5601.0
1636,9191.0,797.0,4203.0,2505.0
1637,8929.0,1217.0,2689.0,5962.0
1638,4159.0,455.0,2109.0,8457.0
1639,8666.0,1176.0,1518.0,2555.0
1640,4305.0,179.0,1270.0,5759.0
1641,5967.0,403.0,1759.0,5879.0
1642,3723.0,623.0,1905.0,5027.0
1643,2887.0,531.0,2422.0,8319.0
1644,5466.0,577.0,1561.0,677.0
1645,9035.0,897.0,1180.0,6088.0
1646,5115.0,896.0,1068.0,3115.0
1647,26277.0,875.0,3440.0,13094.0
1648,6563.0,833.0,903.0,9665.0
1649,36576.0,1407.0,3984.0,11869.0
1650,9501.0,609.0,980.0,7168.0
1651,11766.0,1159.0,1931.0,9047.0
1652,14832.0,1527.0,2548.0,11049.0
1653,12413.0,1920.0,2122.0,6761.0
1654,5495.0,464.0,2827.0,5709.0
1655,5462.0,721.0,2887.0,7717.0
1656,5400.0,1038.0,4102.0,6881.0
1657,4841.0,820.0,1692.0,5781.0
1658,7609.0,806.0,998.0,3302.0
1659,3999.0,974.0,2208.0,4382.0
1660,15159.0,1432.0,1405.0,3086.0
1661,2853.0,345.0,1099.0,5240.0
1662,43661.0,23028.0,5576.0,29893.0
1663,13310.0,825.0,3101.0,9110.0
1664,49334.0,3264.0,3024.0,10093.0
1665,2964.0,180.0,2123.0,5584.0
1666,36225.0,2248.0,2924.0,1781.0
1667,7260.0,756.0,1258.0,914.0
1668,10945.0,1067.0,2521.0,7422.0
1669,3002.0,1793.0,3159.0,6026.0
1670,12891.0,2079.0,692.0,7338.0
1671,4243.0,592.0,2079.0,2540.0
1672,4769.0,927.0,2251.0,17488.0
1673,5974.0,997.0,1892.0,11323.0
1674,5603.0,82.0,2262.0,9384.0
1675,11436.0,1883.0,2825.0,6949.0
1676,13434.0,3990.0,15911.0,20670.0
1677,3336.0,564.0,2378.0,4689.0
1678,2611.0,436.0,398.0,1321.0
1679,19994.0,1857.0,2625.0,6234.0
1680,45727.0,2563.0,1347.0,12563.0
1681,11049.0,1014.0,727.0,5819.0
1682,18900.0,3306.0,4035.0,5420.0
1683,20347.0,3301.0,2311.0,12360.0
1684,14790.0,889.0,1961.0,11198.0
1685,2798.0,430.0,2643.0,3833.0
1686,3728.0,1061.0,1181.0,6938.0
1687,4415.0,520.0,1630.0,8539.0
1688,3712.0,1048.0,2860.0,5839.0
1689,10043.0,1191.0,477.0,5759.0
1690,8253.0,1000.0,2983.0,4447.0
1691,3948.0,561.0,1130.0,1431.0
1692,9235.0,385.0,2099.0,9720.0
1693,3912.0,581.0,1359.0,6124.0
1694,5421.0,974.0,2042.0,17109.0
1695,28085.0,2578.0,2616.0,9154.0
1696,4379.0,11.0,1696.0,7986.0
1697,6048.0,516.0,2126.0,11499.0
1698,3499.0,1064.0,2916.0,6153.0
1699,6303.0,1551.0,3527.0,5107.0
1700,4283.0,642.0,1267.0,6258.0
1701,21725.0,1864.0,2765.0,6202.0
1702,15929.0,1637.0,1931.0,8292.0
1703,3579.0,258.0,1149.0,8496.0
1704,6474.0,1014.0,2437.0,6709.0
1705,4259.0,784.0,978.0,6297.0
1706,3678.0,1138.0,1696.0,7230.0
1707,5211.0,1787.0,1436.0,12422.0
1708,35749.0,3622.0,1812.0,6564.0
1709,4018.0,1059.0,1390.0,1778.0
1710,5598.0,984.0,1849.0,8110.0
1711,260541.0,83935.0,266560.0,392566.0
1712,13448.0,1758.0,-0.0,4236.0
1713,6144.0,216.0,1997.0,12627.0
1714,18517.0,1456.0,1200.0,9752.0
1715,4074.0,459.0,2737.0,6777.0
1716,5227.0,729.0,1469.0,9132.0
1717,7161.0,1023.0,1840.0,5729.0
1718,2597.0,1424.0,402503.0,687658.0
1719,10026.0,678.0,2913.0,6781.0
1720,3740.0,170.0,1863.0,7899.0
1721,3866.0,518.0,4479.0,1664.0
1722,8947.0,738.0,1548.0,5334.0
1723,4180.0,637.0,2170.0,1292.0
1724,3827.0,1150.0,2557.0,10756.0
1725,41354.0,1745.0,1166.0,6583.0
1726,11015.0,770.0,1454.0,9613.0
1727,2485.0,366.0,3317.0,13240.0
1728,2748.0,666.0,2039.0,5158.0
1729,33740.0,3136.0,1800.0,2303.0
1730,3940.0,219.0,399.0,3287.0
1731,4274.0,1361.0,1250.0,938.0
1732,32798.0,3684.0,4946.0,4743.0
1733,3107.0,253.0,1681.0,5307.0
1734,30438.0,2957.0,2555.0,7881.0
1735,15205.0,1811.0,1733.0,1776.0
1736,9688.0,712.0,2051.0,5925.0
1737,8986.0,701.0,2971.0,9643.0
1738,3045.0,139.0,1315.0,5039.0
1739,3737.0,77.0,2716.0,9072.0
1740,5134.0,428.0,793.0,4324.0
1741,4653.0,655.0,437.0,12906.0
1742,3597.0,462.0,3261.0,4946.0
1743,18570.0,969.0,3732.0,10450.0
1744,7061.0,723.0,3014.0,12057.0
1745,3645.0,1144.0,2454.0,3780.0
1746,2886.0,504.0,2002.0,3406.0
1747,3760.0,71.0,1005.0,6960.0
1748,2884.0,49.0,2406.0,5535.0
1749,11738.0,1681.0,4289.0,9379.0
1750,13021.0,896.0,774.0,4157.0
1751,3931.0,93.0,2556.0,5582.0
1752,4319.0,596.0,957.0,5638.0
1753,23371.0,1614.0,1978.0,18245.0
1754,5524.0,800.0,1435.0,3294.0
1755,7864.0,836.0,3255.0,9550.0
1756,3186.0,973.0,1413.0,7296.0
1757,5158.0,880.0,1168.0,4682.0
1758,24811.0,1139.0,1272.0,2216.0
1759,7685.0,458.0,4324.0,7916.0
1760,3438.0,492.0,2239.0,5400.0
1761,14211.0,1569.0,1056.0,8749.0
1762,3266.0,684.0,-0.0,6750.0
1763,31550.0,2928.0,2079.0,14557.0
1764,27037.0,3136.0,2476.0,8472.0
1765,67029.0,5804.0,5158.0,70243.0
1766,22232.0,1184.0,3167.0,9816.0
1767,2490.0,144.0,1469.0,6318.0
1768,2816.0,918.0,1260.0,12230.0
1769,5977.0,753.0,4009.0,10640.0
1770,3459.0,420.0,1300.0,5289.0
1771,10687.0,1286.0,420.0,8655.0
1772,9861.0,1586.0,2648.0,10944.0
1773,4810.0,608.0,1604.0,6671.0
1774,5396.0,937.0,1395.0,10232.0
1775,53345.0,6881.0,6425.0,16010.0
1776,2852.0,522.0,247.0,3275.0
1777,4632.0,835.0,711.0,3522.0
1778,4331.0,412.0,2013.0,6692.0
1779,3387.0,1274.0,2046.0,8118.0
1780,4216.0,842.0,2097.0,5563.0
1781,27928.0,1912.0,28407.0,11661.0
1782,6308.0,710.0,1895.0,3966.0
1783,2541.0,812.0,765.0,5904.0
1784,7436.0,877.0,3143.0,9461.0
1785,10890.0,1403.0,2514.0,11422.0
1786,27404.0,2227.0,4671.0,10473.0
1787,13888.0,1142.0,3224.0,9001.0
1788,6139.0,1746.0,1709.0,9760.0
1789,16386.0,1099.0,2063.0,8710.0
1790,3518.0,640.0,3102.0,6723.0
1791,5015.0,1092.0,433.0,4113.0
1792,5869.0,843.0,1904.0,4955.0
1793,3948.0,58.0,1135.0,9092.0
1794,4982.0,666.0,3601.0,2789.0
1795,3986.0,366.0,644.0,3556.0
1796,27961.0,3332.0,14628.0,67122.0
1797,2920.0,416.0,1023.0,6744.0
1798,3087.0,593.0,2427.0,7375.0
1799,10373.0,1602.0,573.0,15614.0
1800,3200.0,727.0,1986.0,8036.0
1801,3142.0,92.0,1919.0,5222.0
1802,2945.0,52.0,1235.0,3303.0
1803,35260.0,3510.0,4191.0,11389.0
1804,5316.0,729.0,1085.0,10505.0
1805,26000.0,7634.0,5374.0,16322.0
1806,2678.0,895.0,925.0,3895.0
1807,9221.0,1699.0,888.0,6397.0
1808,7455.0,590.0,2004.0,6077.0
1809,11198.0,1250.0,3258.0,10155.0
1810,33402.0,1713.0,2713.0,4027.0
1811,7160.0,1745.0,5417.0,3984.0
1812,4830.0,609.0,486.0,3689.0
1813,4502.0,425.0,1166.0,8772.0
1814,17732.0,1794.0,1399.0,7526.0
1815,5707.0,1159.0,1705.0,5708.0
1816,4702.0,701.0,3376.0,8324.0
1817,4053.0,292.0,2321.0,5323.0
1818,28146.0,1619.0,2509.0,7899.0
1819,3710.0,544.0,1146.0,2977.0
1820,4451.0,172.0,1556.0,9547.0
1821,3887.0,310.0,1187.0,8997.0
1822,6373.0,747.0,1277.0,10358.0
1823,2947.0,260.0,3383.0,2847.0
1824,3932.0,688.0,807.0,11008.0
1825,6298.0,1028.0,1845.0,628.0
1826,26307.0,2386.0,1720.0,9541.0
1827,3306.0,526.0,1441.0,3314.0
1828,3892.0,915.0,3266.0,3288.0
1829,7354.0,527.0,2677.0,6105.0
1830,12603.0,1118.0,1076.0,4594.0
1831,5110.0,714.0,1903.0,351.0
1832,29371.0,2422.0,2203.0,11039.0
1833,17608.0,1642.0,1624.0,7406.0
1834,4105.0,1121.0,1618.0,6759.0
1835,21406.0,3327.0,1831.0,8274.0
1836,2531.0,596.0,1500.0,8739.0
1837,38673.0,3303.0,4351.0,8056.0
1838,4448.0,444.0,3321.0,8203.0
1839,3940.0,899.0,1537.0,7493.0
1840,4242.0,597.0,1162.0,3589.0
1841,3804.0,947.0,4184.0,2940.0
1842,4324.0,332.0,2771.0,6730.0
1843,5251.0,680.0,2198.0,5468.0
1844,40538.0,5049.0,29041.0,9910.0
1845,230386.0,34022.0,360202.0,365028.0
1846,5581.0,911.0,953.0,9148.0
1847,4091.0,492.0,1966.0,12820.0
1848,19043.0,1471.0,1270.0,8911.0
1849,21885.0,1758.0,2602.0,5296.0
1850,3112.0,207.0,214.0,-0.0
1851,4423.0,336.0,441.0,3019.0
1852,5416.0,1445.0,2022.0,6106.0
1853,4067.0,617.0,975.0,2151.0
1854,5044.0,1698.0,2103.0,13142.0
1855,3359.0,531.0,1639.0,8333.0
1856,38205.0,3786.0,2362.0,9046.0
1857,2936.0,524.0,601.0,4367.0
1858,6555.0,219.0,2095.0,8137.0
1859,3026.0,800.0,850.0,2132.0
1860,23958.0,1530.0,1483.0,8928.0
1861,32153.0,2246.0,4488.0,6324.0
1862,3968.0,705.0,1671.0,2803.0
1863,3152.0,165.0,1112.0,1069.0
1864,3865.0,504.0,1374.0,1645.0
1865,15670.0,1816.0,3425.0,15978.0
1866,5388.0,849.0,1370.0,3236.0
1867,5026.0,1082.0,1510.0,8332.0
1868,4119.0,1016.0,1099.0,13967.0
1869,6520.0,842.0,3.0,4160.0
1870,4793.0,1012.0,3656.0,14131.0
1871,17232.0,1166.0,4055.0,11679.0
1872,3699.0,1456.0,2276.0,3845.0
1873,18403.0,919.0,3952.0,6359.0
1874,6239.0,1118.0,791.0,5407.0
1875,45805.0,5049.0,4111.0,11243.0
1876,6524.0,1743.0,1485.0,11505.0
1877,7848.0,571.0,1159.0,2728.0
1878,6487.0,444.0,1852.0,8432.0
1879,21531.0,4025.0,1727.0,8020.0
1880,4026.0,629.0,2331.0,7577.0
1881,3774.0,380.0,3139.0,6753.0
1882,5317.0,1583.0,2430.0,2617.0
1883,3293.0,778.0,-0.0,2592.0
1884,3435.0,115.0,975.0,7155.0
1885,18826.0,1534.0,1688.0,14167.0
1886,16230.0,1141.0,4271.0,10215.0
1887,38459.0,2437.0,92.0,8720.0
1888,4432.0,495.0,2245.0,4276.0
1889,12215.0,2175.0,1814.0,7176.0
1890,4061.0,501.0,2599.0,2394.0
1891,12137.0,734.0,1747.0,8008.0
1892,7525.0,460.0,2655.0,17431.0
1893,4051.0,1270.0,419.0,3132.0
1894,58296.0,5051.0,8436.0,16277.0
1895,3889.0,486.0,2200.0,6300.0
1896,8296.0,889.0,3224.0,10421.0
1897,4595.0,1548.0,1375.0,326.0
1898,5646.0,1202.0,3613.0,6846.0
1899,4383.0,542.0,1858.0,824.0
1900,5005.0,852.0,2457.0,1766.0
1901,23752.0,1946.0,2855.0,5468.0
1902,4162.0,505.0,2431.0,5795.0
1903,2553.0,553.0,2422.0,5165.0
1904,18547.0,1859.0,2423.0,6873.0
1905,18229.0,956.0,2392.0,8362.0
1906,5414.0,563.0,1930.0,9005.0
1907,7403.0,1702.0,1972.0,15617.0
1908,11534.0,633.0,908.0,7724.0
1909,6534.0,334.0,3399.0,5748.0
1910,3631.0,744.0,183.0,13058.0
1911,32537.0,2116.0,3644.0,12093.0
1912,3474.0,495.0,921.0,10552.0
1913,18495.0,850.0,1883.0,6176.0
1914,5177.0,562.0,1098.0,12677.0
1915,4004.0,658.0,2691.0,10766.0
1916,5471.0,796.0,1647.0,8428.0
1917,3937.0,476.0,904.0,4571.0
1918,3825.0,1134.0,69.0,554.0
1919,3027.0,582.0,1223.0,4406.0
1920,17916.0,1543.0,1023.0,6953.0
1921,16636.0,1305.0,870.0,8168.0
1922,7813.0,818.0,2299.0,2984.0
1923,28689.0,1416.0,2237.0,7891.0
1924,4805.0,1297.0,1946.0,9504.0
1925,8498.0,806.0,777.0,10505.0
1926,22564.0,2567.0,2458.0,7108.0
1927,23254.0,1457.0,3220.0,9275.0
1928,4395.0,279.0,2191.0,11937.0
1929,4484.0,1540.0,966.0,4348.0
1930,5728.0,1102.0,-0.0,5636.0
1931,6477.0,1817.0,3276.0,20052.0
1932,9247.0,3133.0,3845.0,9066.0
1933,15042.0,1009.0,2027.0,9070.0
1934,2489.0,567.0,804.0,3442.0
1935,4658.0,821.0,1197.0,6792.0
1936,4148.0,681.0,1277.0,1654.0
1937,25828.0,2532.0,2034.0,11043.0
1938,7820.0,878.0,2976.0,5798.0
1939,5916.0,2037.0,1547.0,13165.0
1940,28795.0,2597.0,1519.0,4312.0
1941,4558.0,828.0,2178.0,10421.0
1942,4590.0,720.0,1897.0,13588.0
1943,7582.0,294.0,858.0,3482.0
1944,4627.0,272.0,2891.0,11478.0
1945,33170.0,5662.0,3436.0,10083.0
1946,3797.0,654.0,1856.0,8095.0
1947,4441.0,1018.0,2815.0,8846.0
1948,10764.0,596.0,2620.0,11391.0
1949,14883.0,636.0,1382.0,2346.0
1950,3478.0,1361.0,2203.0,2918.0
1951,5450.0,288.0,2466.0,3973.0
1952,3998.0,649.0,2801.0,10931.0
1953,15830.0,1811.0,1158.0,10633.0
1954,2889.0,366.0,-0.0,6434.0
1955,7056.0,881.0,134.0,7845.0
1956,9853.0,1150.0,2507.0,4233.0
1957,2462.0,513.0,1313.0,6427.0
1958,7521.0,514.0,1922.0,9236.0
1959,23825.0,3401.0,25480.0,85585.0
1960,7382.0,364.0,1262.0,8648.0
1961,5184.0,1113.0,-0.0,4180.0
1962,6466.0,1054.0,2129.0,2624.0
1963,8802.0,577.0,811.0,4518.0
1964,2640.0,112.0,1251.0,7757.0
1965,3930.0,911.0,2727.0,1165.0
1966,7833.0,1361.0,1029.0,8385.0
1967,62985.0,30458.0,6087.0,79888.0
1968,14636.0,1122.0,1952.0,7769.0
1969,44863.0,3785.0,2700.0,8020.0
1970,3844.0,552.0,3465.0,19546.0
1971,18614.0,351.0,1672.0,10232.0
1972,20206.0,1376.0,2868.0,7289.0
1973,27733.0,2974.0,4978.0,10608.0
1974,27451.0,1713.0,4551.0,6842.0
1975,5296.0,610.0,1837.0,12485.0
1976,6500.0,1828.0,2433.0,10896.0
1977,9417.0,1936.0,2553.0,12775.0
1978,3985.0,94.0,2952.0,3895.0
1979,3683.0,1027.0,1566.0,8548.0
1980,5707.0,620.0,1573.0,5691.0
1981,8308.0,1660.0,429.0,516.0
1982,5144.0,384.0,372.0,3368.0
1983,4152.0,552.0,2215.0,4676.0
1984,2488.0,402.0,3333.0,8733.0
1985,7286.0,292.0,2171.0,39.0
1986,4477.0,504.0,2816.0,10517.0
1987,3467.0,571.0,1452.0,6460.0
1988,4077.0,389.0,2386.0,11337.0
1989,4583.0,508.0,1767.0,5983.0
1990,9970.0,1609.0,2567.0,7998.0
1991,8552.0,929.0,30.0,7072.0
1992,2475.0,823.0,1911.0,6373.0
1993,35210.0,3278.0,2884.0,11335.0
1994,6163.0,925.0,1851.0,14425.0
1995,16704.0,1029.0,2769.0,17528.0
1996,6368.0,650.0,2591.0,5200.0
1997,4985.0,365.0,2521.0,5862.0
1998,3920.0,169.0,3342.0,14160.0
1999,2546.0,307.0,1112.0,4707.0
2000,3020.0,638.0,150.0,9311.0
2001,7723.0,348.0,1723.0,6872.0
2002,4167.0,254.0,1301.0,7368.0
2003,8328.0,847.0,949.0,5945.0
2004,11884.0,1294.0,1242.0,11948.0
2005,4648.0,753.0,1290.0,7703.0
2006,4915.0,1210.0,179.0,3735.0
2007,46473.0,4823.0,1531.0,7138.0
2008,4012.0,581.0,128.0,405.0
2009,6230.0,157.0,1953.0,6121.0
2010,29109.0,2413.0,8949.0,43848.0
2011,26308.0,1202.0,1421.0,6137.0
2012,10101.0,979.0,2560.0,13800.0
2013,3909.0,922.0,598.0,8200.0
2014,5468.0,567.0,2467.0,10480.0
2015,14731.0,1564.0,2340.0,5025.0
2016,22721.0,876.0,2239.0,8124.0
2017,29373.0,1540.0,1467.0,9524.0
2018,5261.0,410.0,1714.0,3732.0
2019,17114.0,895.0,1742.0,6584.0
2020,3978.0,549.0,2867.0,8294.0
2021,10781.0,1722.0,1159.0,8108.0
2022,8661.0,849.0,2393.0,3745.0
2023,26238.0,2053.0,2091.0,10038.0
2024,15355.0,1519.0,3285.0,12546.0
2025,4510.0,283.0,1594.0,8474.0
2026,4936.0,881.0,1310.0,5320.0
2027,5114.0,524.0,3826.0,7131.0
2028,11349.0,404.0,3306.0,4919.0
2029,18978.0,2118.0,1946.0,12872.0
2030,6738.0,3038.0,1347.0,6484.0
2031,3476.0,504.0,254.0,7758.0
2032,3673.0,674.0,2174.0,7648.0
2033,3357.0,805.0,1051.0,1781.0
2034,4088.0,391.0,744.0,10160.0
2035,6875.0,708.0,1790.0,10076.0
2036,5445.0,421.0,2785.0,1172.0
2037,5454.0,642.0,1228.0,7312.0
2038,3194.0,889.0,2371.0,10538.0
2039,3343.0,921.0,1121.0,8811.0
2040,4995.0,1109.0,2207.0,6716.0
2041,9423.0,1356.0,2461.0,6393.0
2042,4170.0,1600.0,3317.0,11847.0
2043,2538.0,51.0,1623.0,9754.0
2044,7018.0,1124.0,2729.0,2146.0
2045,8431.0,2142.0,1336.0,7211.0
2046,4989.0,246.0,1518.0,6950.0
2047,3063.0,588.0,2154.0,5547.0
2048,19345.0,2145.0,670.0,3717.0
2049,2500.0,95.0,1290.0,10277.0
2050,5552.0,589.0,1233.0,4311.0
2051,19785.0,2463.0,2695.0,9238.0
2052,13880.0,1278.0,813.0,659.0
2053,6663.0,392.0,2037.0,4735.0
2054,5441.0,369.0,1500.0,2432.0
2055,3468.0,1088.0,2038.0,10404.0
2056,36977.0,2905.0,6376.0,8324.0
2057,16068.0,2512.0,1554.0,6490.0
2058,10380.0,821.0,1062.0,4581.0
2059,7158.0,605.0,530.0,11473.0
2060,2468.0,634.0,1585.0,-0.0
2061,2499.0,524.0,1855.0,9846.0
2062,3248.0,354.0,2689.0,4698.0
2063,4431.0,349.0,1382.0,6177.0
2064,17976.0,991.0,1683.0,4065.0
2065,5224.0,787.0,2563.0,10340.0
2066,38037.0,3413.0,2325.0,3525.0
2067,694003.0,127334.0,61832.0,523742.0
2068,5357.0,958.0,1272.0,14048.0
2069,30243.0,2642.0,785.0,10185.0
2070,3620.0,247.0,1004.0,3012.0
2071,4550.0,734.0,636.0,11497.0
2072,8254.0,1094.0,1171.0,4342.0
2073,5356.0,1048.0,3005.0,6040.0
2074,4720.0,184.0,2272.0,6301.0
2075,2733.0,607.0,3320.0,8686.0
2076,15535.0,614.0,1779.0,3962.0
2077,46131.0,2977.0,1343.0,5093.0
2078,4919.0,653.0,1722.0,8060.0
2079,3779.0,217.0,1848.0,6266.0
2080,2609.0,498.0,2058.0,3942.0
2081,16453.0,906.0,2587.0,10124.0
2082,5256.0,231.0,3464.0,15389.0
2083,56550.0,4440.0,2099.0,8146.0
2084,3427.0,566.0,2637.0,10381.0
2085,13973.0,1027.0,2073.0,3099.0
2086,8718.0,1003.0,1911.0,10446.0
2087,15261.0,1115.0,2032.0,2597.0
2088,4986.0,1168.0,860.0,4288.0
2089,10156.0,646.0,1263.0,9844.0
2090,4839.0,571.0,3331.0,4869.0
2091,8559.0,771.0,1953.0,9061.0
2092,4637.0,258.0,2556.0,7243.0
2093,4164.0,1373.0,660.0,3100.0
2094,5637.0,1400.0,2446.0,8635.0
2095,8706.0,784.0,3642.0,10268.0
2096,5610.0,1050.0,970.0,8495.0
2097,36443.0,2340.0,2343.0,8365.0
2098,3969.0,676.0,1726.0,4252.0
2099,4146.0,426.0,3110.0,4021.0
2100,22545.0,2417.0,1733.0,8546.0
2101,27526.0,2170.0,1620.0,10044.0
2102,3932.0,87.0,2562.0,4289.0
2103,6062.0,511.0,1205.0,7252.0
2104,6557.0,1338.0,1357.0,8667.0
2105,3186.0,278.0,2266.0,7497.0
2106,3807.0,307.0,2194.0,7935.0
2107,5047.0,787.0,415.0,3962.0
2108,3328.0,567.0,691.0,-0.0
2109,3056.0,727.0,2342.0,3465.0
2110,3993.0,1481.0,2131.0,11918.0
2111,2877.0,485.0,2095.0,13412.0
2112,4118.0,400.0,1887.0,12252.0
2113,30882.0,2065.0,5411.0,2867.0
2114,4415.0,867.0,1232.0,1349.0
2115,40079.0,2063.0,4036.0,8633.0
2116,17022.0,2090.0,1999.0,8578.0
2117,45726.0,3912.0,6119.0,9023.0
2118,21399.0,1238.0,1498.0,12856.0
2119,10555.0,1140.0,1451.0,8484.0
2120,15139.0,1468.0,2104.0,7385.0
2121,36836.0,3061.0,1688.0,8614.0
2122,19338.0,2676.0,3009.0,6793.0
2123,14694.0,604.0,1458.0,11303.0
2124,4693.0,248.0,331.0,-0.0
2125,3507.0,875.0,2638.0,10345.0
2126,51616.0,3094.0,29947.0,89349.0
2127,15056.0,1812.0,2772.0,5363.0
2128,4539.0,663.0,2591.0,7245.0
2129,5427.0,827.0,543.0,6838.0
2130,52888.0,2087.0,4660.0,7415.0
2131,4925.0,1258.0,1238.0,7386.0
2132,4822.0,382.0,872.0,5390.0
2133,3152.0,527.0,3388.0,3763.0
2134,16521.0,1863.0,906.0,3176.0
2135,3037.0,405.0,1204.0,3509.0
2136,4477.0,733.0,906.0,6460.0
2137,6285.0,366.0,3378.0,5788.0
2138,2698.0,202.0,621.0,1306.0
2139,27247.0,1799.0,2021.0,3401.0
2140,3745.0,1448.0,1497.0,12983.0
2141,100493.0,31217.0,14077.0,124559.0
2142,5545.0,1031.0,2039.0,11041.0
2143,4402.0,354.0,439.0,8762.0
2144,27926.0,1663.0,2305.0,10187.0
2145,7851.0,1211.0,1938.0,822.0
2146,26249.0,1902.0,3277.0,2694.0
2147,35329.0,2911.0,3367.0,17451.0
2148,25356.0,816.0,1574.0,8338.0
2149,57580.0,4597.0,49712.0,30707.0
2150,5756.0,877.0,3483.0,3861.0
2151,3456.0,979.0,65.0,-0.0
2152,3367.0,202.0,3245.0,7443.0
2153,3340.0,557.0,1137.0,935.0
2154,5873.0,938.0,2959.0,9210.0
2155,5984.0,965.0,1848.0,4742.0
2156,2547.0,248.0,-0.0,3436.0
2157,3435.0,315.0,722.0,6205.0
2158,4323.0,697.0,909.0,6419.0
2159,7139.0,1139.0,223.0,5217.0
2160,2687.0,479.0,2831.0,11169.0
2161,42534.0,3365.0,3156.0,10778.0
2162,5465.0,628.0,1591.0,6059.0
2163,9338.0,1636.0,967.0,10761.0
2164,2718.0,268.0,3011.0,2381.0
2165,2641.0,1527.0,1425.0,7591.0
2166,5111.0,352.0,781.0,6387.0
2167,4111.0,612.0,3354.0,5427.0
2168,4328.0,325.0,756.0,6312.0
2169,15483.0,1263.0,1066.0,3869.0
2170,4080.0,375.0,644.0,4298.0
2171,33862.0,2772.0,4539.0,10403.0
2172,5605.0,1729.0,1706.0,13765.0
2173,3984.0,387.0,2343.0,5100.0
2174,75447.0,6331.0,10876.0,18090.0
2175,6680.0,745.0,2607.0,3153.0
2176,5068.0,533.0,2489.0,8607.0
2177,5183.0,790.0,1957.0,12172.0
2178,4685.0,1439.0,1841.0,5753.0
2179,2587.0,451.0,896.0,5526.0
2180,2790.0,397.0,1852.0,2526.0
2181,3537.0,807.0,2296.0,8183.0
2182,4445.0,677.0,1535.0,3275.0
2183,4669.0,880.0,-0.0,14279.0
2184,2581.0,330.0,678.0,9747.0
2185,5199.0,308.0,1158.0,11653.0
2186,3673.0,754.0,2015.0,4275.0
2187,4505.0,1143.0,2496.0,7955.0
2188,3577.0,858.0,2205.0,11117.0
2189,16380.0,694.0,2407.0,5686.0
2190,14637.0,1854.0,1387.0,11253.0
2191,3945.0,654.0,1530.0,13914.0
2192,2592.0,331.0,818.0,12157.0
2193,11696.0,934.0,2867.0,10796.0
2194,5273.0,1371.0,982.0,6963.0
2195,20011.0,1913.0,1519.0,16083.0
2196,2679.0,360.0,1052.0,12965.0
2197,4034.0,150.0,2691.0,6149.0
2198,6017.0,667.0,1840.0,2901.0
2199,13726.0,1929.0,2455.0,7521.0
2200,11250.0,892.0,2588.0,3695.0
2201,4293.0,1312.0,1509.0,9627.0
2202,4572.0,378.0,64.0,1517.0
2203,9732.0,1226.0,3059.0,6198.0
2204,7257.0,586.0,1760.0,4185.0
2205,5818.0,442.0,2075.0,5902.0
2206,4799.0,620.0,1103.0,10017.0
2207,4114.0,1193.0,2163.0,9351.0
2208,2594.0,513.0,1605.0,5008.0
2209,3986.0,387.0,1451.0,3097.0
2210,115744.0,25586.0,55919.0,87698.0
2211,10929.0,994.0,1733.0,3193.0
2212,3864.0,460.0,1607.0,6366.0
2213,2511.0,619.0,2247.0,15601.0
2214,5430.0,519.0,1620.0,6350.0
2215,49659.0,7989.0,8752.0,22114.0
2216,114745.0,12798.0,7988.0,16164.0
2217,5561.0,1399.0,1109.0,3559.0
2218,7131.0,589.0,1112.0,7005.0
2219,3853.0,934.0,1979.0,4847.0
2220,4671.0,960.0,1248.0,3099.0
2221,6105.0,959.0,2492.0,7623.0
2222,3181.0,443.0,1537.0,6635.0
2223,6191.0,979.0,1426.0,9101.0
2224,6778.0,2357.0,4676.0,8067.0
2225,4850.0,1070.0,1913.0,5306.0
2226,16647.0,1128.0,1776.0,3272.0
2227,4535.0,639.0,3518.0,9644.0
2228,17983.0,1937.0,1906.0,7521.0
2229,21372.0,1436.0,3851.0,7290.0
2230,3471.0,507.0,610.0,1091.0
2231,24124.0,1922.0,883.0,11406.0
2232,6945.0,905.0,1793.0,7132.0
2233,2485.0,1039.0,2553.0,1575.0
2234,26736.0,4788.0,8049.0,16101.0
2235,3247.0,409.0,2365.0,5461.0
2236,9386.0,1475.0,438.0,9798.0
2237,28385.0,2225.0,84645.0,160238.0
2238,39655.0,3201.0,2088.0,5673.0
2239,10127.0,1339.0,1617.0,3040.0
2240,10566.0,1342.0,2671.0,11821.0
2241,69695.0,11745.0,3579.0,9911.0
2242,23518.0,1957.0,2346.0,9477.0
2243,17173.0,2003.0,1964.0,11630.0
2244,4591.0,1066.0,765.0,6069.0
2245,2788.0,886.0,865.0,2072.0
2246,24777.0,1310.0,1855.0,8325.0
2247,7329.0,1543.0,1353.0,3984.0
2248,13361.0,1007.0,1559.0,9354.0
2249,10309.0,744.0,1630.0,9682.0
2250,29949.0,3783.0,3596.0,3057.0
2251,2864.0,786.0,1074.0,5787.0
2252,3499.0,935.0,2176.0,29.0
2253,7511.0,650.0,1837.0,12628.0
2254,7192.0,404.0,2648.0,5512.0
2255,6561.0,531.0,1615.0,1935.0
2256,3338.0,143.0,-0.0,3629.0
2257,3750.0,961.0,2215.0,10543.0
2258,7285.0,914.0,626.0,5041.0
2259,19278.0,2809.0,4360.0,12595.0
2260,3675.0,464.0,1511.0,4604.0
2261,6676.0,858.0,321.0,5399.0
2262,4431.0,201.0,1902.0,1381.0
2263,3996.0,697.0,1768.0,5486.0
2264,4200.0,314.0,2098.0,4560.0
2265,45102.0,3474.0,4156.0,7534.0
2266,15670.0,1187.0,1538.0,9404.0
2267,2494.0,629.0,2892.0,2462.0
2268,3773.0,578.0,-0.0,4529.0
2269,15784.0,1048.0,1190.0,9282.0
2270,3295.0,500.0,249.0,3179.0
2271,5524.0,864.0,1346.0,3474.0
2272,49073.0,5129.0,4003.0,9224.0
2273,6312.0,389.0,884.0,12348.0
2274,31249.0,1919.0,1414.0,9277.0
2275,12497.0,1944.0,1107.0,8193.0
2276,3312.0,408.0,740.0,9098.0
2277,4325.0,215.0,-0.0,7074.0
2278,2703.0,555.0,358.0,2142.0
2279,6486.0,1283.0,2550.0,9720.0
2280,50425.0,2797.0,3589.0,10749.0
2281,72246.0,32436.0,4110.0,77083.0
2282,6483.0,768.0,2042.0,9169.0
2283,4666.0,734.0,494.0,5766.0
2284,11926.0,2472.0,2747.0,7014.0
2285,6865.0,600.0,2099.0,7938.0
2286,2929.0,1011.0,1353.0,5978.0
2287,23406.0,2110.0,139.0,3411.0
2288,6482.0,845.0,2641.0,13856.0
2289,4161.0,877.0,3290.0,8265.0
2290,4469.0,1006.0,3550.0,4797.0
2291,7843.0,745.0,3409.0,6135.0
2292,3967.0,932.0,1386.0,5205.0
2293,13479.0,1502.0,330.0,4994.0
2294,3234.0,715.0,2664.0,15585.0
2295,11865.0,2936.0,4959.0,10854.0
2296,3731.0,526.0,1705.0,2131.0
2297,7818.0,432.0,2303.0,2745.0
2298,4470.0,728.0,1104.0,7232.0
2299,22108.0,2476.0,3553.0,9767.0
2300,24835.0,2502.0,14365.0,6824.0
2301,9231.0,824.0,1211.0,10279.0
2302,3196.0,931.0,2257.0,6233.0
2303,3561.0,1904.0,5104.0,22479.0
2304,17353.0,454.0,2382.0,9154.0
2305,6846.0,573.0,4098.0,21926.0
2306,25012.0,2780.0,2251.0,7858.0
2307,21917.0,941.0,744.0,2282.0
2308,7157.0,1115.0,1470.0,9120.0
2309,6899.0,1117.0,952.0,7703.0
2310,6509.0,1416.0,2250.0,5978.0
2311,4035.0,502.0,4132.0,11986.0
2312,4493.0,945.0,3222.0,3974.0
2313,2714.0,369.0,624.0,3735.0
2314,4381.0,479.0,1925.0,1843.0
2315,5041.0,966.0,2522.0,8595.0
2316,18135.0,724.0,2591.0,5966.0
2317,8857.0,285.0,1141.0,6836.0
2318,3555.0,466.0,1412.0,5603.0
2319,4030.0,291.0,819.0,-0.0
2320,26063.0,2091.0,2506.0,12337.0
2321,6791.0,1183.0,2759.0,9853.0
2322,5243.0,536.0,562.0,9000.0
2323,2817.0,692.0,1310.0,8726.0
2324,7343.0,931.0,2903.0,6781.0
2325,3910.0,725.0,2357.0,8498.0
2326,2594.0,772.0,3739.0,2048.0
2327,19593.0,908.0,3321.0,8076.0
2328,27835.0,2345.0,2592.0,9922.0
2329,2461.0,1457.0,4752.0,5920.0
2330,24552.0,1497.0,4089.0,6096.0
2331,14357.0,1122.0,3791.0,6966.0
2332,6608.0,1365.0,1969.0,10214.0
2333,2604.0,423.0,3252.0,6358.0
2334,3327.0,423.0,540.0,7040.0
2335,68846.0,4885.0,12584.0,58500.0
2336,26423.0,4870.0,1796.0,5360.0
2337,9714.0,1401.0,2863.0,9685.0
2338,2714.0,286.0,919.0,1442.0
2339,7100.0,737.0,1865.0,6478.0
2340,4279.0,466.0,1025.0,7935.0
2341,3480.0,873.0,1677.0,5267.0
2342,7610.0,826.0,970.0,4209.0
2343,3368.0,760.0,3910.0,6312.0
2344,5516.0,765.0,1344.0,1024.0
2345,4007.0,721.0,2773.0,3457.0
2346,4164.0,823.0,1315.0,7087.0
2347,21735.0,6175.0,4008.0,18777.0
2348,9685.0,1081.0,2236.0,13704.0
2349,8255.0,963.0,2829.0,6144.0
2350,3290.0,281.0,634.0,9876.0
2351,62334.0,9083.0,32017.0,72085.0
2352,6214.0,957.0,1609.0,4078.0
2353,12801.0,874.0,1422.0,5538.0
2354,5539.0,167.0,3528.0,-0.0
2355,259841.0,29335.0,24918.0,162368.0
2356,2886.0,82.0,3034.0,11022.0
2357,2669.0,1606.0,2207.0,11166.0
2358,24087.0,2217.0,2326.0,9662.0
2359,8808.0,683.0,1386.0,4196.0
2360,5581.0,785.0,1363.0,8514.0
2361,15123.0,772.0,1472.0,6333.0
2362,2852.0,338.0,38.0,2756.0
2363,26682.0,3047.0,2665.0,12185.0
2364,39447.0,3308.0,2454.0,7195.0
2365,48413.0,7648.0,7378.0,12943.0
2366,3628.0,1072.0,-0.0,5821.0
2367,10774.0,1552.0,2051.0,5403.0
2368,11736.0,2555.0,2831.0,4703.0
2369,37793.0,3938.0,1823.0,7054.0
2370,81353.0,7185.0,3457.0,24067.0
2371,5756.0,1028.0,1460.0,559.0
2372,9439.0,1188.0,2870.0,6584.0
2373,9342.0,1250.0,1371.0,983.0
2374,22823.0,2093.0,1740.0,4759.0
2375,4130.0,481.0,1066.0,7164.0
2376,8956.0,1465.0,1311.0,9638.0
2377,9329.0,1063.0,2604.0,11060.0
2378,5279.0,628.0,1589.0,10378.0
2379,5910.0,899.0,3198.0,5781.0
2380,3191.0,840.0,1948.0,4594.0
2381,8278.0,1394.0,1966.0,9909.0
2382,7995.0,1629.0,753.0,3043.0
2383,6748.0,125.0,2248.0,7022.0
2384,5791.0,737.0,3181.0,6176.0
2385,4465.0,913.0,3013.0,5584.0
2386,8841.0,746.0,1393.0,274.0
2387,4185.0,371.0,1839.0,5035.0
2388,6156.0,280.0,1860.0,5860.0
2389,56205.0,4317.0,2128.0,12205.0
2390,2481.0,866.0,1738.0,540.0
2391,5689.0,565.0,1401.0,3856.0
2392,4359.0,1170.0,789.0,6995.0
2393,7432.0,768.0,4265.0,10747.0
2394,37543.0,2486.0,1981.0,8464.0
2395,6891.0,1931.0,-0.0,2698.0
2396,4965.0,613.0,1113.0,8225.0
2397,3437.0,243.0,1805.0,816.0
2398,28897.0,1527.0,2408.0,1672.0
2399,19865.0,1464.0,2940.0,8999.0
2400,6050.0,1386.0,3401.0,8363.0
2401,3178.0,806.0,459.0,13350.0
2402,14109.0,1235.0,1572.0,5451.0
2403,4562.0,359.0,266.0,8331.0
2404,9445.0,1180.0,2078.0,7735.0
2405,33446.0,3873.0,2308.0,12610.0
2406,4446.0,778.0,813.0,9003.0
2407,8852.0,952.0,1920.0,6788.0
2408,17771.0,1366.0,3393.0,2630.0
2409,4264.0,741.0,35.0,-0.0
2410,3868.0,480.0,1216.0,10956.0
2411,4252.0,682.0,2503.0,5785.0
2412,3073.0,451.0,1890.0,3936.0
2413,3631.0,635.0,315.0,4283.0
2414,3792.0,1039.0,1701.0,6071.0
2415,25424.0,1917.0,3309.0,10747.0
2416,5518.0,593.0,3290.0,7230.0
2417,7697.0,522.0,1519.0,3387.0
2418,12155.0,1071.0,1721.0,3759.0
2419,16599.0,1467.0,1915.0,11218.0
2420,22189.0,1402.0,3363.0,15319.0
2421,4900.0,529.0,2798.0,9480.0
2422,4837.0,583.0,1746.0,8036.0
2423,5000.0,584.0,1972.0,4339.0
2424,4080.0,1024.0,1955.0,12895.0
2425,3539.0,1091.0,1960.0,6610.0
2426,5205.0,1166.0,1177.0,9141.0
2427,24002.0,1879.0,1971.0,5813.0
2428,48921.0,13762.0,27948.0,46619.0
2429,8495.0,1116.0,1462.0,11558.0
2430,2951.0,614.0,1649.0,3321.0
2431,5091.0,563.0,2102.0,11351.0
2432,7444.0,759.0,2006.0,7986.0
2433,6723.0,669.0,1372.0,6299.0
2434,23759.0,1405.0,1713.0,13042.0
2435,12416.0,999.0,536.0,14960.0
2436,5569.0,1125.0,188.0,8146.0
2437,6279.0,611.0,1339.0,10436.0
2438,4177.0,435.0,2683.0,5907.0
2439,6082.0,283.0,1808.0,7170.0
2440,33054.0,2727.0,1768.0,5056.0
2441,4448.0,885.0,2865.0,3718.0
2442,38862.0,4084.0,601.0,12898.0
2443,3817.0,340.0,514.0,4976.0
2444,37857.0,3046.0,1167.0,10605.0
2445,6606.0,572.0,1937.0,8155.0
2446,21034.0,3325.0,3039.0,13128.0
2447,13088.0,1570.0,1274.0,6219.0
2448,13175.0,1388.0,3523.0,4693.0
2449,30245.0,2106.0,3080.0,4517.0
2450,7752.0,695.0,882.0,7547.0
2451,5413.0,1370.0,1470.0,3854.0
2452,26044.0,1434.0,2395.0,14032.0
2453,15970.0,1578.0,2513.0,2153.0
2454,26537.0,2231.0,2529.0,5701.0
2455,3468.0,352.0,2404.0,2400.0
2456,6308.0,270.0,1209.0,10491.0
2457,4673.0,266.0,2323.0,4830.0
2458,4335.0,466.0,1533.0,7399.0
2459,3826.0,704.0,1341.0,4759.0
2460,4311.0,431.0,2041.0,5399.0
2461,3213.0,670.0,2010.0,8020.0
2462,17712.0,2032.0,2562.0,8791.0
2463,4391.0,589.0,2073.0,4733.0
2464,172729.0,32245.0,68873.0,45665.0
2465,4150.0,691.0,90.0,6439.0
2466,7469.0,739.0,2133.0,-0.0
2467,6381.0,657.0,1953.0,7200.0
2468,4515.0,475.0,2176.0,4935.0
2469,4540.0,336.0,1868.0,3512.0
2470,7409.0,833.0,1675.0,136.0
2471,18180.0,2656.0,980.0,9865.0
2472,20519.0,1990.0,2045.0,5054.0
2473,29253.0,1585.0,2693.0,5455.0
2474,4302.0,2174.0,2865.0,6722.0
2475,5251.0,400.0,1480.0,7124.0
2476,3307.0,297.0,1886.0,5417.0
2477,4094.0,699.0,1522.0,4764.0
2478,3838.0,1396.0,1458.0,6170.0
2479,16648.0,737.0,1528.0,6716.0
2480,7660.0,842.0,1573.0,12090.0
2481,25513.0,2497.0,2183.0,6686.0
2482,7334.0,738.0,1803.0,4112.0
2483,6362.0,1076.0,1475.0,4370.0
2484,9284.0,1182.0,928.0,7296.0
2485,6947.0,983.0,2816.0,5100.0
2486,68638.0,6397.0,33715.0,38332.0
2487,4543.0,533.0,601.0,14943.0
2488,9730.0,1207.0,3022.0,5081.0
2489,4064.0,570.0,868.0,7535.0
2490,6111.0,378.0,1809.0,16340.0
2491,4774.0,347.0,2038.0,6281.0
2492,3074.0,313.0,1180.0,1819.0
2493,5147.0,1043.0,1604.0,6430.0
2494,23746.0,489.0,1602.0,9771.0
2495,37643.0,5398.0,5588.0,13814.0
2496,7198.0,1595.0,496.0,9369.0
2497,3587.0,497.0,1659.0,10218.0
2498,3302.0,621.0,2535.0,5874.0
2499,12439.0,1097.0,4736.0,11314.0
2500,4105.0,525.0,3505.0,8187.0
2501,43125.0,6221.0,1771.0,7020.0
2502,5756.0,858.0,1675.0,5055.0
2503,13330.0,1385.0,4141.0,5832.0
2504,5250.0,137.0,2385.0,11656.0
2505,26487.0,1607.0,1593.0,11644.0
2506,3485.0,298.0,2953.0,12657.0
2507,4696.0,720.0,3365.0,6453.0
2508,5474.0,1413.0,1895.0,2734.0
2509,11845.0,2008.0,2437.0,5461.0
2510,24735.0,915.0,2941.0,7198.0
2511,12207.0,1969.0,3987.0,5385.0
2512,4012.0,208.0,1479.0,9698.0
2513,5505.0,1259.0,1775.0,7913.0
2514,3339.0,914.0,1940.0,2142.0
2515,60613.0,6169.0,1525.0,15563.0
2516,7658.0,600.0,4760.0,8453.0
2517,29476.0,1482.0,1367.0,9746.0
2518,7523.0,429.0,2641.0,12295.0
2519,6057.0,707.0,1573.0,8493.0
2520,23172.0,3005.0,1747.0,9443.0
2521,3004.0,327.0,3106.0,12748.0
2522,13604.0,2417.0,892.0,13392.0
2523,7355.0,402.0,1839.0,9388.0
2524,5841.0,719.0,682.0,-0.0
2525,4583.0,519.0,1864.0,8294.0
2526,4204.0,815.0,705.0,10334.0
2527,22213.0,1699.0,2194.0,5279.0
2528,4478.0,336.0,1626.0,4850.0
2529,28789.0,1746.0,4212.0,2998.0
2530,3399.0,287.0,2810.0,7627.0
2531,29810.0,2090.0,1557.0,7662.0
2532,7185.0,874.0,887.0,5654.0
2533,25296.0,3624.0,2809.0,1368.0
2534,5078.0,1063.0,1544.0,6361.0
2535,6206.0,1495.0,2742.0,9397.0
2536,18856.0,1879.0,2488.0,5283.0
2537,29697.0,2669.0,1913.0,8012.0
2538,3742.0,616.0,1665.0,7042.0
2539,4000.0,92.0,1703.0,7616.0
2540,6984.0,2799.0,2583.0,8630.0
2541,23599.0,1380.0,2050.0,4608.0
2542,4079.0,737.0,2323.0,5775.0
2543,30714.0,6529.0,56692.0,208366.0
2544,7064.0,878.0,852.0,7377.0
2545,2518.0,186.0,696.0,12809.0
2546,18544.0,1724.0,1747.0,6522.0
2547,2546.0,676.0,2258.0,7725.0
2548,37452.0,2550.0,1973.0,13199.0
2549,7351.0,466.0,3257.0,8439.0
2550,6190.0,1637.0,1720.0,4688.0
2551,32418.0,2236.0,1499.0,6203.0
2552,3428.0,224.0,1574.0,7303.0
2553,7867.0,1212.0,2128.0,4706.0
2554,4412.0,737.0,2904.0,8644.0
2555,8147.0,1018.0,2642.0,9214.0
2556,3032.0,357.0,2361.0,15747.0
2557,5818.0,1272.0,143.0,8396.0
2558,3779.0,789.0,3013.0,6886.0
2559,9289.0,1347.0,2263.0,78.0
2560,4415.0,641.0,2734.0,6450.0
2561,5711.0,865.0,2800.0,15278.0
2562,5943.0,667.0,1891.0,4577.0
2563,23141.0,1493.0,1566.0,8281.0
2564,2686.0,1457.0,2627.0,6387.0
2565,4682.0,806.0,2225.0,3355.0
2566,3959.0,563.0,3800.0,12111.0
2567,7103.0,560.0,1282.0,5242.0
2568,3523.0,1616.0,377540.0,416767.0
2569,5643.0,352.0,3557.0,9163.0
2570,14684.0,694.0,2103.0,5663.0
2571,3781.0,602.0,902.0,3031.0
2572,14936.0,1150.0,1404.0,4314.0
2573,8210.0,807.0,1478.0,1339.0
2574,6279.0,395.0,2447.0,7032.0
2575,5473.0,871.0,3750.0,7067.0
2576,12361.0,850.0,918.0,6986.0
2577,4210.0,631.0,217.0,1096.0
2578,40677.0,2541.0,13456.0,25797.0
2579,3621.0,648.0,2834.0,7117.0
2580,3747.0,724.0,1084.0,4381.0
2581,4135.0,281.0,1998.0,8944.0
2582,6176.0,1156.0,1365.0,5954.0
2583,32480.0,2639.0,1781.0,12108.0
2584,6503.0,551.0,1383.0,9375.0
2585,23502.0,2044.0,3611.0,19280.0
2586,7422.0,627.0,1757.0,9820.0
2587,17555.0,1326.0,710.0,7601.0
2588,7414.0,754.0,3336.0,10254.0
2589,6480.0,2388.0,4690.0,9656.0
2590,14988.0,2053.0,2910.0,10300.0
2591,6796.0,653.0,1228.0,7075.0
2592,12275.0,1073.0,2934.0,15808.0
2593,11362.0,1405.0,2431.0,6749.0
2594,4542.0,480.0,440.0,6582.0
2595,21898.0,2061.0,5052.0,10183.0
2596,4212.0,275.0,2150.0,7270.0
2597,25954.0,1938.0,5235.0,8020.0
2598,2785.0,380.0,1307.0,8308.0
2599,29266.0,2363.0,941.0,5500.0
2600,3868.0,672.0,1300.0,9718.0
2601,8182.0,446.0,1633.0,7803.0
2602,8281.0,717.0,889.0,9937.0
2603,4324.0,749.0,1484.0,3026.0
2604,6471.0,1172.0,2100.0,2983.0
2605,6205.0,440.0,1561.0,11351.0
2606,3575.0,327.0,1943.0,3881.0
2607,9805.0,667.0,3991.0,2310.0
2608,11170.0,874.0,2345.0,9374.0
2609,20717.0,940.0,2961.0,4910.0
2610,5621.0,611.0,318.0,4033.0
2611,3364.0,517.0,1297.0,14428.0
2612,5832.0,653.0,390.0,4617.0
2613,2739.0,255.0,2824.0,6237.0
2614,3551.0,627.0,901.0,12053.0
2615,18513.0,852.0,1422.0,9187.0
2616,15437.0,2799.0,29381.0,13937.0
2617,13638.0,1299.0,1682.0,7778.0
2618,14457.0,1480.0,335.0,7430.0
2619,4474.0,240.0,2331.0,6673.0
2620,9859.0,633.0,3802.0,11871.0
2621,3892.0,622.0,633.0,9530.0
2622,8846.0,458.0,1119.0,8409.0
2623,3253.0,1724.0,8035.0,15174.0
2624,21228.0,2705.0,2090.0,4038.0
2625,3124.0,408.0,2245.0,11857.0
2626,6742.0,1093.0,1961.0,4439.0
2627,3056.0,558.0,1758.0,2146.0
2628,2883.0,466.0,2732.0,8183.0
2629,3949.0,504.0,2149.0,11762.0
2630,9185.0,1743.0,534.0,3902.0
2631,7964.0,812.0,2094.0,8972.0
2632,5382.0,503.0,1092.0,5300.0
2633,3305.0,1545.0,982.0,1637.0
2634,15631.0,1446.0,4968.0,13029.0
2635,3004.0,605.0,2815.0,8312.0
2636,12350.0,1229.0,2780.0,8283.0
2637,26045.0,6363.0,32517.0,69501.0
2638,7878.0,1006.0,2649.0,1124.0
2639,12693.0,5434.0,5350.0,16057.0
2640,8338.0,708.0,501.0,4292.0
2641,3851.0,319.0,575.0,9468.0
2642,6775.0,1369.0,2295.0,5784.0
2643,5988.0,856.0,3330.0,8006.0
2644,4863.0,1029.0,1429.0,7773.0
2645,3519.0,290.0,1599.0,7227.0
2646,23352.0,1516.0,371.0,10231.0
2647,16750.0,1498.0,1237.0,8343.0
2648,9285.0,542.0,1581.0,6261.0
2649,31465.0,1592.0,2602.0,8323.0
2650,3597.0,1374.0,1188.0,12005.0
2651,4886.0,697.0,2263.0,13852.0
2652,6544.0,145.0,1536.0,11976.0
2653,4758.0,606.0,3840.0,6654.0
2654,4571.0,433.0,2002.0,6265.0
2655,11838.0,1316.0,2283.0,2923.0
2656,5751.0,957.0,1294.0,2663.0
2657,17893.0,2516.0,8690.0,20362.0
2658,2978.0,645.0,2121.0,10840.0
2659,3807.0,811.0,2078.0,8881.0
2660,4137.0,290.0,2562.0,1480.0
2661,4603.0,740.0,2295.0,4264.0
2662,14118.0,446.0,3221.0,6022.0
2663,3351.0,589.0,2248.0,9004.0
2664,8741.0,1326.0,3533.0,9803.0
2665,9375.0,1104.0,84.0,5815.0
2666,8547.0,717.0,1081.0,8087.0
2667,5753.0,507.0,1584.0,2932.0
2668,22208.0,2676.0,3808.0,9612.0
2669,2730.0,196.0,1598.0,10156.0
2670,4060.0,680.0,2959.0,10729.0
2671,4370.0,714.0,1944.0,11001.0
2672,4860.0,1264.0,2927.0,10072.0
2673,28777.0,1146.0,2180.0,13140.0
2674,2695.0,159.0,1445.0,2518.0
2675,23434.0,3741.0,1954.0,6347.0
2676,7901.0,863.0,3828.0,9351.0
2677,5803.0,992.0,3547.0,13737.0
2678,10070.0,782.0,1804.0,12084.0
2679,59166.0,4587.0,2931.0,10506.0
2680,19692.0,2202.0,34484.0,95430.0
2681,24773.0,2395.0,3442.0,9738.0
2682,5290.0,1046.0,634.0,10606.0
2683,11776.0,1237.0,1078.0,8172.0
2684,17978.0,1102.0,3235.0,11984.0
2685,9799.0,859.0,1838.0,9163.0
2686,16108.0,1740.0,3252.0,4800.0
2687,12145.0,761.0,176.0,4154.0
2688,7046.0,688.0,2078.0,5496.0
2689,37842.0,3137.0,3276.0,10286.0
2690,18372.0,1401.0,4523.0,14561.0
2691,10107.0,297.0,2725.0,7385.0
2692,3222.0,387.0,314.0,1919.0
2693,4210.0,862.0,2398.0,3903.0
2694,2592.0,664.0,971.0,4506.0
2695,4815.0,766.0,824.0,9833.0
2696,3188.0,325.0,1792.0,5620.0
2697,8210.0,537.0,927.0,8343.0
2698,7000.0,697.0,57.0,1828.0
2699,4820.0,607.0,1536.0,9698.0
2700,3459.0,515.0,2166.0,3488.0
2701,3481.0,711.0,2481.0,6544.0
2702,8588.0,899.0,1893.0,7997.0
2703,4729.0,455.0,1804.0,7056.0
2704,17819.0,1843.0,1776.0,7258.0
2705,2990.0,1121.0,666.0,1464.0
2706,8765.0,890.0,4303.0,12081.0
2707,3687.0,329.0,3058.0,8264.0
2708,6672.0,1224.0,3776.0,8381.0
2709,5005.0,912.0,2432.0,7541.0
2710,2990.0,538.0,1663.0,2542.0
2711,7783.0,3845.0,11560.0,12386.0
2712,22417.0,2448.0,2177.0,10930.0
2713,6782.0,1035.0,1767.0,4703.0
2714,7249.0,1385.0,483.0,4935.0
2715,7811.0,788.0,1875.0,12295.0
2716,11656.0,4647.0,20271.0,9417.0
2717,2760.0,1018.0,220.0,5251.0
2718,28147.0,1767.0,2877.0,6207.0
2719,58893.0,13092.0,22345.0,24812.0
2720,3891.0,395.0,560.0,9177.0
2721,51713.0,4844.0,24433.0,17519.0
2722,9357.0,937.0,2871.0,4449.0
2723,28258.0,3098.0,13259.0,22440.0
2724,4387.0,925.0,934.0,8341.0
2725,38163.0,4109.0,2907.0,14291.0
2726,2459.0,643.0,2292.0,10333.0
2727,4159.0,885.0,793.0,-0.0
2728,16598.0,1899.0,2495.0,11086.0
2729,2788.0,527.0,2367.0,6550.0
2730,4442.0,330.0,3021.0,8201.0
2731,10452.0,941.0,1780.0,5225.0
2732,4628.0,718.0,277.0,3531.0
2733,60919.0,4333.0,4731.0,9256.0
2734,58377.0,6365.0,28612.0,113904.0
2735,5172.0,415.0,3538.0,12618.0
2736,34052.0,2285.0,1855.0,4997.0
2737,15616.0,2000.0,3277.0,7919.0
2738,4723.0,1097.0,1666.0,9630.0
2739,4856.0,283.0,1331.0,7830.0
2740,10838.0,702.0,1991.0,10269.0
2741,22322.0,1683.0,2193.0,5825.0
2742,13328.0,1355.0,1567.0,3524.0
2743,2903.0,741.0,3440.0,3612.0
2744,4245.0,1014.0,1608.0,9083.0
2745,63888.0,4214.0,21715.0,22958.0
2746,8551.0,616.0,2963.0,10339.0
2747,16944.0,1512.0,2927.0,10923.0
2748,2851.0,825.0,3221.0,9199.0
2749,7329.0,698.0,1900.0,5573.0
2750,12126.0,1687.0,3083.0,5292.0
2751,7030.0,842.0,1329.0,5504.0
2752,3733.0,1253.0,1912.0,16486.0
2753,2830.0,440.0,2030.0,14659.0
2754,3277.0,1821.0,3895.0,9198.0
2755,18588.0,2978.0,2736.0,11345.0
2756,8041.0,1026.0,1232.0,4426.0
2757,4317.0,155.0,1068.0,7950.0
2758,2889.0,1266.0,203.0,5487.0
2759,4337.0,1068.0,-0.0,7194.0
2760,9897.0,1243.0,969.0,8624.0
2761,2784.0,714.0,2186.0,9229.0
2762,4037.0,71.0,1846.0,7713.0
2763,4072.0,174.0,1500.0,6589.0
2764,26883.0,1905.0,7614.0,10336.0
2765,4641.0,296.0,2069.0,10919.0
2766,4668.0,663.0,1437.0,9545.0
2767,10092.0,1212.0,1869.0,10124.0
2768,2941.0,481.0,1115.0,7807.0
2769,8265.0,640.0,2993.0,7756.0
2770,6527.0,425.0,1523.0,9199.0
2771,5603.0,930.0,2892.0,10063.0
2772,6346.0,916.0,1555.0,6581.0
2773,4774.0,787.0,1636.0,9539.0
2774,3687.0,1347.0,1876.0,7544.0
2775,26818.0,1117.0,2915.0,6693.0
2776,4453.0,1269.0,3338.0,4918.0
2777,10770.0,896.0,2173.0,1729.0
2778,8586.0,1074.0,1707.0,8148.0
2779,69294.0,29811.0,333123.0,457982.0
2780,30367.0,3513.0,2540.0,14911.0
2781,4757.0,1384.0,4077.0,-0.0
2782,3663.0,172.0,2014.0,7034.0
2783,2642.0,379.0,2005.0,4589.0
2784,11097.0,839.0,1127.0,7874.0
2785,15902.0,1319.0,1221.0,5220.0
2786,4378.0,702.0,1438.0,4543.0
2787,8784.0,826.0,1793.0,6543.0
2788,8858.0,2335.0,2043.0,10753.0
2789,5137.0,340.0,2194.0,5929.0
2790,13432.0,2125.0,2542.0,5406.0
2791,2550.0,1218.0,1519.0,1244.0
2792,6435.0,586.0,228.0,1680.0
2793,27676.0,1892.0,1862.0,10989.0
2794,4659.0,242.0,1992.0,1165.0
2795,4032.0,605.0,3290.0,15814.0
2796,6153.0,845.0,1401.0,7850.0
2797,22879.0,2423.0,2850.0,12192.0
2798,2539.0,955.0,1768.0,5306.0
2799,7851.0,1131.0,2255.0,2851.0
2800,4432.0,612.0,3303.0,3505.0
2801,3584.0,798.0,3378.0,3747.0
2802,12975.0,623.0,717.0,7249.0
2803,3207.0,223.0,1973.0,12489.0
2804,4692.0,785.0,1378.0,1421.0
2805,3710.0,1447.0,153.0,19143.0
2806,3864.0,957.0,1669.0,11509.0
2807,29405.0,3246.0,3602.0,17341.0
2808,4491.0,529.0,833.0,3582.0
2809,7305.0,1584.0,2911.0,5846.0
2810,9195.0,897.0,1583.0,5179.0
2811,3199.0,535.0,1754.0,5240.0
2812,3207.0,639.0,1910.0,4667.0
2813,6026.0,1074.0,1888.0,1156.0
2814,7559.0,648.0,3447.0,10168.0
2815,6977.0,748.0,2810.0,7008.0
2816,4402.0,1259.0,1512.0,9916.0
2817,18526.0,1490.0,1873.0,7446.0
2818,4530.0,338.0,1952.0,2518.0
2819,3479.0,670.0,1636.0,15854.0
2820,4480.0,215.0,1464.0,7309.0
2821,10748.0,2717.0,1589.0,10026.0
2822,11190.0,537.0,686.0,6291.0
2823,12214.0,1498.0,2402.0,7593.0
2824,5019.0,379.0,3274.0,15072.0
2825,11894.0,690.0,1616.0,7761.0
2826,9989.0,1549.0,1006.0,3368.0
2827,6341.0,1109.0,1697.0,7335.0
2828,5505.0,797.0,1614.0,4500.0
2829,5262.0,1204.0,2452.0,6742.0
2830,4443.0,1177.0,1586.0,11312.0
2831,2550.0,322.0,2133.0,13182.0
2832,3745.0,1189.0,1923.0,11236.0
2833,55560.0,37315.0,215438.0,225246.0
2834,4605.0,1004.0,-0.0,3825.0
2835,49134.0,4701.0,9377.0,16470.0
2836,9001.0,4849.0,14435.0,21875.0
2837,6624.0,544.0,1171.0,6416.0
2838,3235.0,682.0,1265.0,11015.0
2839,35640.0,3765.0,8927.0,18484.0
2840,3679.0,966.0,2412.0,10619.0
2841,10993.0,1251.0,4319.0,7607.0
2842,27430.0,2720.0,1861.0,7483.0
2843,28504.0,2488.0,2331.0,9914.0
2844,7406.0,1098.0,2537.0,6626.0
2845,24685.0,2805.0,2396.0,10203.0
2846,5427.0,759.0,2073.0,8554.0
2847,8648.0,859.0,2829.0,5906.0
2848,12826.0,810.0,1760.0,5466.0
2849,23116.0,1679.0,3036.0,11621.0
2850,4740.0,407.0,-0.0,4705.0
2851,2690.0,814.0,1695.0,5335.0
2852,23938.0,2146.0,1438.0,11130.0
2853,5675.0,57.0,4163.0,13160.0
2854,2834.0,485.0,772.0,13462.0
2855,4200.0,862.0,766.0,9086.0
2856,3119.0,259.0,1087.0,8216.0
2857,3133.0,435.0,933.0,7716.0
2858,2657.0,446.0,-0.0,8066.0
2859,5781.0,423.0,3239.0,6196.0
2860,21157.0,1659.0,1094.0,8823.0
2861,4421.0,953.0,2616.0,6175.0
2862,3117.0,671.0,2411.0,5165.0
2863,43098.0,7559.0,54817.0,56016.0
2864,43538.0,2249.0,1842.0,6134.0
2865,5499.0,361.0,2650.0,14734.0
2866,36392.0,3121.0,1300.0,10259.0
2867,24713.0,1400.0,1962.0,7121.0
2868,4168.0,1244.0,733.0,11365.0
2869,6873.0,273.0,2630.0,7612.0
2870,4957.0,1270.0,3591.0,1577.0
2871,3406.0,169.0,2237.0,12541.0
2872,9193.0,1106.0,3190.0,14359.0
2873,2476.0,703.0,2114.0,6924.0
2874,3907.0,1120.0,1607.0,9213.0
2875,14128.0,950.0,2595.0,6798.0
2876,11339.0,492.0,1230.0,7474.0
2877,7852.0,727.0,1826.0,5872.0
2878,33383.0,2085.0,866.0,11550.0
2879,24428.0,2441.0,1486.0,8674.0
2880,46008.0,4711.0,2186.0,13498.0
2881,3831.0,1119.0,1839.0,5066.0
2882,5458.0,939.0,442.0,6089.0
2883,5432.0,680.0,1833.0,12974.0
2884,4604.0,734.0,1639.0,15006.0
2885,4027.0,773.0,1332.0,11859.0
2886,2619.0,43.0,531.0,7207.0
2887,4351.0,1024.0,778.0,11260.0
2888,28381.0,2168.0,3517.0,8630.0
2889,15599.0,1400.0,2680.0,9908.0
2890,14586.0,1213.0,376.0,13209.0
2891,73947.0,5666.0,6780.0,21391.0
2892,27411.0,9291.0,17311.0,13372.0
2893,6845.0,326.0,3261.0,5952.0
2894,30338.0,2210.0,1635.0,10560.0
2895,14885.0,1588.0,2001.0,8650.0
2896,3334.0,353.0,2682.0,8011.0
2897,2488.0,614.0,1324.0,3727.0
2898,15837.0,1185.0,-0.0,7115.0
2899,7154.0,516.0,1906.0,7888.0
2900,7454.0,841.0,983.0,11511.0
2901,2882.0,422.0,885.0,8528.0
2902,7399.0,1369.0,1436.0,6210.0
2903,2632.0,443.0,1081.0,13800.0
2904,20514.0,1009.0,2336.0,9325.0
2905,6552.0,1858.0,1967.0,8266.0
2906,7602.0,1487.0,4378.0,11448.0
2907,9168.0,613.0,777.0,2943.0
2908,6128.0,842.0,1618.0,5409.0
2909,4640.0,787.0,2330.0,5957.0
2910,2580.0,946.0,1540.0,6905.0
2911,5643.0,379.0,249.0,4131.0
2912,5144.0,1390.0,1439.0,10236.0
2913,2845.0,666.0,623.0,720.0
2914,22271.0,2040.0,1740.0,9486.0
2915,9628.0,1057.0,1341.0,8080.0
2916,4052.0,777.0,1844.0,2399.0
2917,4417.0,761.0,4357.0,6318.0
2918,7313.0,852.0,589.0,8631.0
2919,15377.0,1554.0,2937.0,6115.0
2920,6532.0,2006.0,2022.0,8646.0
2921,7911.0,1541.0,2146.0,8332.0
2922,5905.0,647.0,3335.0,7644.0
2923,2532.0,391.0,1398.0,192.0
2924,3968.0,850.0,1351.0,-0.0
2925,5776.0,1038.0,1911.0,4752.0
2926,6495.0,1320.0,13892.0,19293.0
2927,5273.0,931.0,2483.0,2331.0
2928,6893.0,1390.0,1320.0,14062.0
2929,2603.0,371.0,2528.0,6406.0
2930,21559.0,2722.0,8148.0,3838.0
2931,23788.0,2752.0,373.0,1562.0
2932,2922.0,577.0,398.0,10507.0
2933,20812.0,1641.0,2242.0,7700.0
2934,8515.0,895.0,1802.0,4976.0
2935,5465.0,956.0,3955.0,9860.0
2936,2609.0,929.0,1760.0,6731.0
2937,13426.0,2286.0,2588.0,8840.0
2938,4526.0,1052.0,290.0,8386.0
2939,4024.0,365.0,1643.0,4494.0
2940,7610.0,718.0,-0.0,7927.0
2941,3540.0,594.0,1766.0,6945.0
2942,4805.0,380.0,2738.0,6543.0
2943,8190.0,1187.0,2191.0,8236.0
2944,6236.0,945.0,2603.0,7061.0
2945,5506.0,2035.0,1487.0,7050.0
2946,6319.0,657.0,2558.0,6325.0
2947,10384.0,650.0,254.0,7226.0
2948,11145.0,747.0,2152.0,5051.0
2949,2632.0,644.0,1987.0,8780.0
2950,4757.0,2023.0,2903.0,2548.0
2951,21700.0,735.0,2464.0,1174.0
2952,6692.0,1067.0,2566.0,9689.0
2953,3164.0,882.0,25.0,6739.0
2954,30171.0,1508.0,2725.0,11500.0
2955,4482.0,478.0,877.0,8307.0
2956,6960.0,785.0,1176.0,8798.0
2957,8666.0,2387.0,2391.0,12321.0
2958,3054.0,706.0,170.0,5299.0
2959,19711.0,2809.0,889.0,8345.0
2960,17122.0,5014.0,3483.0,14316.0
2961,8802.0,805.0,1529.0,8623.0
2962,3764.0,417.0,737.0,5651.0
2963,2985.0,244.0,2945.0,8660.0
2964,17550.0,2140.0,4037.0,9372.0
2965,21862.0,2937.0,1014.0,4927.0
2966,4634.0,999.0,192.0,3989.0
2967,4898.0,657.0,2458.0,-0.0
2968,5865.0,170.0,1047.0,7443.0
2969,23920.0,3146.0,505.0,8423.0
2970,3279.0,327.0,1900.0,6624.0
2971,7923.0,1210.0,174.0,4812.0
2972,6124.0,1024.0,3437.0,8695.0
2973,30999.0,2799.0,3809.0,5326.0
2974,4269.0,1222.0,1535.0,6243.0
2975,20593.0,2125.0,1198.0,5995.0
2976,2862.0,342.0,1741.0,7309.0
2977,2519.0,744.0,1575.0,3222.0
2978,8843.0,1438.0,1994.0,11466.0
2979,2941.0,580.0,2542.0,5513.0
2980,7043.0,558.0,2338.0,2167.0
2981,4105.0,577.0,1105.0,10045.0
2982,307657.0,79098.0,953651.0,508859.0
2983,7985.0,115.0,790.0,5632.0
2984,22032.0,2568.0,980.0,5190.0
2985,37681.0,2417.0,10871.0,24133.0
2986,5673.0,667.0,3129.0,7762.0
2987,11556.0,367.0,2002.0,9048.0
2988,4013.0,585.0,2765.0,5142.0
2989,14163.0,1013.0,3840.0,4717.0
2990,7081.0,666.0,2707.0,7525.0
2991,3737.0,628.0,2164.0,8061.0
2992,4284.0,134.0,2151.0,12150.0
2993,10142.0,700.0,4214.0,5055.0
2994,3482.0,186.0,4539.0,13666.0
2995,4644.0,1265.0,496.0,3934.0
2996,11145.0,1524.0,2637.0,8703.0
2997,5714.0,1154.0,2318.0,5280.0
2998,14171.0,866.0,2576.0,7898.0
2999,19977.0,3873.0,4918.0,11005.0
3000,5104.0,424.0,2739.0,5143.0
3001,8151.0,519.0,2742.0,9652.0
3002,2636.0,650.0,859.0,10297.0
3003,7241.0,1081.0,1425.0,2924.0
3004,13165.0,1207.0,1521.0,9637.0
3005,4754.0,2025.0,1377.0,6057.0
3006,3411.0,763.0,-0.0,2570.0
3007,13529.0,725.0,711.0,8001.0
3008,4472.0,402.0,560.0,1861.0
3009,6052.0,461.0,2490.0,9577.0
3010,7027.0,798.0,1085.0,9573.0
3011,4195.0,2065.0,1675.0,7447.0
3012,13261.0,1824.0,1920.0,7844.0
3013,2790.0,744.0,1812.0,472.0
3014,388140.0,71817.0,162668.0,205234.0
3015,4660.0,553.0,2618.0,8048.0
3016,5818.0,1072.0,1668.0,6333.0
3017,8522.0,1525.0,2404.0,6962.0
3018,24026.0,1621.0,1246.0,4188.0
3019,3583.0,1291.0,120.0,3582.0
3020,2682.0,1413.0,562.0,5844.0
3021,11540.0,967.0,2622.0,10876.0
3022,5494.0,501.0,2064.0,10117.0
3023,3943.0,1108.0,2268.0,5597.0
3024,3841.0,599.0,2348.0,9359.0
3025,15011.0,1910.0,2659.0,5386.0
3026,4958.0,1709.0,3162.0,11757.0
3027,5755.0,586.0,1749.0,3764.0
3028,2782.0,369.0,1788.0,4659.0
3029,2671.0,985.0,2753.0,5565.0
3030,5229.0,950.0,1158.0,3010.0
3031,13447.0,1133.0,1725.0,4814.0
3032,2691.0,455.0,879.0,-0.0
3033,5427.0,886.0,3504.0,9830.0
3034,3344.0,113.0,1264.0,3119.0
3035,5880.0,700.0,487.0,-0.0
3036,4454.0,857.0,2359.0,10101.0
3037,22076.0,2150.0,2390.0,5504.0
3038,12096.0,1253.0,2621.0,10235.0
3039,3602.0,205.0,1769.0,1171.0
3040,52175.0,13401.0,193348.0,217858.0
3041,5013.0,584.0,1976.0,4221.0
3042,4491.0,808.0,1425.0,4818.0
3043,5305.0,584.0,1033.0,10901.0
3044,4110.0,852.0,3473.0,5957.0
3045,42838.0,2797.0,2342.0,9169.0
3046,17176.0,1109.0,1501.0,8784.0
3047,34376.0,5596.0,4405.0,9174.0
3048,7688.0,1083.0,2558.0,7389.0
3049,4355.0,1689.0,592.0,7521.0
3050,2624.0,252.0,2494.0,7178.0
3051,5812.0,1421.0,4293.0,7409.0
3052,3505.0,306.0,1533.0,11159.0
3053,3492.0,37.0,441.0,1941.0
3054,4754.0,499.0,588.0,16008.0
3055,29385.0,1889.0,1414.0,8074.0
3056,4442.0,709.0,929.0,3728.0
3057,4028.0,966.0,939.0,-0.0
3058,7518.0,1350.0,2713.0,3894.0
3059,4986.0,1184.0,1166.0,2661.0
3060,4867.0,319.0,1713.0,6991.0
3061,2561.0,987.0,1408.0,7353.0
3062,7686.0,859.0,1117.0,8380.0
3063,31171.0,1813.0,1559.0,11741.0
3064,30290.0,1863.0,2435.0,6843.0
3065,5396.0,970.0,2411.0,5266.0
3066,50281.0,25561.0,476783.0,291521.0
3067,3849.0,638.0,555.0,11311.0
3068,5868.0,918.0,1249.0,-0.0
3069,3463.0,129.0,1026.0,3956.0
3070,13249.0,2202.0,2221.0,8507.0
3071,2506.0,701.0,403.0,11502.0
3072,8511.0,1159.0,1751.0,7102.0
3073,7102.0,1802.0,2664.0,4405.0
3074,18309.0,2561.0,1708.0,10417.0
3075,3095.0,518.0,928.0,5919.0
3076,15959.0,1191.0,3046.0,4517.0
3077,5061.0,913.0,925.0,4635.0
3078,3764.0,613.0,1918.0,9320.0
3079,4537.0,689.0,1841.0,2126.0
3080,15301.0,1160.0,1790.0,10080.0
3081,5111.0,594.0,2432.0,881.0
3082,9090.0,1059.0,2473.0,6573.0
3083,26282.0,2324.0,2837.0,11905.0
3084,29835.0,1904.0,1675.0,9143.0
3085,7628.0,779.0,1385.0,3376.0
3086,22900.0,2975.0,2408.0,10386.0
3087,7196.0,995.0,2215.0,8929.0
3088,11730.0,826.0,247.0,7508.0
3089,7539.0,605.0,996.0,8849.0
3090,50419.0,2875.0,1659.0,11305.0
3091,19736.0,2249.0,2756.0,6977.0
3092,22995.0,1816.0,94.0,4839.0
3093,4409.0,897.0,1898.0,9739.0
3094,4772.0,1128.0,1495.0,3242.0
3095,3178.0,1345.0,2534.0,5265.0
3096,5430.0,1141.0,1774.0,3605.0
3097,4733.0,1260.0,1445.0,6315.0
3098,9464.0,2026.0,3093.0,1400.0
3099,2612.0,926.0,1824.0,3435.0
3100,43542.0,4051.0,2210.0,3741.0
3101,3184.0,30.0,353.0,9889.0
3102,4529.0,272.0,1300.0,8617.0
3103,3655.0,400.0,1944.0,16712.0
3104,26478.0,1541.0,1977.0,10094.0
3105,5557.0,1199.0,1321.0,1919.0
3106,4315.0,877.0,1891.0,3502.0
3107,6740.0,921.0,785.0,3692.0
3108,5976.0,938.0,2523.0,9646.0
3109,5023.0,456.0,2909.0,11741.0
3110,5696.0,536.0,2104.0,1302.0
3111,41753.0,3235.0,2454.0,6562.0
3112,7033.0,788.0,1855.0,2676.0
3113,33569.0,2565.0,3893.0,10657.0
3114,5129.0,523.0,1357.0,-0.0
3115,3211.0,725.0,1855.0,7041.0
3116,2545.0,1170.0,2360.0,9485.0
3117,3067.0,1708.0,700624.0,342264.0
3118,23611.0,1422.0,2614.0,5196.0
3119,8224.0,963.0,3363.0,10538.0
3120,5792.0,989.0,2263.0,7849.0
3121,12004.0,675.0,1680.0,7199.0
3122,11213.0,1670.0,1998.0,7222.0
3123,8405.0,1277.0,3035.0,2645.0
3124,5602.0,2290.0,2602.0,6254.0
3125,6469.0,1116.0,702.0,1583.0
3126,4160.0,992.0,266.0,10828.0
3127,3342.0,541.0,1645.0,11156.0
3128,4345.0,910.0,1624.0,8382.0
3129,10453.0,1606.0,422.0,7726.0
3130,29942.0,1593.0,2256.0,9683.0
3131,3944.0,479.0,341.0,5423.0
3132,2528.0,210.0,2140.0,4929.0
3133,6694.0,641.0,1179.0,2230.0
3134,6659.0,506.0,1086.0,9326.0
3135,13534.0,1870.0,4474.0,6125.0
3136,4692.0,719.0,1493.0,4819.0
3137,6956.0,1353.0,1915.0,3194.0
3138,14490.0,1146.0,2525.0,10256.0
3139,8547.0,618.0,1189.0,9910.0
3140,4315.0,2058.0,768.0,268.0
3141,7848.0,717.0,760.0,6013.0
3142,22382.0,4901.0,31142.0,19776.0
3143,83391.0,9177.0,246960.0,389933.0
3144,5056.0,687.0,1474.0,8324.0
3145,23353.0,2192.0,2446.0,12695.0
3146,3523.0,693.0,2643.0,12084.0
3147,7230.0,789.0,2109.0,4573.0
3148,12426.0,1299.0,1585.0,12963.0
3149,3260.0,917.0,3211.0,5353.0
3150,7198.0,400.0,2306.0,4499.0
3151,5037.0,1018.0,2587.0,14586.0
3152,4564.0,1165.0,2797.0,2848.0
3153,4865.0,561.0,2982.0,13460.0
3154,12595.0,1084.0,2008.0,6197.0
3155,9257.0,806.0,839.0,8197.0
3156,2989.0,286.0,3216.0,6545.0
3157,23653.0,3576.0,1319.0,9916.0
3158,5941.0,491.0,2597.0,10997.0
3159,15242.0,879.0,686.0,6646.0
3160,4817.0,434.0,1659.0,8064.0
3161,6655.0,1705.0,1802.0,4257.0
3162,6970.0,889.0,186.0,3918.0
3163,8826.0,1767.0,1882.0,10360.0
3164,7384.0,612.0,786.0,7597.0
3165,4677.0,665.0,2189.0,8340.0
3166,4446.0,790.0,1883.0,7283.0
3167,3695.0,1189.0,1437.0,7531.0
3168,18448.0,2316.0,4870.0,6393.0
3169,2463.0,1096.0,2107.0,12794.0
3170,4127.0,299.0,2486.0,6368.0
3171,5728.0,690.0,1359.0,8607.0
3172,5518.0,1167.0,1350.0,9616.0
3173,4282.0,300.0,3061.0,13334.0
3174,4830.0,504.0,698.0,7777.0
3175,4365.0,486.0,1491.0,5957.0
3176,3970.0,1176.0,1820.0,6915.0
3177,3410.0,604.0,1590.0,10851.0
3178,6749.0,513.0,-0.0,6000.0
3179,14528.0,1154.0,2387.0,8708.0
3180,6254.0,635.0,1444.0,7910.0
3181,53943.0,5023.0,6897.0,6444.0
3182,3791.0,349.0,1653.0,3198.0
3183,6500.0,475.0,1221.0,12157.0
3184,14309.0,1925.0,1360.0,6431.0
3185,118041.0,16491.0,78209.0,120918.0
3186,2797.0,719.0,883.0,3849.0
3187,7276.0,664.0,1571.0,12831.0
3188,4478.0,972.0,2711.0,1957.0
3189,8292.0,343.0,2538.0,9880.0
3190,6096.0,1012.0,1005.0,2796.0
3191,33755.0,3545.0,2891.0,3904.0
3192,4117.0,728.0,623.0,3188.0
3193,6828.0,657.0,2751.0,6922.0
3194,5036.0,1191.0,4198.0,4169.0
3195,27762.0,1151.0,1208.0,11892.0
3196,4086.0,1191.0,-0.0,3571.0
3197,42193.0,19257.0,19650.0,47435.0
3198,6858.0,1732.0,2507.0,9267.0
3199,3972.0,479.0,3554.0,5560.0
3200,39288.0,3069.0,4559.0,12145.0
3201,23517.0,1481.0,996.0,5267.0
3202,12612.0,1354.0,3292.0,3756.0
3203,6977.0,1375.0,2021.0,15862.0
3204,5567.0,1215.0,2122.0,-0.0
3205,3909.0,756.0,3204.0,3798.0
3206,7682.0,1282.0,4082.0,6986.0
3207,2525.0,293.0,128.0,6224.0
3208,11606.0,1033.0,2119.0,3911.0
3209,5792.0,778.0,2269.0,2960.0
3210,5410.0,519.0,2262.0,5954.0
3211,5550.0,385.0,2396.0,7469.0
3212,4193.0,1108.0,2026.0,7436.0
3213,12953.0,2349.0,3791.0,5809.0
3214,8627.0,798.0,4647.0,4579.0
3215,16274.0,1757.0,2334.0,6298.0
3216,9529.0,1755.0,2082.0,3158.0
3217,4101.0,1290.0,1719.0,4228.0
3218,3721.0,85.0,348.0,5543.0
3219,13952.0,1425.0,2664.0,12943.0
3220,6263.0,1335.0,840.0,4121.0
3221,3894.0,432.0,255.0,6532.0
3222,5815.0,2241.0,9858.0,11333.0
3223,11978.0,1281.0,1960.0,7902.0
3224,5447.0,1899.0,5228.0,12096.0
3225,4886.0,1099.0,2408.0,14134.0
3226,5799.0,703.0,413.0,3171.0
3227,20854.0,1451.0,1245.0,5948.0
3228,38024.0,3315.0,2685.0,11294.0
3229,21059.0,1547.0,520.0,4859.0
3230,18804.0,822.0,2208.0,8553.0
3231,3294.0,1420.0,1374.0,-0.0
3232,11801.0,1468.0,3807.0,6887.0
3233,3597.0,477.0,2043.0,8290.0
3234,3891.0,130.0,1685.0,6474.0
3235,4605.0,817.0,2649.0,9270.0
3236,4184.0,1011.0,3646.0,11884.0
3237,9699.0,1617.0,1649.0,8221.0
3238,4363.0,819.0,1777.0,7396.0
3239,3435.0,228.0,3139.0,7374.0
3240,7369.0,1081.0,2133.0,8265.0
3241,4660.0,310.0,577.0,5137.0
3242,5395.0,914.0,2306.0,6725.0
3243,7651.0,1117.0,2087.0,6298.0
3244,15625.0,1854.0,1907.0,6187.0
3245,9865.0,775.0,1920.0,5314.0
3246,37057.0,2624.0,2924.0,14927.0
3247,3999.0,614.0,873.0,6929.0
3248,4232.0,457.0,651.0,7704.0
3249,19937.0,2796.0,7953.0,16211.0
3250,4110.0,524.0,-0.0,7827.0
3251,4932.0,960.0,2409.0,9362.0
3252,2595.0,656.0,575.0,7669.0
3253,3593.0,442.0,2046.0,7258.0
3254,8150.0,570.0,2452.0,11708.0
3255,20861.0,1774.0,918.0,11832.0
3256,5886.0,320.0,2197.0,17530.0
3257,3854.0,2324.0,1581975.0,379616.0
3258,12417.0,900.0,1056.0,5503.0
3259,4596.0,1174.0,3227.0,2913.0
3260,10571.0,977.0,2123.0,5820.0
3261,2521.0,463.0,1940.0,9367.0
3262,9194.0,1264.0,1615.0,14250.0
3263,11549.0,1229.0,1189.0,7343.0
3264,7730.0,654.0,251.0,3691.0
3265,2497.0,172.0,2367.0,12846.0
3266,4564.0,1047.0,1167.0,2815.0
3267,30409.0,2567.0,1762.0,4107.0
3268,4789.0,883.0,2400.0,3641.0
3269,23244.0,2308.0,1174.0,7400.0
3270,7678.0,3003.0,2999.0,2955.0
3271,4682.0,285.0,3101.0,11655.0
3272,3496.0,993.0,2181.0,6337.0
3273,5117.0,793.0,600.0,12221.0
3274,3551.0,606.0,583.0,1658.0
3275,2996.0,583.0,420.0,4322.0
3276,2640.0,589.0,2366.0,9516.0
3277,28109.0,1803.0,1619.0,5366.0
3278,2922.0,311.0,2695.0,9313.0
3279,3593.0,877.0,1583.0,1497.0
3280,22982.0,1101.0,1584.0,6852.0
3281,4512.0,506.0,1386.0,6562.0
3282,5904.0,809.0,1732.0,10719.0
3283,5611.0,139.0,1299.0,7575.0
3284,13297.0,1783.0,1723.0,4977.0
3285,6033.0,705.0,2172.0,10121.0
3286,5373.0,508.0,2297.0,7790.0
3287,36345.0,2733.0,4094.0,5932.0
3288,6552.0,1178.0,1251.0,5912.0
3289,6564.0,355.0,1448.0,11383.0
3290,5947.0,729.0,308.0,6398.0
3291,21886.0,1723.0,1673.0,4647.0
3292,8049.0,1889.0,2958.0,7211.0
3293,8856.0,892.0,2779.0,5480.0
3294,4735.0,460.0,1599.0,2058.0
3295,3977.0,393.0,2198.0,3101.0
3296,11079.0,498.0,710.0,7200.0
3297,4988.0,962.0,1721.0,9816.0
3298,4486.0,674.0,1727.0,3626.0
3299,4403.0,1041.0,2715.0,8285.0
3300,3256.0,1386.0,1394.0,6048.0
3301,13196.0,1198.0,3114.0,6478.0
3302,10105.0,1250.0,3463.0,5832.0
3303,7180.0,649.0,2171.0,10196.0
3304,5400.0,1155.0,3549.0,9577.0
3305,2636.0,542.0,440.0,3760.0
3306,5404.0,580.0,1050.0,2949.0
3307,43338.0,3325.0,3250.0,8651.0
3308,7201.0,1493.0,1949.0,7223.0
3309,3810.0,723.0,1899.0,4884.0
3310,5419.0,69.0,627.0,10740.0
3311,19287.0,3470.0,2945.0,12327.0
3312,37606.0,3183.0,2517.0,5095.0
3313,11381.0,912.0,1645.0,5248.0
3314,11758.0,503.0,2380.0,6210.0
3315,5330.0,504.0,1937.0,1988.0
3316,3651.0,941.0,-0.0,5670.0
3317,4517.0,238.0,1860.0,5947.0
3318,4797.0,261.0,1370.0,7892.0
3319,14603.0,1376.0,2236.0,10338.0
3320,5381.0,852.0,1858.0,3259.0
3321,14729.0,1216.0,2932.0,5281.0
3322,4571.0,806.0,1448.0,17597.0
3323,5660.0,626.0,3160.0,12704.0
3324,3988.0,207.0,1764.0,10638.0
3325,3449.0,213.0,503.0,7185.0
3326,19399.0,2115.0,3825.0,7892.0
3327,3974.0,187.0,1548.0,13266.0
3328,2515.0,659.0,316.0,183.0
3329,21901.0,1681.0,2490.0,9919.0
3330,3972.0,1450.0,803.0,7957.0
3331,4989.0,633.0,3480.0,10273.0
3332,6024.0,1056.0,1643.0,10751.0
3333,3015.0,181.0,1617.0,4052.0
3334,2751.0,549.0,1401.0,12316.0
3335,22581.0,1975.0,1796.0,5283.0
3336,54436.0,4941.0,16457.0,35641.0
3337,4551.0,457.0,1238.0,5589.0
3338,3535.0,946.0,-0.0,11020.0
3339,5443.0,486.0,438.0,8766.0
3340,3094.0,147.0,-0.0,3797.0
3341,17313.0,730.0,2251.0,12157.0
3342,4260.0,190.0,1421.0,7127.0
3343,16796.0,921.0,2242.0,6836.0
3344,5744.0,897.0,1651.0,13518.0
3345,29305.0,3526.0,15456.0,11630.0
3346,5909.0,1191.0,841.0,7745.0
3347,5891.0,573.0,1410.0,7407.0
3348,4197.0,778.0,1756.0,10472.0
3349,4729.0,130.0,1128.0,6482.0
3350,2571.0,868.0,686.0,1105.0
3351,4067.0,1858.0,2384.0,8618.0
3352,7595.0,1568.0,3638.0,10514.0
3353,10270.0,1373.0,1136.0,2439.0
3354,4491.0,890.0,1866.0,11496.0
3355,2963.0,744.0,2464.0,11722.0
3356,4911.0,1240.0,952.0,9554.0
3357,8042.0,1442.0,1335.0,5753.0
3358,8408.0,902.0,1973.0,7376.0
3359,4589.0,574.0,3564.0,15228.0
3360,91851.0,19832.0,5293141.0,153109.0
3361,3646.0,229.0,1398.0,9060.0
3362,3403.0,299.0,3153.0,8825.0
3363,14452.0,1430.0,2271.0,17823.0
3364,6422.0,840.0,3161.0,9512.0
3365,42012.0,2799.0,7929.0,20259.0
3366,17604.0,1142.0,384.0,3666.0
3367,6359.0,879.0,649.0,2727.0
3368,5935.0,1118.0,3292.0,2407.0
3369,4621.0,1028.0,251.0,2126.0
3370,3847.0,492.0,1307.0,13690.0
3371,18572.0,1989.0,2035.0,8691.0
3372,20927.0,1179.0,-0.0,5958.0
3373,3722.0,619.0,2089.0,204.0
3374,14926.0,1684.0,1586.0,10926.0
3375,3756.0,678.0,2306.0,5724.0
3376,4531.0,501.0,2246.0,6842.0
3377,4444.0,402.0,1828.0,10035.0
3378,5572.0,2806.0,6092.0,10192.0
3379,10358.0,1187.0,1571.0,11585.0
3380,88336.0,23137.0,55401.0,119389.0
3381,4142.0,1054.0,1882.0,14560.0
3382,2624.0,380.0,1288.0,2823.0
3383,3267.0,231.0,-0.0,7339.0
3384,18493.0,1354.0,830.0,2053.0
3385,3066.0,625.0,3809.0,6938.0
3386,3183.0,1131.0,1051.0,8148.0
3387,5010.0,1258.0,1042.0,7904.0
3388,8275.0,638.0,1560.0,5690.0
3389,15356.0,1247.0,2437.0,8705.0
3390,3293.0,522.0,2457.0,15800.0
3391,8644.0,1642.0,1827.0,7503.0
3392,2819.0,224.0,543.0,4174.0
3393,2558.0,103.0,546.0,3704.0
3394,2520.0,773.0,1848.0,11645.0
3395,8501.0,731.0,2421.0,6442.0
3396,8961.0,744.0,3250.0,4900.0
3397,4430.0,1266.0,1253.0,7933.0
3398,5117.0,477.0,1734.0,5962.0
3399,3339.0,734.0,538.0,2557.0
3400,60092.0,8909.0,6754.0,20493.0
3401,2522.0,716.0,2848.0,9511.0
3402,4242.0,1664.0,2064.0,8452.0
3403,11977.0,1227.0,435.0,6068.0
3404,9968.0,2189.0,1423.0,10464.0
3405,3658.0,309.0,1452.0,5159.0
3406,4633.0,632.0,1570.0,8377.0
3407,4565.0,621.0,660.0,12102.0
3408,45704.0,5117.0,2452.0,6853.0
3409,4668.0,1199.0,2149.0,3422.0
3410,12895.0,1525.0,1535.0,3643.0
3411,4392.0,274.0,2116.0,5821.0
3412,5067.0,935.0,1299.0,10674.0
3413,5549.0,987.0,1715.0,8244.0
3414,2995.0,1472.0,1064.0,83.0
3415,6676.0,528.0,3074.0,9863.0
3416,5076.0,1236.0,925.0,9028.0
3417,8761.0,1967.0,817.0,3056.0
3418,5707.0,854.0,2912.0,5743.0
3419,9407.0,834.0,1161.0,5606.0
3420,64616.0,14239.0,46135.0,89746.0
3421,5693.0,1322.0,1850.0,5525.0
3422,17064.0,2474.0,1510.0,3200.0
3423,10346.0,869.0,873.0,8642.0
3424,5845.0,437.0,1375.0,3560.0
3425,6225.0,569.0,180.0,6565.0
3426,13836.0,2511.0,4341.0,7117.0
3427,5346.0,717.0,2244.0,14464.0
3428,25561.0,1547.0,1252.0,3751.0
3429,19615.0,1254.0,3437.0,11844.0
3430,11233.0,595.0,1014.0,11098.0
3431,6906.0,1357.0,3365.0,6025.0
3432,23215.0,1214.0,991.0,8339.0
3433,4547.0,295.0,1655.0,7011.0
3434,3287.0,660.0,1496.0,4427.0
3435,4695.0,565.0,2899.0,6041.0
3436,6064.0,885.0,1489.0,11343.0
3437,6386.0,572.0,2423.0,10324.0
3438,5848.0,785.0,1369.0,1563.0
3439,43552.0,2957.0,2740.0,8411.0
3440,18281.0,1364.0,681.0,6523.0
3441,7808.0,645.0,1985.0,3463.0
3442,3860.0,495.0,2612.0,6168.0
3443,21705.0,2115.0,1078.0,4449.0
3444,7504.0,907.0,1647.0,250.0
3445,4642.0,733.0,4158.0,831.0
3446,7993.0,1063.0,3135.0,8222.0
3447,4070.0,549.0,740.0,2894.0
3448,6052.0,632.0,94.0,3001.0
3449,5860.0,386.0,857.0,5241.0
3450,33557.0,1777.0,1928.0,14768.0
3451,14492.0,1403.0,1732.0,8570.0
3452,13338.0,1437.0,1601.0,6071.0
3453,2523.0,545.0,1548.0,6522.0
3454,4104.0,915.0,1175.0,368.0
3455,16235.0,2925.0,909.0,6097.0
3456,6825.0,688.0,2951.0,9031.0
3457,38753.0,3663.0,3043.0,15167.0
3458,20317.0,1650.0,2021.0,216.0
3459,6315.0,729.0,916.0,3226.0
3460,9979.0,1595.0,-0.0,10921.0
3461,26779.0,772.0,1051.0,8934.0
3462,3439.0,641.0,675.0,95.0
3463,3717.0,223.0,2088.0,10519.0
3464,16785.0,1450.0,1795.0,5903.0
3465,12638.0,1767.0,4843.0,8940.0
3466,3274.0,852.0,1611.0,12116.0
3467,19422.0,976.0,2351.0,4930.0
3468,7900.0,546.0,3388.0,-0.0
3469,6140.0,685.0,3702.0,9332.0
3470,6323.0,473.0,1729.0,6375.0
3471,6985.0,443.0,3225.0,13366.0
3472,34397.0,1935.0,3023.0,12464.0
3473,2657.0,964.0,-0.0,3428.0
3474,4643.0,164.0,1530.0,4093.0
3475,2580.0,1050.0,2972.0,9799.0
3476,36988.0,2949.0,1835.0,10303.0
3477,4286.0,929.0,1398.0,1410.0
3478,3389.0,1340.0,2288.0,5129.0
3479,21096.0,2136.0,1803.0,7957.0
3480,3477.0,815.0,3110.0,4694.0
3481,39255.0,2738.0,1836.0,9631.0
3482,17074.0,1487.0,809.0,7105.0
3483,5203.0,591.0,3482.0,7343.0
3484,5169.0,739.0,1820.0,5441.0
3485,18020.0,1568.0,2728.0,8998.0
3486,16501.0,2365.0,2200.0,3428.0
3487,4137.0,1656.0,1808.0,11464.0
3488,9239.0,962.0,3187.0,8220.0
3489,43873.0,3400.0,3906.0,12722.0
3490,3324.0,55.0,1780.0,10262.0
3491,14463.0,1829.0,2823.0,3467.0
3492,7624.0,1622.0,3244.0,17946.0
3493,5218.0,1019.0,1707.0,8357.0
3494,3018.0,71.0,1407.0,10284.0
3495,6200.0,734.0,1396.0,7988.0
3496,6697.0,381.0,741.0,2057.0
3497,29816.0,3845.0,2509.0,15845.0
3498,26163.0,2367.0,793.0,6057.0
3499,5706.0,2220.0,3163.0,3028.0
3500,4334.0,838.0,2590.0,3701.0
3501,2905.0,306.0,1521.0,4654.0
3502,9258.0,1151.0,1855.0,5507.0
3503,6413.0,603.0,2557.0,5857.0
3504,11827.0,1532.0,863.0,3254.0
3505,3173.0,241.0,1934.0,9007.0
3506,6719.0,1172.0,3244.0,10802.0
3507,7602.0,1019.0,1162.0,5703.0
3508,4802.0,314.0,2222.0,6761.0
3509,6402.0,473.0,3655.0,12107.0
3510,5236.0,1348.0,2414.0,6060.0
3511,4523.0,510.0,1222.0,6233.0
3512,12467.0,1078.0,896.0,12199.0
3513,18699.0,1118.0,1055.0,8060.0
3514,12071.0,974.0,1866.0,5664.0
3515,27714.0,2881.0,3187.0,13968.0
3516,2490.0,698.0,1448.0,6707.0
3517,9014.0,1567.0,3074.0,12993.0
3518,14315.0,1411.0,1014.0,5863.0
3519,5392.0,651.0,2210.0,1243.0
3520,16899.0,2218.0,2769.0,10992.0
3521,20382.0,1956.0,2114.0,14072.0
3522,6725.0,833.0,3353.0,8837.0
3523,4062.0,935.0,1270.0,1315.0
3524,27631.0,4311.0,2782.0,12117.0
3525,19360.0,4133.0,7649.0,10546.0
3526,10033.0,1435.0,2002.0,4996.0
3527,4480.0,701.0,1820.0,9713.0
3528,2507.0,577.0,-0.0,-0.0
3529,22906.0,3353.0,1996.0,15658.0
3530,4372.0,560.0,1495.0,7298.0
3531,6333.0,879.0,2246.0,4770.0
3532,3367.0,1250.0,2202.0,10289.0
3533,6203.0,208.0,3070.0,15389.0
3534,64621.0,6273.0,20903.0,30336.0
3535,9784.0,1259.0,-0.0,1911.0
3536,8592.0,1418.0,1452.0,2830.0
3537,5954.0,1335.0,1537.0,6731.0
3538,6371.0,459.0,2055.0,5685.0
3539,19652.0,3149.0,1885.0,12880.0
3540,4403.0,139.0,684.0,-0.0
3541,11943.0,288.0,2944.0,-0.0
3542,2785.0,655.0,1190.0,4172.0
3543,2591.0,189.0,2331.0,9672.0
3544,3532.0,140.0,-0.0,1646.0
3545,2787.0,1055.0,2576.0,8206.0
3546,6110.0,806.0,2590.0,5174.0
3547,45153.0,3494.0,1676.0,11479.0
3548,4252.0,1162.0,2227.0,9504.0
3549,20804.0,1340.0,1316.0,5660.0
3550,4027.0,935.0,2474.0,7014.0
3551,5666.0,556.0,764.0,1853.0
3552,4110.0,298.0,610.0,6251.0
3553,5847.0,578.0,1817.0,13537.0
3554,27604.0,2045.0,2774.0,4393.0
3555,9677.0,605.0,2004.0,4095.0
3556,2861.0,1160.0,1319.0,7398.0
3557,3010.0,522.0,1608.0,7632.0
3558,16648.0,2126.0,2388.0,7930.0
3559,6024.0,491.0,1458.0,10124.0
3560,11558.0,864.0,1881.0,12170.0
3561,5219.0,850.0,1658.0,9613.0
3562,4218.0,660.0,1890.0,3957.0
3563,14500.0,418.0,2509.0,4626.0
3564,8559.0,1094.0,698.0,3474.0
3565,4844.0,404.0,2483.0,9919.0
3566,4396.0,1463.0,1620.0,5466.0
3567,13205.0,1453.0,3413.0,12546.0
3568,10276.0,472.0,2477.0,13801.0
3569,17443.0,949.0,1694.0,13219.0
3570,4553.0,292.0,1498.0,7925.0
3571,14205.0,1320.0,2606.0,7149.0
3572,19179.0,1526.0,585.0,9281.0
3573,15893.0,915.0,2884.0,8306.0
3574,3913.0,372.0,1937.0,5420.0
3575,3101.0,61.0,1741.0,8974.0
3576,2768.0,1018.0,1368.0,10277.0
3577,5336.0,793.0,2410.0,5329.0
3578,3568.0,809.0,1734.0,13918.0
3579,20130.0,1626.0,352.0,7634.0
3580,4415.0,353.0,1380.0,8723.0
3581,8037.0,710.0,4931.0,14423.0
3582,4138.0,606.0,913.0,3899.0
3583,3605.0,276.0,546.0,4074.0
3584,18776.0,1936.0,36488.0,63191.0
3585,21256.0,1879.0,1779.0,8480.0
3586,3928.0,642.0,1522.0,6188.0
3587,4826.0,1464.0,310.0,8227.0
3588,23221.0,1792.0,2457.0,9705.0
3589,32503.0,1982.0,4280.0,6188.0
3590,5111.0,1072.0,3113.0,2979.0
3591,2771.0,214.0,694.0,4264.0
3592,4115.0,678.0,3412.0,7951.0
3593,3168.0,630.0,809.0,8073.0
3594,11529.0,2651.0,2222.0,4707.0
3595,9073.0,715.0,1368.0,4293.0
3596,6580.0,529.0,1971.0,1629.0
3597,3700.0,277.0,1791.0,8312.0
3598,7617.0,656.0,1449.0,7343.0
3599,2765.0,617.0,2219.0,12071.0
3600,33643.0,4681.0,2912.0,8354.0
3601,16199.0,1275.0,1636.0,7402.0
3602,23588.0,3926.0,2397.0,5586.0
3603,43228.0,2829.0,2862.0,14378.0
3604,4241.0,735.0,2896.0,4641.0
3605,2713.0,420.0,1596.0,7086.0
3606,24860.0,2519.0,3390.0,14968.0
3607,5964.0,1314.0,2425.0,10044.0
3608,54940.0,4485.0,3179.0,14623.0
3609,7872.0,644.0,1171.0,5833.0
3610,4575.0,779.0,1115.0,2928.0
3611,4725.0,1182.0,3766.0,9309.0
3612,3563.0,2104.0,4139.0,7411.0
3613,28039.0,3963.0,3577.0,26147.0
3614,3926.0,421.0,1374.0,6286.0
3615,3972.0,812.0,839.0,5677.0
3616,4985.0,1550.0,1413.0,7456.0
3617,5860.0,1273.0,1461.0,2860.0
3618,12341.0,1156.0,3427.0,9875.0
3619,27279.0,2159.0,3343.0,8577.0
3620,8869.0,589.0,4230.0,9898.0
3621,17726.0,1065.0,2941.0,12972.0
3622,3020.0,706.0,1955.0,13243.0
3623,8298.0,792.0,2131.0,9835.0
3624,6704.0,753.0,1348.0,11608.0
3625,5676.0,990.0,2136.0,4017.0
3626,3801.0,368.0,2841.0,3448.0
3627,3220.0,907.0,2569.0,6546.0
3628,5936.0,590.0,-0.0,509.0
3629,4311.0,395.0,930.0,6934.0
3630,7394.0,2178.0,1367.0,6958.0
3631,16164.0,1849.0,1841.0,10326.0
3632,5941.0,608.0,2080.0,3842.0
3633,46535.0,4131.0,2880.0,11727.0
3634,4091.0,305.0,1089.0,11684.0
3635,2559.0,723.0,1153.0,4486.0
3636,6331.0,643.0,1740.0,2703.0
3637,4395.0,517.0,-0.0,3485.0
3638,3884.0,1045.0,1695.0,8764.0
3639,15880.0,542.0,779.0,4932.0
3640,3067.0,201.0,1572.0,5408.0
3641,11871.0,1484.0,1943.0,7819.0
3642,24499.0,2368.0,3640.0,11860.0
3643,5606.0,564.0,857.0,11528.0
3644,14208.0,1184.0,3143.0,11164.0
3645,25081.0,2335.0,2515.0,6377.0
3646,2714.0,745.0,845.0,5991.0
3647,4513.0,838.0,1295.0,8192.0
3648,4639.0,852.0,1604.0,6287.0
3649,12696.0,1133.0,-0.0,9399.0
3650,4980.0,945.0,1917.0,8766.0
3651,6012.0,948.0,2051.0,3999.0
3652,5426.0,791.0,2714.0,12236.0
3653,5031.0,781.0,2024.0,9866.0
3654,27787.0,3125.0,4330.0,15000.0
3655,3116.0,379.0,1158.0,6451.0
3656,11796.0,2136.0,586.0,8232.0
3657,7393.0,1006.0,4789.0,4910.0
3658,27805.0,1760.0,10525.0,11521.0
3659,8544.0,993.0,5372.0,16340.0
3660,5997.0,452.0,2927.0,4135.0
3661,5917.0,1161.0,1969.0,12859.0
3662,4751.0,444.0,1774.0,6319.0
3663,14267.0,1347.0,3293.0,10670.0
3664,12857.0,914.0,1577.0,4060.0
3665,4082.0,715.0,249.0,8634.0
3666,40712.0,3145.0,2337.0,17108.0
3667,34680.0,3006.0,658.0,4210.0
3668,23197.0,1005.0,2547.0,5830.0
3669,10263.0,999.0,1336.0,5374.0
3670,13291.0,1181.0,1611.0,6749.0
3671,4959.0,1692.0,4754.0,2659.0
3672,19788.0,1920.0,956.0,5377.0
3673,6602.0,1112.0,1790.0,3648.0
3674,8458.0,1523.0,324.0,4960.0
3675,5581.0,444.0,2333.0,8743.0
3676,12151.0,1155.0,1756.0,14113.0
3677,14212.0,789.0,1300.0,9534.0
3678,5416.0,541.0,929.0,4075.0
3679,3960.0,300.0,1689.0,6396.0
3680,20710.0,2563.0,2349.0,2203.0
3681,6694.0,321.0,2472.0,5932.0
3682,5351.0,954.0,2187.0,4934.0
3683,3163.0,392.0,976.0,-0.0
3684,3913.0,603.0,1469.0,7401.0
3685,2667.0,373.0,1554.0,6963.0
3686,5864.0,712.0,2106.0,3645.0
3687,7916.0,1255.0,1485.0,10451.0
3688,8490.0,645.0,1770.0,9055.0
3689,5487.0,679.0,1255.0,9929.0
3690,8596.0,1095.0,2169.0,8091.0
3691,5184.0,1483.0,2909.0,9100.0
3692,5375.0,1751.0,939.0,5202.0
3693,42877.0,6585.0,2849.0,19993.0
3694,3094.0,567.0,1121.0,7241.0
3695,5414.0,428.0,2688.0,2194.0
3696,5446.0,882.0,1960.0,3793.0
3697,15727.0,794.0,2687.0,14562.0
3698,4031.0,529.0,2384.0,9105.0
3699,15290.0,1609.0,870.0,8268.0
3700,7050.0,1518.0,1277.0,3234.0
3701,3927.0,489.0,1782.0,1550.0
3702,3346.0,1201.0,1479.0,4702.0
3703,71191.0,6050.0,10203.0,13466.0
3704,10534.0,1585.0,697.0,8148.0
3705,5412.0,685.0,1110.0,7257.0
3706,5400.0,686.0,483.0,624.0
3707,3436.0,1692.0,2555.0,11508.0
3708,23985.0,2072.0,2011.0,9828.0
3709,5520.0,1106.0,853.0,8663.0
3710,3334.0,864.0,842.0,7205.0
3711,4640.0,152.0,1926.0,5213.0
3712,6980.0,692.0,1446.0,10222.0
3713,4063.0,535.0,1291.0,10214.0
3714,3470.0,1092.0,1722.0,7817.0
3715,10976.0,1010.0,1242.0,6722.0
3716,4852.0,707.0,2630.0,3902.0
3717,3947.0,781.0,2639.0,8946.0
3718,30811.0,2465.0,4349.0,7492.0
3719,4982.0,874.0,1161.0,8379.0
3720,5188.0,711.0,655.0,6571.0
3721,23071.0,1167.0,1638.0,6666.0
3722,57002.0,4224.0,3047.0,7717.0
3723,6026.0,717.0,2054.0,7071.0
3724,22787.0,2705.0,2877.0,10415.0
3725,20504.0,2166.0,14390.0,27611.0
3726,6290.0,672.0,1513.0,6420.0
3727,7376.0,559.0,2051.0,4522.0
3728,17020.0,2467.0,2522.0,6351.0
3729,18862.0,1044.0,1216.0,5760.0
3730,4397.0,669.0,3484.0,5544.0
3731,8265.0,1883.0,2774.0,10073.0
3732,2827.0,1256.0,1426.0,5703.0
3733,21887.0,1920.0,2757.0,5912.0
3734,27142.0,2914.0,2161.0,3157.0
3735,4740.0,226.0,1172.0,8207.0
3736,9384.0,1406.0,2634.0,15995.0
3737,4501.0,1019.0,3139.0,14536.0
3738,5218.0,1348.0,2814.0,9380.0
3739,7576.0,1237.0,1400.0,4085.0
3740,4712.0,1183.0,3732.0,5506.0
3741,3920.0,1045.0,2904.0,4234.0
3742,3949.0,1005.0,2439.0,6126.0
3743,4183.0,590.0,2349.0,-0.0
3744,3949.0,674.0,1811.0,7557.0
3745,6096.0,766.0,2333.0,12087.0
3746,6176.0,850.0,-0.0,8895.0
3747,3683.0,704.0,1419.0,2875.0
3748,7081.0,395.0,3259.0,4323.0
3749,4869.0,1030.0,2397.0,3718.0
3750,8275.0,531.0,2658.0,13110.0
3751,6374.0,1301.0,799.0,3031.0
3752,6595.0,593.0,2340.0,14631.0
3753,5948.0,678.0,1620.0,9654.0
3754,9969.0,1699.0,359.0,8562.0
3755,7238.0,1065.0,1821.0,4125.0
3756,22800.0,2028.0,2023.0,7285.0
3757,3595.0,161.0,1923.0,11948.0
3758,14559.0,1800.0,4329.0,14487.0
3759,8453.0,932.0,476.0,3391.0
3760,8402.0,1485.0,1751.0,7643.0
3761,4729.0,218.0,1693.0,10716.0
3762,3509.0,696.0,419.0,9326.0
3763,3895.0,444.0,164.0,3744.0
3764,2652.0,625.0,2393.0,5672.0
3765,2644.0,599.0,992.0,8329.0
3766,3983.0,549.0,-0.0,5464.0
3767,3578.0,430.0,2396.0,13922.0
3768,38916.0,1959.0,1743.0,12295.0
3769,10465.0,902.0,2467.0,9059.0
3770,2582.0,108.0,2895.0,5918.0
3771,3154.0,341.0,65.0,8195.0
3772,4272.0,805.0,859.0,4607.0
3773,24162.0,4428.0,1886.0,8610.0
3774,3319.0,1075.0,622.0,6799.0
3775,7316.0,1299.0,1868.0,6097.0
3776,4102.0,964.0,-0.0,-0.0
3777,4301.0,860.0,2280.0,-0.0
3778,8114.0,609.0,2695.0,7602.0
3779,4152.0,845.0,1503.0,8633.0
3780,23353.0,2266.0,3032.0,9961.0
3781,3475.0,190.0,1492.0,1166.0
3782,4326.0,190.0,2027.0,4874.0
3783,6590.0,1376.0,1880.0,5331.0
3784,3466.0,869.0,1568.0,-0.0
3785,6294.0,1113.0,1130.0,11330.0
3786,4559.0,83.0,1396.0,1945.0
3787,5919.0,1028.0,1881.0,4317.0
3788,4233.0,812.0,1512.0,8810.0
3789,6900.0,818.0,2880.0,9086.0
3790,3009.0,986.0,588.0,6317.0
3791,2615.0,466.0,1146.0,6363.0
3792,7128.0,1043.0,1260.0,7042.0
3793,10658.0,460.0,716.0,3223.0
3794,5232.0,521.0,1124.0,3745.0
3795,3162.0,19.0,-0.0,6153.0
3796,7883.0,469.0,573.0,6010.0
3797,5881.0,1293.0,194.0,5526.0
3798,28753.0,2093.0,2220.0,6401.0
3799,62169.0,7330.0,4055.0,12465.0
3800,16331.0,1741.0,1846.0,10648.0
3801,22229.0,4154.0,1212.0,7044.0
3802,29236.0,2036.0,1116.0,5628.0
3803,8093.0,647.0,1466.0,5530.0
3804,4408.0,761.0,439.0,3687.0
3805,7265.0,1049.0,2617.0,6413.0
3806,12118.0,2071.0,1951.0,7628.0
3807,2653.0,160.0,1372.0,3009.0
3808,4469.0,660.0,2125.0,3945.0
3809,7645.0,925.0,2304.0,718.0
3810,4170.0,191.0,3561.0,7351.0
3811,7484.0,715.0,871.0,3196.0
3812,2485.0,754.0,-0.0,2962.0
3813,4898.0,897.0,2197.0,9308.0
3814,14885.0,1425.0,1978.0,4551.0
3815,12710.0,3816.0,2271.0,12846.0
3816,9292.0,1189.0,1661.0,6149.0
3817,28711.0,2474.0,1845.0,5380.0
3818,51556.0,5988.0,9015.0,39099.0
3819,5532.0,1272.0,939.0,10160.0
3820,4615.0,948.0,3292.0,10974.0
3821,23078.0,3116.0,425.0,4168.0
3822,2842.0,637.0,771.0,13842.0
3823,29678.0,2315.0,2526.0,6029.0
3824,6451.0,876.0,942.0,3900.0
3825,12685.0,1357.0,2018.0,5825.0
3826,5693.0,503.0,1824.0,6748.0
3827,9093.0,1538.0,919.0,6958.0
3828,5702.0,695.0,4413.0,12658.0
3829,15213.0,1116.0,1408.0,7619.0
3830,5160.0,449.0,2448.0,6084.0
3831,21539.0,1645.0,1840.0,8084.0
3832,5606.0,40.0,3003.0,9903.0
3833,16230.0,1720.0,1386.0,2826.0
3834,4751.0,415.0,2108.0,2198.0
3835,17664.0,1773.0,1288.0,7490.0
3836,19040.0,2007.0,2900.0,9798.0
3837,2643.0,446.0,864.0,8023.0
3838,3770.0,1024.0,2420.0,5075.0
3839,3797.0,393.0,2006.0,10404.0
3840,11180.0,1785.0,892.0,6845.0
3841,3404.0,1159.0,879.0,4183.0
3842,3035.0,1323.0,312.0,3141.0
3843,12422.0,803.0,1200.0,4506.0
3844,8906.0,952.0,1154.0,8007.0
3845,6526.0,743.0,2085.0,10179.0
3846,8314.0,574.0,2501.0,11053.0
3847,2831.0,686.0,953.0,6818.0
3848,44812.0,3762.0,7720.0,10530.0
3849,8922.0,700.0,3406.0,6399.0
3850,4188.0,740.0,1760.0,10709.0
3851,13801.0,1546.0,2726.0,4148.0
3852,5760.0,923.0,3363.0,13084.0
3853,2514.0,444.0,692.0,6412.0
3854,3907.0,1198.0,1355.0,2643.0
3855,3997.0,511.0,446.0,5537.0
3856,2834.0,866.0,854.0,7064.0
3857,3108.0,284.0,3273.0,7632.0
3858,12504.0,2505.0,2755.0,2995.0
3859,8662.0,1805.0,1444.0,9391.0
3860,25813.0,1046.0,1886.0,7815.0
3861,5018.0,324.0,2355.0,5782.0
3862,7162.0,1166.0,2158.0,12097.0
3863,4910.0,370.0,2903.0,9604.0
3864,2742.0,711.0,217.0,4533.0
3865,3414.0,87.0,1111.0,3732.0
3866,4979.0,648.0,2476.0,6451.0
3867,5772.0,1707.0,653.0,7422.0
3868,7524.0,282.0,2495.0,6121.0
3869,6527.0,773.0,1642.0,3050.0
3870,35998.0,3462.0,1487.0,8163.0
3871,4157.0,313.0,3367.0,8507.0
3872,5222.0,500.0,2668.0,-0.0
3873,3994.0,1175.0,1825.0,7468.0
3874,26319.0,2807.0,536.0,5210.0
3875,5257.0,545.0,2472.0,5508.0
3876,5946.0,706.0,1931.0,15174.0
3877,7678.0,461.0,2545.0,8534.0
3878,3232.0,642.0,1814.0,-0.0
3879,5112.0,235.0,1000.0,8780.0
3880,5292.0,523.0,1826.0,4608.0
3881,10792.0,850.0,2135.0,3492.0
3882,2649.0,324.0,1271.0,3808.0
3883,3975.0,478.0,1141.0,6514.0
3884,3130.0,204.0,2224.0,7113.0
3885,40489.0,3099.0,24015.0,10701.0
3886,4514.0,741.0,562.0,3583.0
3887,3469.0,643.0,1680.0,7810.0
3888,5099.0,491.0,3060.0,4227.0
3889,3180.0,880.0,312.0,4310.0
3890,2678.0,337.0,1535.0,6979.0
3891,21543.0,1640.0,1553.0,4938.0
3892,3951.0,733.0,364.0,4304.0
3893,6209.0,277.0,2282.0,12661.0
3894,13624.0,1508.0,1363.0,12812.0
3895,26692.0,7921.0,15654.0,37558.0
3896,7140.0,868.0,1912.0,8878.0
3897,19207.0,1661.0,981.0,13392.0
3898,5703.0,585.0,2295.0,11204.0
3899,3770.0,555.0,2961.0,6513.0
3900,2618.0,180.0,1244.0,9727.0
3901,2504.0,537.0,2042.0,5987.0
3902,4805.0,172.0,1772.0,10719.0
3903,6571.0,588.0,736.0,3657.0
3904,18088.0,2720.0,3172.0,16733.0
3905,91582.0,5643.0,12224.0,15873.0
3906,2636.0,763.0,235.0,6767.0
3907,5313.0,508.0,1628.0,5411.0
3908,6073.0,1251.0,2825.0,3899.0
3909,32163.0,3548.0,2289.0,6851.0
3910,7509.0,798.0,3623.0,6984.0
3911,9440.0,580.0,1217.0,1310.0
3912,3049.0,1707.0,355442.0,540048.0
3913,4758.0,1222.0,1174.0,11832.0
3914,9388.0,920.0,1464.0,9196.0
3915,4325.0,593.0,1566.0,5967.0
3916,4695.0,1227.0,274.0,11694.0
3917,34884.0,3308.0,1547.0,1104.0
3918,4400.0,163.0,2036.0,3554.0
3919,8533.0,606.0,1086.0,5098.0
3920,14687.0,2051.0,2728.0,8365.0
3921,3707.0,309.0,2322.0,4783.0
3922,7970.0,939.0,109.0,6101.0
3923,4216.0,366.0,4282.0,8969.0
3924,7811.0,844.0,843.0,7759.0
3925,7308.0,527.0,1681.0,9485.0
3926,31215.0,6644.0,254732.0,189951.0
3927,26396.0,2921.0,2478.0,7495.0
3928,14981.0,2000.0,2350.0,5948.0
3929,22878.0,1686.0,2355.0,6388.0
3930,11514.0,927.0,2015.0,11815.0
3931,2875.0,110.0,1226.0,7081.0
3932,6606.0,1322.0,72.0,5190.0
3933,7817.0,1142.0,1713.0,7011.0
3934,24306.0,3248.0,3773.0,9949.0
3935,13043.0,1511.0,1070.0,10119.0
3936,26131.0,1361.0,1864.0,1244.0
3937,5700.0,515.0,1364.0,2721.0
3938,27126.0,2173.0,1459.0,7811.0
3939,14960.0,813.0,1791.0,11274.0
3940,6519.0,676.0,3547.0,8430.0
3941,7700.0,867.0,1471.0,-0.0
3942,5396.0,498.0,518.0,11208.0
3943,6695.0,788.0,3770.0,13498.0
3944,2588.0,970.0,1510.0,10763.0
3945,5532.0,871.0,2847.0,6019.0
3946,4530.0,749.0,1152.0,-0.0
3947,174842.0,17159.0,16337.0,18192.0
3948,4186.0,1792.0,2588.0,7657.0
3949,4904.0,533.0,1635.0,3630.0
3950,3892.0,1133.0,151.0,5927.0
3951,4606.0,1002.0,1473.0,10072.0
3952,5818.0,472.0,2188.0,4891.0
3953,8026.0,439.0,924.0,7573.0
3954,13042.0,1754.0,1989.0,7620.0
3955,4898.0,186.0,2735.0,7805.0
3956,7765.0,1080.0,1986.0,10406.0
3957,4130.0,739.0,1381.0,6250.0
3958,4726.0,1324.0,1005.0,12896.0
3959,4877.0,1037.0,3270.0,4875.0
3960,21506.0,1882.0,1893.0,7799.0
3961,4536.0,928.0,2224.0,917.0
3962,4032.0,1080.0,2852.0,3083.0
3963,3112.0,279.0,2210.0,5113.0
3964,3955.0,1207.0,2545.0,5914.0
3965,4326.0,582.0,2543.0,8690.0
3966,33708.0,2962.0,1677.0,10105.0
3967,3654.0,985.0,1357.0,9935.0
3968,4165.0,1076.0,2805.0,10808.0
3969,5755.0,918.0,2125.0,18866.0
3970,7330.0,730.0,1839.0,6090.0
3971,3644.0,128.0,1846.0,7686.0
3972,3806.0,241.0,1665.0,8262.0
3973,7506.0,973.0,564.0,3792.0
3974,9636.0,1307.0,1187.0,2616.0
3975,4025.0,745.0,2135.0,10733.0
3976,5835.0,949.0,2912.0,14350.0
3977,4629.0,636.0,1086.0,2537.0
3978,4052.0,616.0,2246.0,5136.0
3979,4021.0,1148.0,1992.0,1304.0
3980,4413.0,589.0,2464.0,4522.0
3981,15127.0,1824.0,1863.0,7908.0
3982,14969.0,1675.0,3176.0,8227.0
3983,14643.0,1567.0,2666.0,8874.0
3984,13995.0,1083.0,3156.0,2068.0
3985,3822.0,696.0,3273.0,8829.0
3986,8401.0,1219.0,2666.0,9778.0
3987,22365.0,1405.0,2145.0,5899.0
3988,9507.0,1155.0,2823.0,5736.0
3989,5439.0,882.0,496.0,8497.0
3990,4259.0,898.0,3404.0,11644.0
3991,7563.0,1129.0,3604.0,13682.0
3992,5736.0,555.0,976.0,8761.0
3993,8719.0,494.0,1118.0,5242.0
3994,5111.0,582.0,2935.0,6623.0
3995,8394.0,865.0,2283.0,8825.0
3996,31831.0,2780.0,3827.0,10282.0
3997,4367.0,413.0,1986.0,7229.0
3998,18116.0,1529.0,2593.0,10066.0
3999,3111.0,467.0,2004.0,11710.0
4000,28937.0,1455.0,2603.0,15576.0
4001,3850.0,538.0,1772.0,12654.0
4002,8636.0,533.0,2347.0,12020.0
4003,14209.0,1618.0,1552.0,3497.0
4004,42026.0,3480.0,3430.0,18951.0
4005,4007.0,862.0,4242.0,18403.0
4006,4884.0,1186.0,1244.0,3856.0
4007,4931.0,706.0,391.0,11635.0
4008,2852.0,1274.0,1309.0,7809.0
4009,3653.0,601.0,776.0,10431.0
4010,16448.0,2895.0,732.0,2963.0
4011,12530.0,472.0,499.0,2757.0
4012,6709.0,1401.0,2386.0,7523.0
4013,4798.0,465.0,2073.0,7877.0
4014,9017.0,594.0,1557.0,4122.0
4015,5227.0,601.0,2678.0,6536.0
4016,38417.0,20880.0,7592.0,41124.0
4017,25178.0,3331.0,7311.0,19534.0
4018,5788.0,1168.0,3505.0,6838.0
4019,4730.0,1017.0,1349.0,6599.0
4020,12310.0,791.0,8976.0,13134.0
4021,5498.0,824.0,1599.0,4580.0
4022,2960.0,1172.0,1628.0,3301.0
4023,2849.0,442.0,1049.0,12614.0
4024,2623.0,1389.0,1689.0,11217.0
4025,17354.0,1788.0,2513.0,3057.0
4026,5957.0,460.0,2774.0,13347.0
4027,6332.0,717.0,2018.0,8540.0
4028,2889.0,797.0,1075.0,4854.0
4029,11888.0,1071.0,2207.0,11117.0
4030,22236.0,2272.0,1564.0,4231.0
4031,6175.0,1405.0,1107.0,1741.0
4032,30049.0,2933.0,1031.0,7584.0
4033,2642.0,384.0,1992.0,6253.0
4034,4383.0,331.0,651.0,6856.0
4035,15793.0,399.0,2956.0,13908.0
4036,8323.0,1639.0,1978.0,10861.0
4037,13981.0,889.0,1151.0,7336.0
4038,6741.0,960.0,1300.0,8638.0
4039,43121.0,2927.0,25694.0,38533.0
4040,3705.0,611.0,2050.0,2992.0
4041,3559.0,866.0,1780.0,5377.0
4042,5565.0,1522.0,1467.0,-0.0
4043,4054.0,762.0,1210.0,3756.0
4044,5130.0,1271.0,1032.0,9185.0
4045,6324.0,718.0,1638.0,3216.0
4046,2498.0,860.0,305.0,5037.0
4047,6767.0,1557.0,787.0,12071.0
4048,15092.0,1264.0,2668.0,5509.0
4049,7356.0,1331.0,1836.0,1815.0
4050,3654.0,399.0,249.0,-0.0
4051,3403.0,591.0,1555.0,2454.0
4052,42607.0,1781.0,3512.0,14465.0
4053,7504.0,1781.0,2789.0,13786.0
4054,23222.0,1428.0,896.0,4942.0
4055,13783.0,1076.0,1494.0,6786.0
4056,5991.0,1135.0,1681.0,4843.0
4057,65832.0,9088.0,8673.0,27566.0
4058,30069.0,1621.0,742.0,3466.0
4059,4344.0,868.0,1710.0,4804.0
4060,5824.0,1345.0,2576.0,5680.0
4061,8835.0,1471.0,2440.0,15231.0
4062,24284.0,2131.0,3230.0,10127.0
4063,5315.0,722.0,3573.0,6754.0
4064,2918.0,183.0,1209.0,8604.0
4065,2948.0,494.0,3116.0,8238.0
4066,4700.0,942.0,768.0,4925.0
4067,3322.0,1021.0,1975.0,9665.0
4068,5923.0,1033.0,1371.0,4641.0
4069,3213.0,955.0,1980.0,6701.0
4070,21244.0,1455.0,2112.0,17033.0
4071,7020.0,1018.0,3708.0,2807.0
4072,2582.0,548.0,970.0,7246.0
4073,5660.0,911.0,3051.0,11544.0
4074,30715.0,3669.0,1821.0,7654.0
4075,5697.0,261.0,1270.0,8923.0
4076,5797.0,990.0,3589.0,6870.0
4077,3973.0,236.0,762.0,4396.0
4078,20078.0,1445.0,1155.0,7018.0
4079,25153.0,2193.0,1821.0,13181.0
4080,38917.0,2220.0,1253.0,9864.0
4081,2725.0,584.0,1862.0,4244.0
4082,5025.0,1367.0,569.0,913.0
4083,23085.0,2263.0,2106.0,11112.0
4084,14980.0,1386.0,1902.0,7121.0
4085,3749.0,278.0,1567.0,1997.0
4086,4446.0,782.0,2728.0,11612.0
4087,3217.0,432.0,1914.0,12362.0
4088,11942.0,865.0,2722.0,3501.0
4089,4202.0,1009.0,3793.0,3304.0
4090,6670.0,1247.0,4405.0,7559.0
4091,8591.0,1048.0,2284.0,5032.0
4092,12670.0,913.0,1187.0,8931.0
4093,4122.0,686.0,1807.0,5913.0
4094,4234.0,874.0,1592.0,7646.0
4095,5573.0,665.0,5261.0,11074.0
4096,4258.0,368.0,851.0,306.0
4097,5843.0,525.0,3124.0,7221.0
4098,44608.0,2326.0,6817.0,22952.0
4099,2616.0,71.0,1482.0,5701.0
4100,3674.0,1226.0,3458.0,12306.0
4101,7040.0,1186.0,428.0,3508.0
4102,26546.0,2303.0,4517.0,6719.0
4103,17560.0,2069.0,3196.0,7572.0
4104,6915.0,1267.0,2593.0,7956.0
4105,7116.0,4110.0,26030.0,33766.0
4106,7166.0,826.0,1447.0,8817.0
4107,3764.0,528.0,1768.0,6856.0
4108,47569.0,3510.0,4460.0,6650.0
4109,5143.0,335.0,2043.0,6672.0
4110,4729.0,833.0,1786.0,3774.0
4111,26348.0,1726.0,1844.0,13349.0
4112,12127.0,1369.0,360.0,8006.0
4113,7401.0,1510.0,4940.0,4540.0
4114,6851.0,1015.0,2577.0,9298.0
4115,2703.0,1547.0,1581.0,4086.0
4116,29662.0,2460.0,9421.0,8263.0
4117,14635.0,1836.0,1251.0,1459.0
4118,11454.0,1263.0,473.0,9479.0
4119,20849.0,1027.0,1093.0,7401.0
4120,4393.0,1439.0,585.0,1785.0
4121,2672.0,347.0,2060.0,7115.0
4122,31847.0,2691.0,3578.0,11325.0
4123,4866.0,482.0,1301.0,7129.0
4124,22181.0,1853.0,1889.0,15925.0
4125,3002.0,432.0,-0.0,8832.0
4126,5072.0,559.0,2286.0,526.0
4127,5532.0,919.0,2094.0,7342.0
4128,28739.0,1136.0,1645.0,6408.0
4129,10651.0,2379.0,1841.0,15886.0
4130,7480.0,884.0,3219.0,5854.0
4131,4853.0,255.0,2052.0,3181.0
4132,4286.0,382.0,231.0,5558.0
4133,4152.0,944.0,2687.0,12111.0
4134,4218.0,1259.0,2823.0,9090.0
4135,2971.0,379.0,1369.0,17020.0
4136,4358.0,479.0,936.0,3902.0
4137,2670.0,542.0,1172.0,404.0
4138,10863.0,746.0,281.0,2819.0
4139,4511.0,728.0,1712.0,6073.0
4140,5542.0,558.0,2679.0,8654.0
4141,2602.0,40.0,2146.0,8860.0
4142,6964.0,542.0,1495.0,4055.0
4143,3751.0,748.0,3125.0,13604.0
4144,76322.0,21929.0,129329.0,254243.0
4145,2776.0,164.0,1644.0,10863.0
4146,2522.0,157.0,891.0,5642.0
4147,8426.0,871.0,2362.0,9618.0
4148,3279.0,106.0,1313.0,10912.0
4149,8423.0,1267.0,1640.0,2344.0
4150,10177.0,1298.0,1114.0,11429.0
4151,4941.0,453.0,1992.0,4024.0
4152,10148.0,994.0,2580.0,11472.0
4153,4833.0,327.0,1126.0,8403.0
4154,24544.0,1939.0,3199.0,3344.0
4155,6434.0,951.0,3684.0,6331.0
4156,10119.0,1229.0,872.0,6334.0
4157,6570.0,1493.0,2133.0,1716.0
4158,32439.0,6883.0,506387.0,442310.0
4159,6762.0,900.0,2572.0,4644.0
4160,4287.0,925.0,3708.0,11183.0
4161,3218.0,641.0,3415.0,12278.0
4162,5525.0,731.0,1560.0,8167.0
4163,4266.0,671.0,2266.0,12021.0
4164,7023.0,1632.0,456.0,9363.0
4165,8367.0,1807.0,2227.0,5382.0
4166,26548.0,2365.0,1910.0,9564.0
4167,3867.0,463.0,1066.0,3602.0
4168,30634.0,1801.0,1180.0,9945.0
4169,3912.0,743.0,1965.0,10265.0
4170,4363.0,281.0,2248.0,13609.0
4171,6437.0,1364.0,1327.0,5267.0
4172,8648.0,1082.0,2365.0,7567.0
4173,10746.0,1226.0,1068.0,8427.0
4174,4392.0,421.0,3385.0,9624.0
4175,6119.0,669.0,681.0,7401.0
4176,13988.0,1029.0,1717.0,3696.0
4177,5612.0,1692.0,2219.0,15456.0
4178,4168.0,466.0,518.0,7280.0
4179,2913.0,508.0,2821.0,13494.0
4180,3943.0,127.0,1036.0,8515.0
4181,34178.0,2502.0,2240.0,5768.0
4182,7712.0,766.0,1875.0,5931.0
4183,7412.0,662.0,1224.0,6577.0
4184,2947.0,629.0,382.0,3380.0
4185,2832.0,629.0,1076.0,7648.0
4186,5322.0,675.0,3105.0,4992.0
4187,2819.0,344.0,1518.0,2900.0
4188,5031.0,971.0,179.0,9008.0
4189,4476.0,896.0,3027.0,4776.0
4190,4570.0,605.0,1577.0,4774.0
4191,2806.0,506.0,2087.0,11335.0
4192,2987.0,740.0,1012.0,3849.0
4193,4426.0,326.0,2058.0,12792.0
4194,8376.0,1523.0,3440.0,14576.0
4195,19266.0,953.0,983.0,5803.0
4196,23430.0,2039.0,2534.0,12846.0
4197,7031.0,977.0,1495.0,7739.0
4198,5698.0,635.0,3244.0,1227.0
4199,160186.0,15215.0,36252.0,123630.0
4200,5131.0,618.0,2836.0,4836.0
4201,4315.0,1032.0,916.0,5098.0
4202,2594.0,688.0,2087.0,5690.0
4203,10936.0,2003.0,1003.0,7076.0
4204,23725.0,1279.0,2126.0,6591.0
4205,4768.0,593.0,-0.0,8288.0
4206,5605.0,1101.0,71.0,5447.0
4207,4340.0,263.0,536.0,5150.0
4208,8288.0,907.0,779.0,9808.0
4209,3761.0,689.0,801.0,8475.0
4210,3937.0,885.0,1395.0,7532.0
4211,28562.0,1101.0,2348.0,8888.0
4212,7625.0,1074.0,3569.0,9910.0
4213,3435.0,834.0,1031.0,5699.0
4214,20311.0,1249.0,2528.0,2963.0
4215,6508.0,651.0,3624.0,8849.0
4216,4285.0,627.0,3671.0,10126.0
4217,8546.0,1368.0,3393.0,14998.0
4218,12654.0,1012.0,1858.0,6162.0
4219,2668.0,502.0,1024.0,3177.0
4220,19067.0,1608.0,4278.0,12424.0
4221,2620.0,516.0,2698.0,10914.0
4222,3951.0,734.0,285.0,11777.0
4223,21576.0,2700.0,2574.0,1369.0
4224,50537.0,7350.0,4499.0,14861.0
4225,2469.0,437.0,583.0,7247.0
4226,4538.0,682.0,3451.0,17547.0
4227,4299.0,11.0,969.0,7812.0
4228,35928.0,2833.0,2205.0,8932.0
4229,3677.0,811.0,1561.0,6316.0
4230,5123.0,531.0,3545.0,2180.0
4231,4497.0,968.0,969.0,4353.0
4232,4896.0,957.0,1374.0,11748.0
4233,3577.0,375.0,1254.0,2719.0
4234,12557.0,1324.0,2151.0,6945.0
4235,4730.0,507.0,1522.0,1055.0
4236,15559.0,1204.0,2765.0,13401.0
4237,4683.0,1106.0,2407.0,12013.0
4238,4949.0,683.0,2648.0,4934.0
4239,16640.0,1619.0,4216.0,9091.0
4240,8505.0,1122.0,991.0,7296.0
4241,4520.0,230.0,339.0,5622.0
4242,6915.0,1792.0,2764.0,9783.0
4243,5562.0,827.0,-0.0,855.0
4244,4546.0,575.0,2602.0,8362.0
4245,6235.0,566.0,1192.0,10263.0
4246,2727.0,443.0,571.0,5243.0
4247,3589.0,1587.0,2134.0,3295.0
4248,14031.0,1454.0,866.0,8012.0
4249,7344.0,1055.0,787.0,8268.0
4250,3070.0,438.0,814.0,7711.0
4251,24869.0,1516.0,3249.0,11549.0
4252,6173.0,1098.0,888.0,-0.0
4253,3441.0,455.0,913.0,8465.0
4254,7213.0,725.0,2550.0,3372.0
4255,4445.0,123.0,2183.0,8356.0
4256,43750.0,4754.0,10469.0,8990.0
4257,3935.0,544.0,1867.0,4434.0
4258,3390.0,1026.0,1279.0,9482.0
4259,23192.0,2223.0,9800.0,18221.0
4260,4636.0,422.0,1694.0,2065.0
4261,7279.0,829.0,764.0,4298.0
4262,2632.0,300.0,1241.0,5238.0
4263,29859.0,2876.0,1445.0,3490.0
4264,5531.0,457.0,2729.0,7882.0
4265,29780.0,1968.0,1849.0,5695.0
4266,25937.0,3000.0,7675.0,18124.0
4267,22903.0,2457.0,2909.0,7265.0
4268,4379.0,1133.0,2500.0,4401.0
4269,2546.0,433.0,1949.0,7301.0
4270,5401.0,800.0,3059.0,8332.0
4271,23378.0,3097.0,3204.0,10082.0
4272,3633.0,395.0,2004.0,7565.0
4273,6513.0,477.0,1160.0,13457.0
4274,7320.0,539.0,3681.0,8163.0
4275,32693.0,3587.0,15575.0,35400.0
4276,19209.0,1277.0,1555.0,1029.0
4277,3399.0,943.0,1848.0,7011.0
4278,33220.0,5311.0,4338.0,27065.0
4279,6067.0,770.0,2692.0,3608.0
4280,22009.0,2481.0,4015.0,10466.0
4281,3672.0,688.0,995.0,8984.0
4282,3567.0,1255.0,1119.0,5572.0
4283,23230.0,1960.0,1653.0,11084.0
4284,7073.0,1443.0,2201.0,9383.0
4285,4206.0,939.0,3353.0,5141.0
4286,7296.0,566.0,2018.0,9970.0
4287,18260.0,2178.0,1755.0,6712.0
4288,17362.0,1095.0,3315.0,7184.0
4289,6578.0,752.0,3802.0,13279.0
4290,5368.0,672.0,844.0,2693.0
4291,5275.0,929.0,3289.0,7720.0
4292,4694.0,233.0,884.0,8864.0
4293,4008.0,424.0,965.0,914.0
4294,18236.0,2160.0,13690.0,14335.0
4295,2902.0,1076.0,1562.0,5032.0
4296,3753.0,335.0,736.0,8327.0
4297,18123.0,2567.0,4590.0,5613.0
4298,12161.0,949.0,2520.0,16773.0
4299,9684.0,588.0,1679.0,10610.0
4300,14491.0,3811.0,6100.0,14513.0
4301,5783.0,1187.0,2103.0,8336.0
4302,4317.0,1113.0,2258.0,8400.0
4303,4445.0,507.0,189.0,9153.0
4304,42698.0,2768.0,3129.0,16639.0
4305,2531.0,880.0,2266.0,8280.0
4306,6212.0,803.0,1879.0,6980.0
4307,2978.0,650.0,-0.0,-0.0
4308,3309.0,1228.0,1272.0,7780.0
4309,3844.0,271.0,2169.0,8464.0
4310,5709.0,1341.0,1180.0,3607.0
4311,4815.0,476.0,163.0,6976.0
4312,3168.0,512.0,2057.0,5724.0
4313,5452.0,596.0,2614.0,10481.0
4314,3484.0,1148.0,2012.0,1496.0
4315,27460.0,3035.0,2498.0,8354.0
4316,4101.0,109.0,1446.0,9511.0
4317,30088.0,2866.0,3179.0,9071.0
4318,4883.0,340.0,2427.0,6682.0
4319,2942.0,553.0,1240.0,-0.0
4320,5300.0,1309.0,2162.0,10699.0
4321,12525.0,565.0,2687.0,2986.0
4322,5822.0,491.0,1977.0,4016.0
4323,8923.0,1035.0,3258.0,13215.0
4324,17156.0,1341.0,2799.0,6260.0
4325,17162.0,1363.0,1831.0,11964.0
4326,20339.0,2990.0,2092.0,8530.0
4327,37684.0,2538.0,2423.0,6105.0
4328,18966.0,1675.0,1211.0,4347.0
4329,4375.0,248.0,1003.0,1418.0
4330,3867.0,349.0,605.0,7461.0
4331,7760.0,646.0,1638.0,15063.0
4332,37111.0,12650.0,1198.0,29423.0
4333,3014.0,1010.0,1025.0,1359.0
4334,93674.0,12166.0,35377.0,97400.0
4335,4053.0,501.0,2238.0,11506.0
4336,9993.0,729.0,1990.0,8614.0
4337,3675.0,1129.0,1627.0,4560.0
4338,5413.0,819.0,1911.0,2490.0
4339,8613.0,617.0,2360.0,7683.0
4340,6586.0,642.0,814.0,12772.0
4341,14620.0,831.0,2127.0,6853.0
4342,10056.0,1609.0,2896.0,4319.0
4343,7561.0,607.0,1684.0,12837.0
4344,6135.0,1322.0,1117.0,5273.0
4345,2555.0,207.0,2485.0,5212.0
4346,10453.0,792.0,1617.0,11825.0
4347,7143.0,804.0,2199.0,8387.0
4348,3905.0,1167.0,1068.0,8262.0
4349,3926.0,282.0,1016.0,7166.0
4350,24980.0,2379.0,2890.0,8267.0
4351,31160.0,2131.0,4181.0,3558.0
4352,5907.0,1071.0,2585.0,6003.0
4353,3252.0,446.0,2983.0,4812.0
4354,29788.0,5916.0,4590.0,22509.0
4355,17258.0,2169.0,1541.0,6747.0
4356,4917.0,468.0,2437.0,13076.0
4357,2820.0,485.0,772.0,2767.0
4358,2945.0,1189.0,2638.0,4449.0
4359,21999.0,1075.0,2811.0,7090.0
4360,8635.0,1210.0,1952.0,7853.0
4361,3422.0,590.0,951.0,5014.0
4362,22348.0,1945.0,928.0,6923.0
4363,50013.0,6194.0,63167.0,195173.0
4364,5093.0,1088.0,1143.0,1279.0
4365,23736.0,2441.0,1459.0,7623.0
4366,2955.0,181.0,3283.0,2733.0
4367,6846.0,1081.0,2418.0,5417.0
4368,3344.0,611.0,915.0,4233.0
4369,3788.0,419.0,2349.0,56.0
4370,3493.0,430.0,1399.0,5753.0
4371,4477.0,880.0,1122.0,-0.0
4372,4669.0,231.0,2195.0,8838.0
4373,5971.0,558.0,977.0,4905.0
4374,2532.0,1180.0,1030.0,6181.0
4375,4073.0,822.0,3752.0,6424.0
4376,34707.0,3190.0,2619.0,10340.0
4377,3641.0,856.0,2294.0,72.0
4378,2679.0,1485.0,1618.0,4312.0
4379,4051.0,634.0,2138.0,10196.0
4380,4478.0,648.0,2473.0,9835.0
4381,11971.0,1120.0,2722.0,15668.0
4382,3146.0,748.0,-0.0,4835.0
4383,15616.0,1699.0,1680.0,10364.0
4384,29149.0,2902.0,608.0,10772.0
4385,4374.0,1582.0,1542.0,12605.0
4386,14264.0,3980.0,12301.0,11013.0
4387,4426.0,1244.0,1882.0,8689.0
4388,11738.0,1355.0,3222.0,12499.0
4389,4690.0,739.0,1178.0,5596.0
4390,4333.0,833.0,980.0,7028.0
4391,5440.0,720.0,13.0,6893.0
4392,2819.0,925.0,1571.0,4386.0
4393,6350.0,215.0,1140.0,7449.0
4394,3697.0,575.0,1090.0,2708.0
4395,19797.0,2744.0,3507.0,7448.0
4396,41174.0,4567.0,3006.0,15599.0
4397,8780.0,2067.0,3108.0,9961.0
4398,30833.0,2146.0,3612.0,4796.0
4399,5768.0,981.0,3413.0,7871.0
4400,9945.0,1575.0,3452.0,4806.0
4401,5426.0,429.0,1759.0,3864.0
4402,21138.0,1868.0,3212.0,2778.0
4403,33280.0,997.0,1098.0,6428.0
4404,17253.0,1229.0,1611.0,13192.0
4405,7323.0,1345.0,3098.0,11673.0
4406,4807.0,777.0,802.0,3468.0
4407,3639.0,1018.0,-0.0,8408.0
4408,24574.0,2575.0,1617.0,9179.0
4409,6523.0,547.0,1352.0,9237.0
4410,29266.0,2517.0,2392.0,10079.0
4411,7098.0,848.0,435.0,11976.0
4412,38384.0,3178.0,2176.0,11676.0
4413,3237.0,515.0,1852.0,10450.0
4414,27249.0,3067.0,2594.0,15251.0
4415,4530.0,446.0,2014.0,21501.0
4416,23254.0,1269.0,1718.0,8978.0
4417,19568.0,1129.0,1851.0,2598.0
4418,5095.0,944.0,1278.0,4653.0
4419,3645.0,1123.0,2013.0,4866.0
4420,4141.0,396.0,1464.0,755.0
4421,4130.0,583.0,1772.0,11259.0
4422,5818.0,924.0,2226.0,7690.0
4423,34638.0,5906.0,10343.0,18781.0
4424,10077.0,1315.0,1031.0,8273.0
4425,6582.0,651.0,2329.0,7550.0
4426,22120.0,1740.0,1434.0,6064.0
4427,13228.0,2699.0,6422.0,6945.0
4428,17693.0,1753.0,2589.0,4030.0
4429,3305.0,1162.0,3511.0,7678.0
4430,17676.0,2224.0,1088.0,10363.0
4431,6077.0,905.0,1636.0,5586.0
4432,18781.0,2535.0,39743.0,15952.0
4433,8347.0,588.0,1887.0,5651.0
4434,21768.0,2130.0,2667.0,7899.0
4435,81439.0,7436.0,1406.0,14682.0
4436,2954.0,672.0,2699.0,1605.0
4437,20577.0,1709.0,1146.0,7828.0
4438,3796.0,1160.0,2115.0,21956.0
4439,52996.0,15769.0,12059.0,28611.0
4440,10287.0,370.0,2260.0,4514.0
4441,3787.0,898.0,2866.0,10397.0
4442,8650.0,1027.0,4225.0,7460.0
4443,8861.0,1328.0,2423.0,5041.0
4444,4826.0,986.0,449.0,2289.0
4445,19423.0,3537.0,3820.0,5802.0
4446,5691.0,1298.0,3944.0,13821.0
4447,31224.0,9448.0,49232.0,88397.0
4448,4004.0,966.0,1547.0,3718.0
4449,4875.0,232.0,-0.0,14929.0
4450,5690.0,518.0,1780.0,6114.0
4451,6236.0,644.0,2809.0,6089.0
4452,2986.0,553.0,875.0,5296.0
4453,2465.0,649.0,1297.0,9774.0
4454,4633.0,640.0,3128.0,11708.0
4455,5251.0,577.0,2596.0,7116.0
4456,5000.0,821.0,1745.0,9304.0
4457,4265.0,1231.0,-0.0,-0.0
4458,3403.0,1494.0,810285.0,506579.0
4459,21125.0,1900.0,-0.0,10297.0
4460,3604.0,712.0,2691.0,7158.0
4461,3132.0,315.0,2150.0,4409.0
4462,6925.0,858.0,1720.0,6965.0
4463,26986.0,2374.0,1246.0,8634.0
4464,4994.0,796.0,727.0,7352.0
4465,3843.0,139.0,930.0,2977.0
4466,3131.0,329.0,2936.0,4548.0
4467,13478.0,990.0,1607.0,7694.0
4468,28150.0,3356.0,1008.0,2666.0
4469,34304.0,5672.0,10243.0,22047.0
4470,13613.0,1751.0,10.0,8501.0
4471,3286.0,431.0,3623.0,9145.0
4472,2835.0,348.0,1299.0,5984.0
4473,6914.0,652.0,4267.0,10847.0
4474,3375.0,1169.0,1790.0,9167.0
4475,6443.0,574.0,2990.0,12075.0
4476,6709.0,608.0,826.0,3637.0
4477,3227.0,952.0,506.0,9122.0
4478,2785.0,553.0,606.0,2033.0
4479,8162.0,1530.0,826.0,10172.0
4480,57670.0,4366.0,2995.0,7720.0
4481,4255.0,355.0,2861.0,3695.0
4482,20451.0,1942.0,3148.0,12208.0
4483,29037.0,2384.0,2018.0,9470.0
4484,2667.0,306.0,1505.0,4221.0
4485,8756.0,620.0,5634.0,8848.0
4486,31428.0,2742.0,1500.0,15727.0
4487,101901.0,6167.0,3508.0,9928.0
4488,10600.0,706.0,1668.0,6032.0
4489,5211.0,569.0,2529.0,7763.0
4490,3021.0,355.0,107.0,8449.0
4491,3116.0,475.0,1030.0,6067.0
4492,38964.0,3305.0,6497.0,4802.0
4493,6100.0,513.0,2291.0,10960.0
4494,4482.0,715.0,2649.0,4295.0
4495,3924.0,273.0,3077.0,16460.0
4496,19610.0,1935.0,2272.0,2468.0
4497,4532.0,910.0,1635.0,10132.0
4498,19303.0,1036.0,5141.0,12132.0
4499,4840.0,241.0,-0.0,4861.0
4500,5085.0,529.0,2136.0,3729.0
4501,32739.0,2732.0,1923.0,4973.0
4502,3487.0,290.0,2651.0,13015.0
4503,6660.0,393.0,-0.0,7275.0
4504,20925.0,1572.0,2405.0,14612.0
4505,4178.0,683.0,3365.0,2542.0
4506,4632.0,1343.0,3171.0,4596.0
4507,36447.0,2823.0,1138.0,11899.0
4508,6894.0,1244.0,3790.0,9371.0
4509,3913.0,697.0,974.0,6779.0
4510,7226.0,202.0,3298.0,4497.0
4511,13650.0,1250.0,3080.0,13320.0
4512,3586.0,122.0,512.0,4874.0
4513,15269.0,1039.0,2011.0,2898.0
4514,23381.0,2132.0,2703.0,6653.0
4515,4432.0,128.0,1500.0,9857.0
4516,2679.0,88.0,2254.0,8915.0
4517,6364.0,1043.0,2041.0,7359.0
4518,2998.0,254.0,2000.0,1842.0
4519,3966.0,708.0,776.0,7867.0
4520,7353.0,1778.0,1159.0,4350.0
4521,4430.0,1227.0,2097.0,5435.0
4522,5571.0,451.0,3704.0,11751.0
4523,18080.0,2191.0,2196.0,645.0
4524,4881.0,826.0,1799.0,6138.0
4525,6354.0,901.0,1473.0,1587.0
4526,6053.0,416.0,2515.0,7882.0
4527,3926.0,1323.0,2331.0,1250.0
4528,3978.0,495.0,1222.0,2689.0
4529,2964.0,666.0,998.0,2096.0
4530,8388.0,1359.0,1780.0,3800.0
4531,17998.0,4572.0,1657.0,8307.0
4532,29004.0,4873.0,5092.0,19658.0
4533,3480.0,604.0,653.0,2870.0
4534,5939.0,427.0,514.0,6154.0
4535,27326.0,4184.0,1617.0,10729.0
4536,4749.0,1014.0,1646.0,4015.0
4537,3925.0,1219.0,3170.0,4954.0
4538,3099.0,94.0,3487.0,12365.0
4539,3813.0,693.0,2036.0,4716.0
4540,7402.0,676.0,2158.0,12036.0
4541,4091.0,1070.0,1580.0,4474.0
4542,6401.0,1016.0,2329.0,8495.0
4543,17521.0,1285.0,1491.0,10809.0
4544,6445.0,1238.0,2095.0,9709.0
4545,5039.0,556.0,245.0,5923.0
4546,5779.0,700.0,2451.0,8924.0
4547,3478.0,468.0,2001.0,9122.0
4548,7010.0,990.0,3040.0,9999.0
4549,63678.0,20793.0,72397.0,40824.0
4550,13667.0,1396.0,3180.0,7325.0
4551,15524.0,1143.0,2688.0,9951.0
4552,7069.0,1076.0,803.0,8378.0
4553,4405.0,374.0,1191.0,11717.0
4554,11682.0,1150.0,-0.0,6036.0
4555,3571.0,1386.0,1798.0,7301.0
4556,5911.0,1053.0,243.0,2860.0
4557,173486.0,15976.0,33444.0,119527.0
4558,28452.0,1962.0,5959.0,8025.0
4559,11719.0,606.0,1993.0,13668.0
4560,4835.0,1003.0,1154.0,1658.0
4561,20697.0,825.0,3062.0,7444.0
4562,25729.0,1735.0,8612.0,16658.0
4563,30619.0,1315.0,2345.0,11774.0
4564,39185.0,3154.0,34612.0,25163.0
4565,19532.0,1696.0,3259.0,10984.0
4566,14278.0,1445.0,2879.0,10205.0
4567,6277.0,787.0,1117.0,2273.0
4568,39113.0,3539.0,1721.0,7912.0
4569,11353.0,1265.0,2732.0,7671.0
4570,4649.0,460.0,1251.0,5987.0
4571,4377.0,587.0,3293.0,5359.0
4572,20381.0,3731.0,3294.0,10261.0
4573,4751.0,455.0,1814.0,8492.0
4574,2833.0,677.0,2895.0,15632.0
4575,75291.0,20832.0,49736.0,69820.0
4576,31824.0,2785.0,1648.0,12520.0
4577,5088.0,789.0,828.0,13826.0
4578,9610.0,1190.0,2274.0,12483.0
4579,6017.0,965.0,1993.0,1256.0
4580,3108.0,704.0,1747.0,4936.0
4581,2982.0,292.0,1296.0,5204.0
4582,4872.0,657.0,1557.0,6517.0
4583,9551.0,696.0,2602.0,6746.0
4584,4829.0,396.0,1578.0,4687.0
4585,6673.0,1084.0,2433.0,12317.0
4586,14965.0,7580.0,50298.0,53974.0
4587,4657.0,710.0,1193.0,5080.0
4588,5760.0,1129.0,760.0,10913.0
4589,7236.0,920.0,1148.0,1655.0
4590,9454.0,949.0,949.0,4176.0
4591,5214.0,1686.0,709.0,5533.0
4592,23119.0,2524.0,1537.0,3653.0
4593,18532.0,1520.0,3399.0,11328.0
4594,17007.0,1460.0,1907.0,12599.0
4595,2473.0,86.0,1880.0,7765.0
4596,3622.0,475.0,2359.0,5942.0
4597,3266.0,1036.0,1308.0,8590.0
4598,7728.0,1119.0,998.0,5508.0
4599,5491.0,956.0,3207.0,10696.0
4600,19727.0,2417.0,1673.0,11328.0
4601,10491.0,1129.0,2247.0,7944.0
4602,4650.0,412.0,1857.0,3059.0
4603,3676.0,326.0,1359.0,8269.0
4604,5455.0,551.0,2166.0,-0.0
4605,5608.0,322.0,1872.0,7849.0
4606,4769.0,255.0,2063.0,2950.0
4607,9439.0,792.0,139.0,2938.0
4608,3943.0,763.0,2137.0,9089.0
4609,3654.0,323.0,607.0,4701.0
4610,4996.0,681.0,1655.0,-0.0
4611,7093.0,248.0,2350.0,2917.0
4612,650735.0,108275.0,27421.0,267525.0
4613,5033.0,1344.0,1788.0,9735.0
4614,14818.0,1050.0,3726.0,2778.0
4615,2657.0,590.0,4079.0,9266.0
4616,19927.0,2015.0,2292.0,8986.0
4617,8210.0,792.0,3492.0,8946.0
4618,2470.0,501.0,2803.0,2144.0
4619,3737.0,603.0,679.0,7272.0
4620,3801.0,896.0,2177.0,8368.0
4621,4812.0,1482.0,1614.0,2168.0
4622,2656.0,448.0,1031.0,7397.0
4623,33382.0,2869.0,1669.0,3443.0
4624,7608.0,1070.0,685.0,8996.0
4625,5270.0,847.0,1756.0,4256.0
4626,6822.0,801.0,1050.0,4335.0
4627,6590.0,539.0,2034.0,12270.0
4628,8403.0,767.0,2923.0,12442.0
4629,5328.0,658.0,2685.0,3131.0
4630,3862.0,423.0,929.0,4869.0
4631,2821.0,518.0,610.0,-0.0
4632,2754.0,430.0,1127.0,5384.0
4633,14469.0,1239.0,2803.0,12007.0
4634,47589.0,4391.0,1101.0,9973.0
4635,2888.0,1115.0,1623.0,5057.0
4636,2504.0,256.0,1951.0,12810.0
4637,54660.0,5135.0,2718.0,4651.0
4638,4305.0,449.0,1665.0,14648.0
4639,5404.0,870.0,2404.0,9107.0
4640,3702.0,633.0,2246.0,9398.0
4641,4088.0,971.0,2875.0,10152.0
4642,3648.0,1631.0,977.0,3816.0
4643,6373.0,1903.0,1656.0,3095.0
4644,3965.0,1296.0,1146.0,8088.0
4645,21432.0,1419.0,3432.0,10967.0
4646,3679.0,661.0,798.0,6751.0
4647,8639.0,1002.0,2587.0,9174.0
4648,27137.0,2036.0,996.0,9726.0
4649,8284.0,567.0,3301.0,4716.0
4650,4615.0,1058.0,2694.0,7167.0
4651,10028.0,927.0,2121.0,10385.0
4652,6236.0,1419.0,3600.0,8425.0
4653,4473.0,358.0,2575.0,18234.0
4654,23399.0,1654.0,2050.0,4596.0
4655,11290.0,1144.0,3552.0,6265.0
4656,4078.0,961.0,-0.0,5468.0
4657,5136.0,536.0,1414.0,9599.0
4658,3951.0,193.0,636.0,3367.0
4659,9271.0,1181.0,1168.0,5100.0
4660,5460.0,608.0,1275.0,3119.0
4661,17747.0,2587.0,1775.0,5299.0
4662,28821.0,2803.0,2931.0,6243.0
4663,5264.0,1088.0,1523.0,7397.0
4664,5308.0,57.0,2252.0,4043.0
4665,3283.0,607.0,1990.0,4712.0
4666,3348.0,311.0,3605.0,-0.0
4667,5142.0,1574.0,869.0,5915.0
4668,2792.0,548.0,-0.0,4978.0
4669,5773.0,871.0,2734.0,11265.0
4670,6947.0,473.0,1437.0,7554.0
4671,4569.0,1116.0,1950.0,4155.0
4672,34078.0,3384.0,2048.0,15435.0
4673,7189.0,243.0,3565.0,12231.0
4674,3973.0,804.0,3204.0,9597.0
4675,17711.0,1911.0,3385.0,6590.0
4676,2749.0,594.0,2483.0,14064.0
4677,3522.0,463.0,532.0,6675.0
4678,5748.0,266.0,1056.0,11359.0
4679,7073.0,1419.0,3110.0,6162.0
4680,7883.0,453.0,1695.0,6884.0
4681,5188.0,522.0,1163.0,4462.0
4682,5236.0,80.0,1835.0,7379.0
4683,25613.0,1651.0,2435.0,5535.0
4684,5262.0,771.0,518.0,9917.0
4685,10664.0,954.0,2594.0,4010.0
4686,2492.0,46.0,3286.0,7885.0
4687,10423.0,1290.0,3271.0,7110.0
4688,3310.0,398.0,2173.0,1610.0
4689,27787.0,2501.0,3838.0,9144.0
4690,6717.0,984.0,1105.0,4196.0
4691,4497.0,214.0,1979.0,1627.0
4692,6790.0,392.0,1875.0,3181.0
4693,7465.0,949.0,1633.0,5884.0
4694,22395.0,3502.0,3005.0,8636.0
4695,4753.0,1437.0,1496.0,7206.0
4696,3837.0,787.0,1484.0,11300.0
4697,18052.0,2077.0,883.0,9808.0
4698,4149.0,446.0,1693.0,8411.0
4699,11900.0,1365.0,982.0,6895.0
4700,9554.0,1040.0,2335.0,8943.0
4701,2837.0,207.0,2597.0,4356.0
4702,55828.0,3860.0,2702.0,13588.0
4703,5456.0,560.0,1658.0,5046.0
4704,4784.0,175.0,2968.0,9762.0
4705,4390.0,747.0,1950.0,-0.0
4706,5122.0,638.0,2535.0,2401.0
4707,4038.0,589.0,1165.0,6874.0
4708,6956.0,755.0,1475.0,3383.0
4709,29832.0,3096.0,10697.0,5941.0
4710,8460.0,515.0,2415.0,4365.0
4711,3298.0,1257.0,2119.0,9594.0
4712,24864.0,2158.0,2982.0,8153.0
4713,18085.0,1636.0,2215.0,7111.0
4714,5158.0,345.0,3329.0,7111.0
4715,5922.0,350.0,1790.0,5428.0
4716,26524.0,2536.0,1999.0,6688.0
4717,29273.0,9155.0,9865.0,35790.0
4718,27105.0,2296.0,1668.0,9555.0
4719,11961.0,1663.0,1804.0,10696.0
4720,14140.0,1807.0,1273.0,5092.0
4721,3836.0,608.0,1774.0,2751.0
4722,7836.0,605.0,3333.0,6180.0
4723,5793.0,710.0,992.0,6401.0
4724,7918.0,866.0,1258.0,12053.0
4725,4265.0,965.0,1223.0,8768.0
4726,3567.0,950.0,1573.0,6452.0
4727,9887.0,671.0,2699.0,7302.0
4728,9053.0,1609.0,621.0,4321.0
4729,4919.0,509.0,1729.0,6154.0
4730,10630.0,897.0,1143.0,5434.0
4731,6368.0,788.0,3969.0,15752.0
4732,3210.0,597.0,1279.0,8809.0
4733,6380.0,795.0,3264.0,5342.0
4734,3182.0,290.0,1836.0,3737.0
4735,5082.0,930.0,1286.0,9934.0
4736,9106.0,1884.0,724.0,9423.0
4737,32823.0,1981.0,1989.0,10488.0
4738,4436.0,418.0,1831.0,6644.0
4739,4345.0,1094.0,2453.0,8221.0
4740,7290.0,762.0,2680.0,527.0
4741,9285.0,2668.0,1807.0,10924.0
4742,3442.0,619.0,2788.0,6963.0
4743,7417.0,477.0,2226.0,15544.0
4744,9057.0,2310.0,1598.0,9690.0
4745,6777.0,209.0,2189.0,2567.0
4746,4441.0,249.0,1336.0,6935.0
4747,2800.0,909.0,2415.0,7977.0
4748,30820.0,7082.0,4936.0,18048.0
4749,6597.0,724.0,2303.0,4441.0
4750,2687.0,271.0,1775.0,10874.0
4751,3219.0,833.0,3023.0,6693.0
4752,21399.0,1694.0,3947.0,9161.0
4753,3937.0,993.0,2442.0,7617.0
4754,8517.0,672.0,273.0,4993.0
4755,6789.0,351.0,2533.0,7307.0
4756,7906.0,783.0,2500.0,7457.0
4757,3187.0,363.0,2323.0,5868.0
4758,62961.0,14879.0,330438.0,415436.0
4759,12345.0,1124.0,-0.0,887.0
4760,5006.0,803.0,1204.0,5743.0
4761,5786.0,343.0,2694.0,7712.0
4762,58188.0,7899.0,27298.0,164756.0
4763,7518.0,1453.0,2888.0,12187.0
4764,34931.0,2205.0,2082.0,7474.0
4765,2734.0,780.0,938.0,9248.0
4766,24119.0,4166.0,7798.0,7798.0
4767,26419.0,2904.0,1915.0,828.0
4768,5459.0,813.0,2494.0,4273.0
4769,32579.0,7418.0,20955.0,33079.0
4770,6485.0,898.0,2207.0,5466.0
4771,4571.0,669.0,2669.0,6971.0
4772,3916.0,386.0,3073.0,8657.0
4773,5118.0,355.0,2480.0,9433.0
4774,3323.0,272.0,1873.0,2711.0
4775,4984.0,1007.0,1942.0,9823.0
4776,3530.0,585.0,3451.0,3189.0
4777,3148.0,473.0,1352.0,6604.0
4778,7736.0,581.0,2442.0,5844.0
4779,35182.0,2832.0,49988.0,109076.0
4780,4458.0,1279.0,2519.0,10184.0
4781,8317.0,1828.0,613.0,11923.0
4782,3800.0,660.0,1867.0,12005.0
4783,6183.0,1146.0,2380.0,9701.0
4784,12875.0,1956.0,5057.0,11596.0
4785,7019.0,1174.0,1501.0,9159.0
4786,3993.0,843.0,1629.0,15676.0
4787,2534.0,1313.0,2263.0,14449.0
4788,3096.0,809.0,2060.0,12714.0
4789,7759.0,549.0,3946.0,12785.0
4790,36312.0,2276.0,4709.0,11000.0
4791,4137.0,1179.0,2379.0,2023.0
4792,40978.0,12616.0,23784.0,17882.0
4793,9627.0,1352.0,927.0,6736.0
4794,4633.0,466.0,3305.0,9556.0
4795,8348.0,2037.0,2777.0,2320.0
4796,5696.0,1053.0,4731.0,11383.0
4797,9174.0,368.0,2995.0,10105.0
4798,4982.0,619.0,3036.0,4387.0
4799,8947.0,1351.0,1942.0,6709.0
4800,17692.0,1116.0,2099.0,14581.0
4801,46991.0,4923.0,1409.0,11286.0
4802,6421.0,976.0,3962.0,3793.0
4803,21642.0,1690.0,1073.0,11762.0
4804,43051.0,5710.0,4505.0,7714.0
4805,10753.0,999.0,1327.0,9412.0
4806,3676.0,298.0,2314.0,3174.0
4807,11459.0,1659.0,4515.0,12988.0
4808,3883.0,564.0,943.0,4594.0
4809,7796.0,544.0,3130.0,3843.0
4810,39006.0,2836.0,2931.0,4978.0
4811,2665.0,170.0,567.0,5264.0
4812,12892.0,1557.0,2382.0,5173.0
4813,24589.0,2410.0,1928.0,8036.0
4814,6593.0,639.0,1420.0,8334.0
4815,20300.0,1909.0,3335.0,9072.0
4816,4384.0,195.0,1412.0,7605.0
4817,2749.0,473.0,1212.0,2933.0
4818,20090.0,1646.0,1623.0,9923.0
4819,2828.0,676.0,3088.0,1073.0
4820,19300.0,1046.0,2340.0,4470.0
4821,2548.0,375.0,-0.0,3195.0
4822,41110.0,7070.0,48764.0,101267.0
4823,21289.0,2001.0,4278.0,9032.0
4824,8098.0,556.0,1629.0,7390.0
4825,5634.0,434.0,2934.0,6325.0
4826,15251.0,1651.0,1875.0,5553.0
4827,6942.0,1282.0,396.0,3407.0
4828,4749.0,582.0,838.0,6655.0
4829,3580.0,159.0,760.0,12269.0
4830,6136.0,715.0,2063.0,10488.0
4831,28546.0,2507.0,2040.0,10097.0
4832,2873.0,901.0,1858.0,5960.0
4833,11401.0,754.0,2801.0,5897.0
4834,7643.0,724.0,3022.0,9979.0
4835,57249.0,5158.0,6321.0,11446.0
4836,47819.0,4963.0,1731.0,9239.0
4837,16204.0,973.0,1999.0,7833.0
4838,23172.0,2275.0,2653.0,11671.0
4839,3446.0,698.0,1395.0,2268.0
4840,6985.0,1308.0,1542.0,5511.0
4841,44081.0,3244.0,5719.0,11923.0
4842,13693.0,1787.0,2048.0,2777.0
4843,26217.0,2811.0,922.0,6226.0
4844,2671.0,599.0,1692.0,7874.0
4845,5729.0,310.0,582.0,7254.0
4846,14313.0,2832.0,6744.0,5662.0
4847,6208.0,535.0,1832.0,9247.0
4848,2556.0,581.0,2188.0,12504.0
4849,5356.0,840.0,1262.0,7227.0
4850,15973.0,1457.0,5013.0,12327.0
4851,8404.0,940.0,1586.0,5613.0
4852,20949.0,1903.0,1475.0,2703.0
4853,22732.0,1338.0,2791.0,7787.0
4854,2486.0,690.0,712.0,8611.0
4855,5779.0,532.0,251.0,8071.0
4856,34165.0,1917.0,1537.0,9101.0
4857,8647.0,569.0,540.0,2651.0
4858,4504.0,953.0,1849.0,3181.0
4859,29829.0,3863.0,3016.0,8794.0
4860,3771.0,561.0,1540.0,3402.0
4861,5806.0,1244.0,1462.0,8106.0
4862,29466.0,2503.0,3172.0,10693.0
4863,7429.0,951.0,1619.0,7041.0
4864,31031.0,2274.0,3375.0,8945.0
4865,4144.0,275.0,1235.0,4622.0
4866,5471.0,820.0,790.0,9141.0
4867,12576.0,1747.0,2237.0,12118.0
4868,7187.0,257.0,2051.0,22036.0
4869,26654.0,2718.0,4012.0,7906.0
4870,3510.0,293.0,778.0,3260.0
4871,6406.0,276.0,1651.0,7632.0
4872,9994.0,800.0,2027.0,11183.0
4873,50880.0,4071.0,57612.0,44551.0
4874,6805.0,670.0,3225.0,3103.0
4875,3605.0,847.0,1158.0,8985.0
4876,6700.0,904.0,2164.0,7718.0
4877,26892.0,2047.0,1850.0,10063.0
4878,3960.0,86.0,1959.0,8087.0
4879,40722.0,5790.0,26019.0,118746.0
4880,2528.0,467.0,2793.0,5578.0
4881,4874.0,596.0,2121.0,10334.0
4882,8641.0,911.0,2717.0,8543.0
4883,167937.0,13371.0,3783.0,40116.0
4884,2524.0,772.0,2123.0,9456.0
4885,8343.0,806.0,2203.0,6349.0
4886,8261.0,1465.0,2899.0,14026.0
4887,10920.0,955.0,1905.0,3160.0
4888,27546.0,9620.0,3999.0,9464.0
4889,8596.0,776.0,128.0,4840.0
4890,21757.0,1513.0,1345.0,4344.0
4891,5130.0,304.0,2262.0,7601.0
4892,2691.0,828.0,1594.0,2248.0
4893,45983.0,3889.0,4124.0,6146.0
4894,9766.0,690.0,2397.0,4327.0
4895,4170.0,665.0,1952.0,8927.0
4896,4809.0,617.0,2496.0,10862.0
4897,5764.0,318.0,2333.0,3327.0
4898,2949.0,929.0,724.0,1121.0
4899,6327.0,893.0,1980.0,8726.0
4900,3448.0,548.0,1759.0,2331.0
4901,2505.0,590.0,1362.0,7041.0
4902,4899.0,1454.0,2310.0,10680.0
4903,3913.0,683.0,700.0,6768.0
4904,4720.0,522.0,3318.0,7553.0
4905,4722.0,456.0,1387.0,6387.0
4906,8948.0,1340.0,2915.0,11552.0
4907,3872.0,374.0,1373.0,2422.0
4908,6541.0,372.0,1294.0,2900.0
4909,2822.0,493.0,1410.0,4435.0
4910,18552.0,1831.0,16049.0,15374.0
4911,10670.0,1086.0,2400.0,10451.0
4912,3502.0,573.0,674.0,8482.0
4913,7718.0,753.0,1339.0,10607.0
4914,21586.0,1785.0,3825.0,9733.0
4915,3950.0,641.0,1739.0,3286.0
4916,26463.0,1741.0,2960.0,7895.0
4917,8828.0,1161.0,1434.0,6597.0
4918,5049.0,783.0,1142.0,2878.0
4919,13905.0,1721.0,2005.0,9357.0
4920,27772.0,1657.0,826.0,6698.0
4921,36027.0,4051.0,17401.0,17318.0
4922,4424.0,493.0,2226.0,4400.0
4923,2946.0,743.0,3299.0,10812.0
4924,8159.0,849.0,372.0,3211.0
4925,21869.0,1126.0,963.0,6849.0
4926,4630.0,607.0,2899.0,7214.0
4927,3094.0,468.0,2366.0,10497.0
4928,5126.0,439.0,3921.0,6366.0
4929,41186.0,5519.0,3357.0,10094.0
4930,26746.0,2060.0,501.0,3984.0
4931,11664.0,1035.0,2382.0,7737.0
4932,9387.0,1845.0,3594.0,8761.0
4933,43291.0,3077.0,3536.0,11326.0
4934,19538.0,1389.0,2311.0,13995.0
4935,4641.0,394.0,1976.0,1497.0
4936,5860.0,530.0,1752.0,7987.0
4937,11429.0,1064.0,3063.0,3141.0
4938,3922.0,381.0,2016.0,10017.0
4939,6206.0,171.0,1898.0,16057.0
4940,12418.0,1390.0,1907.0,9057.0
4941,10556.0,274.0,2116.0,9930.0
4942,4441.0,429.0,2902.0,7371.0
4943,7683.0,1066.0,106.0,4697.0
4944,15228.0,1282.0,2323.0,10470.0
4945,2781.0,586.0,904.0,5718.0
4946,8207.0,393.0,907.0,12091.0
4947,7772.0,1232.0,1733.0,7182.0
4948,4424.0,1280.0,1843.0,4295.0
4949,27820.0,1983.0,2353.0,6211.0
4950,5776.0,1593.0,1989.0,6992.0
4951,3357.0,638.0,2924.0,9816.0
4952,6967.0,1458.0,1025.0,9145.0
4953,5643.0,1020.0,1245.0,15028.0
4954,7574.0,803.0,3273.0,14090.0
4955,6882.0,1205.0,1146.0,9189.0
4956,3360.0,136.0,2209.0,8094.0
4957,6564.0,1860.0,7514.0,9243.0
4958,4403.0,954.0,1931.0,10166.0
4959,9823.0,1701.0,2683.0,9962.0
4960,6289.0,984.0,1472.0,12799.0
4961,15679.0,650.0,2491.0,14249.0
4962,3533.0,293.0,2548.0,5540.0
4963,6258.0,848.0,1966.0,16278.0
4964,5374.0,1547.0,2628.0,10161.0
4965,6402.0,935.0,3585.0,5988.0
4966,7987.0,994.0,1128.0,9596.0
4967,3720.0,591.0,-0.0,4297.0
4968,4544.0,147.0,1832.0,9644.0
4969,19909.0,2807.0,2067.0,3368.0
4970,4034.0,558.0,830.0,1867.0
4971,6735.0,438.0,1140.0,6430.0
4972,6437.0,639.0,466.0,6586.0
4973,5317.0,677.0,2058.0,11740.0
4974,68429.0,14534.0,423068.0,712088.0
4975,7564.0,946.0,2927.0,13925.0
4976,3883.0,1136.0,3501.0,4370.0
4977,4169.0,1146.0,-0.0,8912.0
4978,3447.0,505.0,1011.0,6927.0
4979,14621.0,279.0,2037.0,8427.0
4980,6933.0,1934.0,426.0,5565.0
4981,3798.0,597.0,2895.0,14370.0
4982,2773.0,126.0,1491.0,7860.0
4983,5884.0,835.0,2736.0,10319.0
4984,27990.0,2088.0,1362.0,8250.0
4985,3214.0,481.0,1310.0,4989.0
4986,14876.0,1999.0,2015.0,11749.0
4987,6202.0,789.0,1887.0,4679.0
4988,3987.0,303.0,1286.0,4051.0
4989,27777.0,3076.0,4438.0,14244.0
4990,5932.0,1201.0,3717.0,4854.0
4991,4635.0,1625.0,2421.0,444.0
4992,5214.0,711.0,3291.0,11748.0
4993,10730.0,742.0,2088.0,11227.0
4994,3727.0,603.0,2293.0,9705.0
4995,6375.0,816.0,2323.0,-0.0
4996,3853.0,284.0,846.0,3054.0
4997,11156.0,675.0,1387.0,3324.0
4998,4397.0,454.0,3769.0,8082.0
4999,3421.0,998.0,4095.0,11985.0
5000,10479.0,1349.0,996.0,8752.0
5001,3896.0,504.0,191.0,10697.0
5002,3014.0,735.0,909.0,6239.0
5003,17741.0,2268.0,1993.0,6227.0
5004,5201.0,417.0,3051.0,7326.0
5005,23264.0,2308.0,6639.0,8803.0
5006,4586.0,466.0,1681.0,5287.0
5007,4096.0,386.0,2453.0,1853.0
5008,2966.0,225.0,660.0,3906.0
5009,4367.0,715.0,755.0,6242.0
5010,5657.0,924.0,2159.0,3760.0
5011,4241.0,501.0,475.0,9694.0
5012,3840.0,1260.0,2406.0,9156.0
5013,10504.0,452.0,2422.0,10903.0
5014,4337.0,526.0,1632.0,8666.0
5015,2487.0,614.0,66.0,5506.0
5016,9598.0,1206.0,2332.0,8233.0
5017,6077.0,981.0,300.0,627.0
5018,7044.0,1412.0,1888.0,7083.0
5019,16558.0,1224.0,1926.0,9114.0
5020,5232.0,914.0,3129.0,816.0
5021,4404.0,780.0,1311.0,10513.0
5022,11661.0,779.0,1885.0,9633.0
5023,8052.0,1029.0,2585.0,9970.0
5024,25858.0,2465.0,1584.0,4971.0
5025,13159.0,850.0,2507.0,5191.0
5026,26178.0,2501.0,3539.0,9806.0
5027,63359.0,4493.0,1885.0,12625.0
5028,3946.0,326.0,2345.0,4427.0
5029,43550.0,7239.0,3877.0,21541.0
5030,7713.0,917.0,1619.0,3761.0
5031,15822.0,1668.0,2034.0,8074.0
5032,2580.0,625.0,1062.0,15951.0
5033,35943.0,4096.0,2946.0,6489.0
5034,23183.0,1321.0,3192.0,5782.0
5035,66075.0,7082.0,2707.0,14186.0
5036,3995.0,594.0,3272.0,12082.0
5037,2971.0,504.0,870.0,8338.0
5038,3028.0,826.0,282.0,6804.0
5039,4543.0,410.0,384.0,3649.0
5040,3064.0,1214.0,1057.0,100.0
5041,6183.0,1431.0,2342.0,9829.0
5042,7940.0,835.0,889.0,4750.0
5043,3740.0,723.0,955.0,6658.0
5044,5200.0,996.0,1942.0,6809.0
5045,2772.0,132.0,2421.0,9677.0
5046,4412.0,744.0,539.0,5996.0
5047,26878.0,2426.0,2803.0,10333.0
5048,20725.0,1949.0,2181.0,8099.0
5049,40712.0,5249.0,6716.0,13800.0
5050,6300.0,1001.0,3725.0,7854.0
5051,29473.0,2887.0,1529.0,6064.0
5052,7512.0,340.0,1564.0,5711.0
5053,12320.0,626.0,1518.0,9227.0
5054,7669.0,568.0,2653.0,8780.0
5055,23133.0,2570.0,1789.0,2004.0
5056,5855.0,840.0,2903.0,14170.0
5057,7904.0,1312.0,2233.0,10243.0
5058,8081.0,907.0,2583.0,819.0
5059,26369.0,951.0,2099.0,12656.0
5060,3137.0,498.0,1592.0,11412.0
5061,13575.0,1904.0,4094.0,6445.0
5062,6948.0,947.0,3001.0,4128.0
5063,3947.0,564.0,3663.0,9379.0
5064,5198.0,912.0,978.0,14193.0
5065,3811.0,625.0,2705.0,11352.0
5066,7135.0,641.0,946.0,1967.0
5067,34092.0,14417.0,11905.0,18114.0
5068,3543.0,408.0,3741.0,8823.0
5069,153252.0,11541.0,1974.0,19147.0
5070,5540.0,833.0,313.0,-0.0
5071,27656.0,1159.0,3969.0,18751.0
5072,6370.0,783.0,564.0,5388.0
5073,7874.0,1121.0,522.0,4924.0
5074,3862.0,951.0,1636.0,9133.0
5075,2578.0,466.0,2138.0,10344.0
5076,14100.0,638.0,2041.0,7390.0
5077,5244.0,599.0,2281.0,6491.0
5078,4055.0,100.0,196.0,1926.0
5079,98704.0,23729.0,1050788.0,573674.0
5080,2586.0,851.0,1587.0,-0.0
5081,12466.0,1284.0,2263.0,2320.0
5082,9247.0,1443.0,2738.0,8283.0
5083,4244.0,1000.0,1451.0,5094.0
5084,6370.0,1195.0,1935.0,9002.0
5085,50966.0,3011.0,4151.0,6142.0
5086,9157.0,803.0,590.0,10089.0
5087,9691.0,918.0,2133.0,5551.0
5088,21272.0,1753.0,625.0,8113.0
5089,125399.0,11304.0,33959.0,82592.0
5090,4060.0,149.0,1669.0,2620.0
5091,3105.0,472.0,1193.0,7558.0
5092,10986.0,2938.0,1819.0,12406.0
5093,23126.0,1850.0,1770.0,10930.0
5094,5195.0,1412.0,3001.0,8610.0
5095,25594.0,2216.0,2002.0,12069.0
5096,7885.0,1155.0,720.0,13198.0
5097,4690.0,1177.0,2731.0,8505.0
5098,5373.0,370.0,2340.0,5796.0
5099,2838.0,870.0,1371.0,2231.0
5100,8191.0,3597.0,5687.0,13424.0
5101,6663.0,567.0,3244.0,12595.0
5102,6337.0,649.0,2402.0,6083.0
5103,8605.0,475.0,1770.0,4179.0
5104,25358.0,2568.0,2121.0,2477.0
5105,2845.0,618.0,1172.0,15883.0
5106,6582.0,960.0,4713.0,9047.0
5107,2878.0,486.0,750.0,7080.0
5108,4427.0,1087.0,1228.0,10631.0
5109,8079.0,1460.0,2959.0,3804.0
5110,2902.0,499.0,2704.0,13211.0
5111,28541.0,2134.0,1828.0,7983.0
5112,62719.0,3226.0,1156.0,6444.0
5113,7618.0,1029.0,3885.0,7808.0
5114,2918.0,412.0,-0.0,10040.0
5115,13362.0,1108.0,648.0,5966.0
5116,6811.0,861.0,4732.0,7957.0
5117,3628.0,570.0,676.0,10589.0
5118,3614.0,619.0,1890.0,11452.0
5119,4786.0,268.0,3344.0,4999.0
5120,2957.0,350.0,1349.0,5677.0
5121,9471.0,2699.0,822781.0,514664.0
5122,7815.0,293.0,1977.0,2842.0
5123,9197.0,1057.0,1024.0,5108.0
5124,23898.0,2263.0,1555.0,2799.0
5125,4517.0,525.0,2193.0,7600.0
5126,6131.0,854.0,1778.0,6187.0
5127,34537.0,3100.0,5074.0,14350.0
5128,3835.0,1091.0,1469.0,956.0
5129,3816.0,820.0,2231.0,3092.0
5130,9198.0,1103.0,2520.0,8025.0
5131,32393.0,1503.0,1710.0,8799.0
5132,9301.0,787.0,3671.0,6042.0
5133,5115.0,282.0,3287.0,6688.0
5134,4004.0,655.0,1284.0,1072.0
5135,13407.0,530.0,1686.0,17028.0
5136,11439.0,848.0,4194.0,9934.0
5137,4745.0,550.0,1618.0,7636.0
5138,3473.0,1505.0,3838.0,8982.0
5139,4591.0,501.0,2260.0,6044.0
5140,7223.0,571.0,1985.0,3941.0
5141,20381.0,1277.0,3035.0,8657.0
5142,8975.0,1012.0,1942.0,6391.0
5143,13541.0,2171.0,4712.0,17799.0
5144,4856.0,103.0,1202.0,2568.0
5145,2488.0,501.0,2017.0,5765.0
5146,18772.0,1410.0,2621.0,8779.0
5147,26762.0,2513.0,3308.0,7205.0
5148,27474.0,2650.0,1888.0,3811.0
5149,5026.0,654.0,2571.0,9384.0
5150,2647.0,210.0,1924.0,9944.0
5151,5584.0,524.0,494.0,11757.0
5152,2781.0,152.0,951.0,10419.0
5153,5991.0,1030.0,3403.0,5931.0
5154,18699.0,2174.0,2572.0,12479.0
5155,3254.0,364.0,843.0,5173.0
5156,11448.0,1468.0,3865.0,3637.0
5157,2680.0,352.0,1747.0,4351.0
5158,5397.0,912.0,530.0,7636.0
5159,22403.0,1674.0,4198.0,11063.0
5160,5400.0,436.0,1959.0,9491.0
5161,13841.0,1986.0,2239.0,7835.0
5162,4424.0,890.0,355.0,857.0
5163,5780.0,1078.0,2280.0,12664.0
5164,4486.0,584.0,2927.0,9350.0
5165,6083.0,908.0,2622.0,10350.0
5166,13376.0,1857.0,3024.0,5360.0
5167,14633.0,1639.0,3001.0,6977.0
5168,4148.0,582.0,1491.0,9610.0
5169,6002.0,644.0,102.0,8004.0
5170,3596.0,594.0,633.0,4264.0
5171,19606.0,2964.0,1656.0,7383.0
5172,28081.0,2429.0,866.0,5108.0
5173,4699.0,1057.0,2430.0,8968.0
5174,9315.0,241.0,3612.0,8321.0
5175,10663.0,699.0,1117.0,15987.0
5176,24335.0,2207.0,2088.0,5965.0
5177,3108.0,131.0,1424.0,9156.0
5178,4348.0,690.0,1922.0,3231.0
5179,4808.0,531.0,2390.0,4231.0
5180,18439.0,2059.0,2311.0,8210.0
5181,37322.0,2493.0,47551.0,18722.0
5182,5545.0,964.0,4064.0,9419.0
5183,8020.0,643.0,1780.0,9600.0
5184,8406.0,1359.0,1111.0,10683.0
5185,5908.0,606.0,2522.0,11740.0
5186,13193.0,1036.0,4259.0,13038.0
5187,4219.0,687.0,978.0,2512.0
5188,4120.0,744.0,2434.0,6682.0
5189,7376.0,794.0,1167.0,13512.0
5190,3494.0,908.0,2551.0,12774.0
5191,3036.0,1014.0,1524.0,7117.0
5192,9648.0,899.0,2525.0,7354.0
5193,5251.0,165.0,2039.0,4536.0
5194,3717.0,103.0,1171.0,6819.0
5195,5839.0,470.0,2132.0,5260.0
5196,3215.0,108.0,1961.0,2784.0
5197,2548.0,845.0,367.0,1180.0
5198,3102.0,1176.0,2305.0,13100.0
5199,3553.0,229.0,3470.0,14764.0
5200,13319.0,1294.0,1649.0,7514.0
5201,9997.0,195.0,338.0,10043.0
5202,3516.0,752.0,2049.0,7616.0
5203,4122.0,1233.0,2571.0,10013.0
5204,3646.0,1315.0,301.0,-0.0
5205,4405.0,933.0,243.0,3710.0
5206,3417.0,948.0,683.0,-0.0
5207,4646.0,605.0,635.0,8169.0
5208,3542.0,1247.0,2262.0,515.0
5209,3313.0,791.0,2248.0,8820.0
5210,32148.0,2132.0,2763.0,14957.0
5211,25045.0,13888.0,44457.0,27694.0
5212,4514.0,435.0,2103.0,7802.0
5213,2714.0,382.0,1131.0,12003.0
5214,6036.0,640.0,1001.0,1496.0
5215,29085.0,2919.0,2370.0,4332.0
5216,28872.0,3919.0,2821.0,2574.0
5217,2548.0,363.0,1476.0,6521.0
5218,20441.0,3222.0,4305.0,7966.0
5219,4531.0,227.0,2874.0,8216.0
5220,12991.0,2294.0,1872.0,9592.0
5221,3521.0,669.0,2917.0,6211.0
5222,12066.0,513.0,1861.0,8056.0
5223,14957.0,1766.0,2666.0,3934.0
5224,8943.0,1520.0,819.0,6191.0
5225,6469.0,649.0,1269.0,8011.0
5226,12782.0,1094.0,2383.0,7096.0
5227,7935.0,1756.0,1201.0,6434.0
5228,9068.0,695.0,3329.0,6739.0
5229,5260.0,1265.0,534.0,8924.0
5230,4491.0,985.0,806.0,5035.0
5231,4385.0,782.0,1925.0,6727.0
5232,6691.0,924.0,1954.0,7445.0
5233,4739.0,827.0,1545.0,8328.0
5234,31957.0,2647.0,5673.0,14653.0
5235,2628.0,922.0,3281.0,5221.0
5236,4304.0,1117.0,1937.0,367.0
5237,7460.0,2548.0,753.0,14553.0
5238,8191.0,1635.0,2017.0,11739.0
5239,6168.0,886.0,2276.0,9949.0
5240,3069.0,288.0,1522.0,5991.0
5241,5791.0,1139.0,516.0,3850.0
5242,18358.0,3665.0,138848.0,102514.0
5243,4374.0,635.0,645.0,5866.0
5244,2794.0,1001.0,203.0,4822.0
5245,5440.0,330.0,1161.0,4237.0
5246,3100.0,135.0,1384.0,3217.0
5247,2942.0,1223.0,1313.0,465.0
5248,3093.0,177.0,1455.0,5719.0
5249,13573.0,1887.0,1346.0,12260.0
5250,6109.0,430.0,2658.0,6906.0
5251,4345.0,1110.0,1014.0,3543.0
5252,8242.0,893.0,3087.0,4984.0
5253,4533.0,1060.0,2312.0,6725.0
5254,5456.0,35.0,1642.0,5816.0
5255,3568.0,513.0,1721.0,12001.0
5256,2935.0,669.0,-0.0,-0.0
5257,22814.0,3141.0,4319.0,8277.0
5258,20457.0,1849.0,23405.0,30333.0
5259,3485.0,390.0,1340.0,6699.0
5260,45127.0,2714.0,2925.0,6836.0
5261,6004.0,530.0,348.0,6639.0
5262,2597.0,439.0,1413.0,12205.0
5263,19654.0,2292.0,2342.0,9332.0
5264,4632.0,686.0,1955.0,3796.0
5265,4269.0,765.0,3038.0,3014.0
5266,6657.0,678.0,1594.0,6774.0
5267,5315.0,563.0,2052.0,8675.0
5268,14887.0,578.0,3253.0,8256.0
5269,70804.0,4103.0,9267.0,5953.0
5270,5531.0,759.0,2002.0,6120.0
5271,3787.0,629.0,3845.0,7170.0
5272,10962.0,469.0,844.0,3281.0
5273,6376.0,932.0,1965.0,2256.0
5274,9602.0,1771.0,1572.0,11341.0
5275,31904.0,4625.0,5313.0,8706.0
5276,5910.0,837.0,1251.0,8783.0
5277,4748.0,931.0,238.0,4006.0
5278,5804.0,391.0,959.0,1157.0
5279,5479.0,691.0,2330.0,1747.0
5280,32902.0,2753.0,2856.0,10693.0
5281,4637.0,1089.0,2214.0,7734.0
5282,3169.0,208.0,2350.0,7951.0
5283,12711.0,1236.0,3613.0,13438.0
5284,3958.0,893.0,452.0,10728.0
5285,3167.0,1140.0,1311.0,2483.0
5286,6191.0,1148.0,1154.0,8859.0
5287,3708.0,931.0,1947.0,8020.0
5288,4613.0,1047.0,1972.0,9065.0
5289,4945.0,825.0,262.0,4811.0
5290,2486.0,151.0,1048.0,8461.0
5291,11530.0,1471.0,3131.0,1777.0
5292,163314.0,25570.0,34746.0,47478.0
5293,2658.0,955.0,1602.0,9220.0
5294,6480.0,1790.0,10202.0,10600.0
5295,28908.0,1043.0,2914.0,6634.0
5296,4881.0,510.0,915.0,5800.0
5297,7959.0,87.0,1414.0,14907.0
5298,3625.0,542.0,2320.0,12907.0
5299,7306.0,1268.0,1697.0,7735.0
5300,7050.0,1390.0,1928.0,7593.0
5301,17459.0,1910.0,1953.0,1786.0
5302,11603.0,1181.0,3079.0,5847.0
5303,7593.0,663.0,3721.0,4509.0
5304,36836.0,2368.0,2830.0,7975.0
5305,5604.0,491.0,2344.0,6516.0
5306,11375.0,868.0,1523.0,3836.0
5307,5010.0,667.0,542.0,9136.0
5308,5913.0,419.0,1226.0,9520.0
5309,4710.0,560.0,3752.0,8172.0
5310,5661.0,1024.0,5065.0,11437.0
5311,6575.0,951.0,1382.0,1349.0
5312,33589.0,2225.0,3093.0,14323.0
5313,4592.0,1001.0,1213.0,2331.0
5314,6689.0,639.0,2316.0,7180.0
5315,17079.0,1974.0,564.0,-0.0
5316,4656.0,413.0,1592.0,5859.0
5317,6503.0,1343.0,1770.0,6851.0
5318,33965.0,3162.0,1651.0,15004.0
5319,4591.0,510.0,2924.0,6559.0
5320,8945.0,1262.0,402.0,8410.0
5321,3728.0,397.0,1678.0,11644.0
5322,2880.0,381.0,1152.0,1568.0
5323,4776.0,836.0,484.0,8534.0
5324,8248.0,1015.0,2546.0,11980.0
5325,4968.0,779.0,716.0,2932.0
5326,3514.0,580.0,1134.0,6509.0
5327,3160.0,1140.0,802.0,8095.0
5328,5784.0,53.0,2267.0,8008.0
5329,2582.0,230.0,1020.0,9711.0
5330,2834.0,330.0,1300.0,10607.0
5331,83365.0,7532.0,4589.0,15728.0
5332,20296.0,2181.0,1116.0,3667.0
5333,41433.0,4667.0,3368.0,13649.0
5334,4787.0,187.0,4980.0,7290.0
5335,68151.0,3704.0,1562.0,6698.0
5336,8792.0,1541.0,1104.0,11690.0
5337,2667.0,203.0,1368.0,6589.0
5338,2844.0,138.0,1518.0,8296.0
5339,91596.0,15812.0,7316097.0,302438.0
5340,3472.0,1029.0,1960.0,6032.0
5341,22539.0,658.0,1351.0,4491.0
5342,3490.0,696.0,1127.0,719.0
5343,3973.0,1188.0,1726.0,6394.0
5344,3150.0,285.0,2061.0,4376.0
5345,32655.0,2101.0,1381.0,1102.0
5346,7102.0,711.0,747.0,13096.0
5347,5965.0,577.0,918.0,4448.0
5348,6328.0,665.0,2583.0,9174.0
5349,5600.0,725.0,1146.0,3139.0
5350,2632.0,486.0,618.0,9167.0
5351,4033.0,1216.0,2466.0,6362.0
5352,5058.0,1345.0,2726.0,6170.0
5353,4259.0,469.0,2468.0,12632.0
5354,3337.0,118.0,647.0,9510.0
5355,2870.0,303.0,2190.0,6124.0
5356,14962.0,1414.0,4742.0,8246.0
5357,33766.0,2772.0,1030.0,13035.0
5358,3259.0,190.0,845.0,9179.0
5359,4305.0,307.0,-0.0,4704.0
5360,8070.0,1020.0,3354.0,3699.0
5361,3848.0,759.0,1090.0,8200.0
5362,4843.0,865.0,1983.0,900.0
5363,3252.0,1099.0,1654.0,16606.0
5364,2596.0,379.0,1585.0,5300.0
5365,41463.0,2721.0,1476.0,7101.0
5366,9021.0,1111.0,2321.0,3835.0
5367,7493.0,1063.0,2301.0,11588.0
5368,2894.0,284.0,1603.0,7825.0
5369,6193.0,577.0,611.0,3306.0
5370,18975.0,2038.0,2414.0,2800.0
5371,2612.0,924.0,1846.0,14497.0
5372,55230.0,4069.0,3976.0,6565.0
5373,6936.0,379.0,2094.0,11966.0
5374,4778.0,693.0,1336.0,5154.0
5375,10919.0,1844.0,2399.0,10119.0
5376,9610.0,2346.0,2203.0,2432.0
5377,4381.0,742.0,3535.0,11768.0
5378,6160.0,379.0,1892.0,7646.0
5379,3688.0,391.0,2101.0,7847.0
5380,14054.0,1756.0,2156.0,12317.0
5381,28909.0,1178.0,5897.0,8887.0
5382,9874.0,862.0,2797.0,1685.0
5383,25809.0,3097.0,4452.0,6916.0
5384,87904.0,9001.0,2759.0,12903.0
5385,49419.0,3234.0,1821.0,13851.0
5386,23061.0,2672.0,2123.0,13521.0
5387,2846.0,406.0,1897.0,6789.0
5388,7464.0,955.0,1282.0,7394.0
5389,3944.0,275.0,2962.0,10064.0
5390,3567.0,1029.0,3309.0,9822.0
5391,4396.0,664.0,2708.0,4724.0
5392,4377.0,978.0,4304.0,13555.0
5393,7100.0,1451.0,2966.0,16323.0
5394,4153.0,463.0,3006.0,3965.0
5395,3759.0,535.0,3831.0,10966.0
5396,16591.0,1135.0,3032.0,2552.0
5397,3643.0,1762.0,2908.0,6421.0
5398,3124.0,778.0,1988.0,5389.0
5399,3396.0,152.0,2756.0,6628.0
5400,7241.0,642.0,2366.0,10339.0
5401,26087.0,2343.0,4520.0,9584.0
5402,49442.0,2227.0,4140.0,12543.0
5403,5903.0,803.0,1893.0,7394.0
5404,4530.0,958.0,870.0,2915.0
5405,3126.0,545.0,1467.0,5166.0
5406,31206.0,2497.0,918.0,5305.0
5407,15887.0,1097.0,2468.0,7060.0
5408,5853.0,940.0,607.0,4311.0
5409,5844.0,1049.0,2455.0,11770.0
5410,11933.0,574.0,754.0,1466.0
5411,14787.0,1328.0,2874.0,6562.0
5412,10480.0,1274.0,3920.0,4695.0
5413,13809.0,972.0,2289.0,5754.0
5414,15098.0,1243.0,2026.0,4330.0
5415,16088.0,1785.0,2248.0,15130.0
5416,90756.0,32118.0,63160.0,41901.0
5417,3232.0,384.0,1077.0,2029.0
5418,7628.0,431.0,2645.0,3724.0
5419,5164.0,553.0,2619.0,7971.0
5420,4460.0,255.0,2300.0,8124.0
5421,7731.0,379.0,1519.0,7369.0
5422,25430.0,4733.0,14400.0,12129.0
5423,4329.0,1703.0,772.0,3661.0
5424,36131.0,4433.0,2551.0,12266.0
5425,2606.0,613.0,2210.0,7650.0
5426,9601.0,941.0,1147.0,2864.0
5427,5721.0,705.0,3600.0,10506.0
5428,8889.0,1864.0,2939.0,5276.0
5429,45770.0,5852.0,7334.0,11178.0
5430,3946.0,440.0,1187.0,13635.0
5431,37150.0,3327.0,3478.0,8483.0
5432,4460.0,735.0,1914.0,6183.0
5433,5508.0,711.0,4286.0,7835.0
5434,4708.0,1162.0,2114.0,11507.0
5435,29854.0,1770.0,3256.0,11172.0
5436,12208.0,1228.0,1036.0,8496.0
5437,16138.0,1628.0,1865.0,9043.0
5438,8281.0,398.0,2267.0,3847.0
5439,7786.0,1020.0,1295.0,9087.0
5440,2847.0,804.0,1577.0,2578.0
5441,4274.0,230.0,3030.0,12289.0
5442,10793.0,1186.0,1260.0,12762.0
5443,6592.0,329.0,2239.0,8298.0
5444,4639.0,1465.0,965.0,7946.0
5445,13489.0,1197.0,1516.0,7213.0
5446,4526.0,405.0,759.0,10986.0
5447,6144.0,690.0,1787.0,9129.0
5448,6315.0,1174.0,796.0,3376.0
5449,7692.0,785.0,1684.0,5995.0
5450,6320.0,479.0,2301.0,12480.0
5451,16388.0,2494.0,14757.0,25585.0
5452,4660.0,813.0,353.0,1636.0
5453,27505.0,1716.0,-0.0,6197.0
5454,13062.0,623.0,3095.0,4025.0
5455,2731.0,1134.0,2620.0,9029.0
5456,3769.0,659.0,2244.0,9422.0
5457,25681.0,1778.0,1271.0,7307.0
5458,13113.0,1527.0,1133.0,5908.0
5459,5582.0,753.0,2092.0,6682.0
5460,3084.0,317.0,1985.0,21180.0
5461,5723.0,983.0,1853.0,8110.0
5462,3619.0,166.0,1969.0,3432.0
5463,26497.0,1410.0,6873.0,6575.0
5464,4676.0,1139.0,2748.0,2427.0
5465,20433.0,3398.0,1634.0,6123.0
5466,15321.0,811.0,1863.0,1928.0
5467,3042.0,342.0,882.0,152.0
5468,4814.0,1077.0,2154.0,13967.0
5469,3314.0,1053.0,2646.0,6506.0
5470,6171.0,1073.0,1448.0,7738.0
5471,4393.0,488.0,1891.0,9107.0
5472,4826.0,1532.0,-0.0,1013.0
5473,6143.0,309.0,2818.0,7242.0
5474,3854.0,674.0,3582.0,7139.0
5475,28119.0,2231.0,3578.0,8261.0
5476,12071.0,851.0,2618.0,6041.0
5477,7295.0,602.0,1651.0,8347.0
5478,5240.0,491.0,3781.0,8171.0
5479,4483.0,676.0,1383.0,6534.0
5480,9613.0,422.0,1793.0,3977.0
5481,4702.0,1430.0,380.0,5702.0
5482,45883.0,6164.0,5747.0,18646.0
5483,4647.0,563.0,300.0,10524.0
5484,24795.0,2574.0,1803.0,6790.0
5485,21362.0,2204.0,1691.0,6891.0
5486,19939.0,1262.0,1337.0,12385.0
5487,4223.0,902.0,1952.0,6312.0
5488,17582.0,1051.0,1843.0,9016.0
5489,7661.0,1157.0,4754.0,6729.0
5490,3680.0,240.0,2235.0,6340.0
5491,19477.0,5350.0,12375.0,68663.0
5492,3826.0,633.0,1673.0,12852.0
5493,5451.0,1392.0,1753.0,8798.0
5494,7670.0,431.0,1741.0,7519.0
5495,4510.0,872.0,1864.0,5864.0
5496,5707.0,1217.0,2786.0,2852.0
5497,6375.0,866.0,5988.0,5028.0
5498,8534.0,648.0,2782.0,9407.0
5499,3922.0,914.0,1246.0,8380.0
5500,3881.0,322.0,2863.0,3986.0
5501,6924.0,1628.0,599.0,4425.0
5502,4608.0,751.0,442.0,-0.0
5503,4093.0,506.0,1561.0,3421.0
5504,7429.0,572.0,2305.0,8210.0
5505,3184.0,914.0,2622.0,15751.0
5506,22181.0,2276.0,3100.0,6756.0
5507,7069.0,801.0,497.0,3323.0
5508,5293.0,790.0,2124.0,13971.0
5509,8340.0,1000.0,4239.0,5925.0
5510,8049.0,2449.0,1076.0,6191.0
5511,4706.0,683.0,2597.0,5274.0
5512,136406.0,22820.0,103698.0,88599.0
5513,4404.0,421.0,1328.0,5292.0
5514,6776.0,616.0,3430.0,6332.0
5515,5076.0,1049.0,1029.0,9974.0
5516,16150.0,1913.0,1105.0,5388.0
5517,5061.0,230.0,1156.0,7339.0
5518,3575.0,1403.0,2046.0,8106.0
5519,4326.0,331.0,2821.0,4244.0
5520,5754.0,767.0,675.0,13986.0
5521,26851.0,2729.0,1869.0,8745.0
5522,5462.0,889.0,771.0,4867.0
5523,5010.0,499.0,1992.0,10146.0
5524,2523.0,228.0,1270.0,3941.0
5525,6425.0,415.0,1304.0,6451.0
5526,4105.0,311.0,2781.0,11188.0
5527,4992.0,1552.0,3709.0,12072.0
5528,3165.0,206.0,2217.0,17548.0
5529,8760.0,1031.0,1327.0,-0.0
5530,5331.0,255.0,3533.0,1525.0
5531,2955.0,380.0,1248.0,3816.0
5532,10530.0,1182.0,3607.0,5157.0
5533,8567.0,1303.0,2180.0,9059.0
5534,57691.0,2469.0,2148.0,8895.0
5535,4328.0,459.0,1777.0,5370.0
5536,3989.0,104.0,2603.0,9136.0
5537,38640.0,2225.0,1902.0,4802.0
5538,6353.0,1440.0,1901.0,3311.0
5539,3807.0,508.0,2711.0,6448.0
5540,8602.0,663.0,3514.0,9150.0
5541,83094.0,8010.0,4921.0,9118.0
5542,13397.0,2238.0,3160.0,3426.0
5543,4970.0,582.0,1402.0,4170.0
5544,3824.0,615.0,2458.0,5699.0
5545,18683.0,2445.0,2144.0,8070.0
5546,4722.0,620.0,2230.0,9388.0
5547,5177.0,1159.0,2588.0,7033.0
5548,4264.0,189.0,1369.0,12020.0
5549,6037.0,2026.0,1732.0,10992.0
5550,2588.0,803.0,2781.0,11104.0
5551,19847.0,2186.0,2281.0,15767.0
5552,4209.0,63.0,3037.0,12934.0
5553,5299.0,1208.0,858.0,3804.0
5554,14212.0,1571.0,454.0,7665.0
5555,8653.0,829.0,1642.0,7016.0
5556,3235.0,270.0,2288.0,8438.0
5557,15279.0,1566.0,703.0,10952.0
5558,25462.0,2193.0,1385.0,8679.0
5559,9585.0,1231.0,1239.0,9787.0
5560,33429.0,2775.0,4954.0,9920.0
5561,22575.0,1521.0,1791.0,12762.0
5562,2938.0,1461.0,3187.0,12235.0
5563,42432.0,2466.0,3369.0,11788.0
5564,86665.0,5742.0,30830.0,19672.0
5565,22390.0,2738.0,1764.0,4375.0
5566,4257.0,533.0,989.0,7526.0
5567,6325.0,410.0,5140.0,8358.0
5568,4132.0,734.0,1359.0,7013.0
5569,4510.0,448.0,2274.0,10088.0
5570,4328.0,431.0,2323.0,8924.0
5571,5920.0,1018.0,303.0,6958.0
5572,5678.0,789.0,1077.0,5442.0
5573,6361.0,824.0,4477.0,5576.0
5574,4549.0,1462.0,1832.0,4091.0
5575,4933.0,762.0,700.0,9745.0
5576,5436.0,882.0,1726.0,5105.0
5577,5646.0,596.0,2200.0,6808.0
5578,17316.0,1275.0,1996.0,12453.0
5579,7170.0,578.0,1512.0,3848.0
5580,3874.0,318.0,546.0,1186.0
5581,35722.0,2887.0,2798.0,11337.0
5582,6354.0,1150.0,1137.0,10886.0
5583,7938.0,915.0,772.0,7887.0
5584,2865.0,890.0,1962.0,8722.0
5585,3783.0,1322.0,2400.0,10001.0
5586,8341.0,838.0,2366.0,14300.0
5587,13567.0,1197.0,3511.0,2127.0
5588,4593.0,1155.0,1107.0,9603.0
5589,4371.0,1117.0,1193.0,6793.0
5590,7894.0,958.0,995.0,6955.0
5591,8828.0,494.0,1950.0,5542.0
5592,7499.0,1545.0,965.0,7038.0
5593,5729.0,1464.0,807.0,5383.0
5594,4350.0,653.0,2808.0,4781.0
5595,3037.0,740.0,3012.0,10967.0
5596,2531.0,486.0,2792.0,7602.0
5597,4832.0,1165.0,968.0,10158.0
5598,23365.0,1559.0,3873.0,8993.0
5599,3079.0,618.0,887.0,2222.0
5600,5895.0,549.0,2378.0,-0.0
5601,22252.0,2200.0,1148.0,3857.0
5602,4251.0,648.0,2540.0,2890.0
5603,3676.0,325.0,2337.0,10312.0
5604,5853.0,907.0,883.0,4156.0
5605,74357.0,5311.0,76638.0,69216.0
5606,6235.0,596.0,2186.0,4081.0
5607,8570.0,432.0,2560.0,14472.0
5608,67635.0,44384.0,58123.0,141989.0
5609,4101.0,56.0,1049.0,1099.0
5610,8889.0,952.0,4344.0,6528.0
5611,35616.0,3692.0,1216.0,9452.0
5612,11841.0,860.0,1602.0,7224.0
5613,5465.0,1629.0,4682.0,11418.0
5614,16635.0,1592.0,2201.0,5995.0
5615,4620.0,715.0,3655.0,9689.0
5616,2836.0,486.0,1787.0,12537.0
5617,12409.0,1778.0,2144.0,6767.0
5618,4073.0,1132.0,2232.0,5153.0
5619,50553.0,4974.0,5936.0,5212.0
5620,7044.0,628.0,1314.0,6310.0
5621,8356.0,1183.0,1809.0,10859.0
5622,4309.0,792.0,1677.0,5066.0
5623,2857.0,180.0,1415.0,6479.0
5624,2701.0,714.0,699.0,3785.0
5625,4332.0,1607.0,1380.0,-0.0
5626,18405.0,1552.0,1557.0,10566.0
5627,2724.0,414.0,2259.0,5680.0
5628,17887.0,1650.0,1381.0,7383.0
5629,9243.0,735.0,1543.0,3073.0
5630,15086.0,1020.0,2778.0,11586.0
5631,2922.0,437.0,2846.0,1576.0
5632,5079.0,1133.0,852.0,1983.0
5633,2668.0,651.0,407.0,17644.0
5634,2641.0,242.0,3046.0,7644.0
5635,5804.0,1008.0,3302.0,5755.0
5636,7456.0,1306.0,1826.0,6721.0
5637,15219.0,2087.0,3378.0,10055.0
5638,11761.0,1678.0,2942.0,8969.0
5639,6167.0,575.0,1626.0,4170.0
5640,3419.0,397.0,703.0,4518.0
5641,4348.0,242.0,1518.0,12585.0
5642,3902.0,432.0,1635.0,8682.0
5643,11507.0,776.0,2020.0,6343.0
5644,5823.0,925.0,2066.0,2531.0
5645,9479.0,1504.0,932.0,8473.0
5646,4451.0,201.0,2407.0,8529.0
5647,3840.0,1828.0,2769.0,9970.0
5648,23078.0,2531.0,2727.0,11535.0
5649,54634.0,5377.0,1331.0,13305.0
5650,7334.0,1506.0,1815.0,4839.0
5651,4090.0,782.0,611.0,7895.0
5652,2486.0,328.0,1580.0,7059.0
5653,2811.0,705.0,1688.0,6462.0
5654,16482.0,1499.0,2156.0,9571.0
5655,11413.0,843.0,1556.0,2895.0
5656,6708.0,660.0,1898.0,9562.0
5657,4575.0,964.0,3970.0,13186.0
5658,8249.0,2031.0,2021.0,3073.0
5659,4969.0,460.0,1099.0,7637.0
5660,25215.0,1373.0,3931.0,19020.0
5661,39322.0,3135.0,3778.0,13730.0
5662,8065.0,1306.0,1241.0,10962.0
5663,5278.0,784.0,2503.0,13551.0
5664,7117.0,831.0,1684.0,5179.0
5665,33524.0,2461.0,2520.0,8504.0
5666,3470.0,969.0,2515.0,6888.0
5667,36306.0,5855.0,2412.0,14735.0
5668,35789.0,4156.0,284057.0,339684.0
5669,3875.0,585.0,2023.0,7606.0
5670,5872.0,1042.0,999.0,11454.0
5671,2786.0,875.0,1086.0,6112.0
5672,28950.0,4685.0,3672.0,10961.0
5673,3640.0,285.0,2325.0,9067.0
5674,3797.0,118.0,1511.0,-0.0
5675,4510.0,894.0,1990.0,7204.0
5676,8797.0,1311.0,1664.0,9482.0
5677,105256.0,9291.0,75545.0,135125.0
5678,15791.0,1845.0,1965.0,7010.0
5679,3940.0,334.0,3591.0,5997.0
5680,17883.0,476.0,1657.0,9820.0
5681,8280.0,431.0,1365.0,6011.0
5682,24167.0,1850.0,1178.0,7399.0
5683,2472.0,544.0,2122.0,7759.0
5684,2670.0,340.0,1566.0,9395.0
5685,11291.0,1868.0,2306.0,8898.0
5686,15128.0,1504.0,1050.0,10273.0
5687,9482.0,450.0,2420.0,8490.0
5688,9047.0,316.0,1682.0,7880.0
5689,4262.0,606.0,2120.0,-0.0
5690,10001.0,264.0,1801.0,9163.0
5691,23320.0,5314.0,3403.0,7272.0
5692,5679.0,355.0,1828.0,8628.0
5693,5924.0,1110.0,1760.0,5716.0
5694,9908.0,1095.0,3554.0,15939.0
5695,2668.0,1018.0,1441.0,1577.0
5696,4552.0,464.0,3353.0,12748.0
5697,3851.0,453.0,1791.0,5609.0
5698,3694.0,527.0,1381.0,5466.0
5699,14942.0,1132.0,2137.0,8880.0
5700,4388.0,428.0,1334.0,3268.0
5701,5608.0,864.0,858.0,4645.0
5702,8102.0,854.0,1768.0,8201.0
5703,14652.0,1195.0,1763.0,10115.0
5704,4349.0,524.0,2962.0,15835.0
5705,54485.0,9192.0,9595.0,26755.0
5706,4034.0,682.0,2968.0,4538.0
5707,2912.0,345.0,490.0,2588.0
5708,7661.0,768.0,1589.0,6494.0
5709,3791.0,733.0,2227.0,19791.0
5710,4566.0,440.0,2445.0,5573.0
5711,7362.0,1082.0,1865.0,8470.0
5712,3972.0,259.0,382.0,2731.0
5713,3399.0,652.0,1137.0,10927.0
5714,2880.0,384.0,2460.0,2535.0
5715,19687.0,1857.0,1493.0,9346.0
5716,3394.0,964.0,2661.0,7320.0
5717,4051.0,354.0,2069.0,3905.0
5718,23961.0,2074.0,1530.0,6370.0
5719,7076.0,906.0,1397.0,3905.0
5720,6193.0,638.0,1619.0,5141.0
5721,4484.0,965.0,1021.0,7108.0
5722,20106.0,1319.0,2346.0,6460.0
5723,6426.0,1040.0,1541.0,9194.0
5724,16196.0,2665.0,3044.0,11353.0
5725,9266.0,3578.0,3242.0,11540.0
5726,3511.0,972.0,2464.0,8251.0
5727,3489.0,775.0,2153.0,4665.0
5728,2477.0,642.0,2601.0,5907.0
5729,16062.0,895.0,2801.0,7241.0
5730,6107.0,1126.0,70.0,5211.0
5731,29017.0,1787.0,5589.0,8053.0
5732,3351.0,1502.0,2960.0,12729.0
5733,5442.0,725.0,1535.0,3133.0
5734,5679.0,1142.0,3794.0,8575.0
5735,3712.0,269.0,613.0,10699.0
5736,5038.0,604.0,2338.0,12201.0
5737,7213.0,1001.0,2292.0,6087.0
5738,3165.0,814.0,1279.0,6860.0
5739,7449.0,593.0,1840.0,8231.0
5740,5071.0,1268.0,1733.0,8317.0
5741,5475.0,463.0,1430.0,4323.0
5742,3597.0,516.0,531.0,4883.0
5743,4277.0,399.0,2182.0,4577.0
5744,27694.0,2178.0,1123.0,3675.0
5745,39363.0,1616.0,2618.0,8404.0
5746,4195.0,726.0,916.0,10128.0
5747,8951.0,470.0,2053.0,9390.0
5748,14708.0,1956.0,3833.0,4201.0
5749,84497.0,19776.0,48846.0,40078.0
5750,4207.0,636.0,4768.0,9947.0
5751,26869.0,1885.0,1441.0,9291.0
5752,11297.0,1598.0,1919.0,6270.0
5753,19456.0,1402.0,4432.0,7033.0
5754,4551.0,940.0,1918.0,4919.0
5755,7938.0,1196.0,841.0,10027.0
5756,4037.0,754.0,65.0,4385.0
5757,4287.0,740.0,1755.0,10979.0
5758,2749.0,655.0,592.0,3333.0
5759,3105.0,873.0,3578.0,8370.0
5760,4753.0,406.0,2932.0,3831.0
5761,7987.0,778.0,1678.0,7656.0
5762,4759.0,361.0,2581.0,3312.0
5763,3862.0,621.0,2286.0,9110.0
5764,4973.0,655.0,2003.0,6945.0
5765,7619.0,973.0,2907.0,9362.0
5766,26288.0,2282.0,2813.0,4938.0
5767,2955.0,677.0,901.0,3102.0
5768,3360.0,416.0,2492.0,8976.0
5769,4136.0,800.0,1519.0,4665.0
5770,4278.0,317.0,1826.0,8244.0
5771,3294.0,265.0,4176.0,8799.0
5772,48583.0,7160.0,7956.0,86480.0
5773,5512.0,1669.0,-0.0,6209.0
5774,9452.0,867.0,2584.0,9165.0
5775,2537.0,771.0,809.0,414.0
5776,3368.0,217.0,2830.0,13842.0
5777,6336.0,834.0,304.0,6410.0
5778,338988.0,44162.0,40734.0,127899.0
5779,25181.0,2705.0,3359.0,4596.0
5780,3301.0,220.0,639.0,5055.0
5781,9795.0,1054.0,2183.0,5835.0
5782,5189.0,244.0,1174.0,8164.0
5783,3794.0,842.0,439.0,3013.0
5784,3815.0,296.0,1221.0,3174.0
5785,4582.0,688.0,2205.0,10654.0
5786,24479.0,971.0,1665.0,9726.0
5787,3842.0,750.0,1297.0,9681.0
5788,3975.0,623.0,928.0,11307.0
5789,11546.0,2011.0,361.0,9466.0
5790,7053.0,593.0,3015.0,3740.0
5791,3004.0,405.0,3523.0,6793.0
5792,3814.0,551.0,2174.0,7648.0
5793,5245.0,919.0,528.0,8495.0
5794,7460.0,1928.0,1410.0,5377.0
5795,5318.0,669.0,3058.0,3976.0
5796,15870.0,1573.0,2441.0,7702.0
5797,8882.0,1307.0,1794.0,5891.0
5798,45294.0,5005.0,2565.0,14917.0
5799,6342.0,594.0,2057.0,2822.0
5800,21868.0,1423.0,2798.0,3985.0
5801,4895.0,100.0,2099.0,248.0
5802,3828.0,346.0,4233.0,12147.0
5803,3060.0,426.0,1449.0,5069.0
5804,11247.0,1264.0,1000.0,5860.0
5805,3552.0,986.0,218.0,7788.0
5806,39151.0,3466.0,844.0,12429.0
5807,4037.0,842.0,2773.0,10294.0
5808,26879.0,4670.0,4047.0,12989.0
5809,6229.0,930.0,2328.0,3807.0
5810,3922.0,1009.0,2133.0,13151.0
5811,21660.0,1489.0,3495.0,10918.0
5812,6158.0,717.0,2719.0,6005.0
5813,5704.0,884.0,2690.0,12596.0
5814,3582.0,822.0,3847.0,12419.0
5815,49285.0,5621.0,145275.0,107395.0
5816,5231.0,845.0,3279.0,12078.0
5817,5439.0,383.0,4270.0,15522.0
5818,2543.0,803.0,1819.0,6295.0
5819,3895.0,1629.0,1208.0,8551.0
5820,5023.0,1080.0,493.0,4052.0
5821,4948.0,525.0,2033.0,10498.0
5822,9914.0,397.0,3557.0,7160.0
5823,4672.0,1150.0,2478.0,7792.0
5824,2917.0,289.0,392.0,4584.0
5825,2522.0,423.0,1050.0,3669.0
5826,8209.0,1289.0,134.0,2535.0
5827,15447.0,1499.0,1660.0,12525.0
5828,7235.0,2295.0,3012.0,5616.0
5829,2658.0,441.0,1382.0,9211.0
5830,6612.0,229.0,4040.0,3880.0
5831,8400.0,640.0,1220.0,6835.0
5832,23300.0,2381.0,2005.0,5121.0
5833,19106.0,2683.0,3380.0,8628.0
5834,6145.0,978.0,1743.0,11462.0
5835,3683.0,200.0,2260.0,8023.0
5836,6832.0,1420.0,1997.0,5173.0
5837,6570.0,882.0,1886.0,897.0
5838,2873.0,858.0,2636.0,6907.0
5839,4375.0,472.0,4029.0,5827.0
5840,2843.0,584.0,797.0,6411.0
5841,5019.0,872.0,2777.0,13432.0
5842,7986.0,875.0,3198.0,11334.0
5843,7882.0,468.0,2161.0,4797.0
5844,10929.0,467.0,1583.0,5155.0
5845,5956.0,439.0,1328.0,4459.0
5846,9592.0,2418.0,1903.0,10113.0
5847,6840.0,1286.0,2159.0,7317.0
5848,6423.0,857.0,1825.0,1976.0
5849,9659.0,531.0,1799.0,5589.0
5850,7559.0,1291.0,994.0,9271.0
5851,8706.0,1343.0,2829.0,6065.0
5852,23246.0,1632.0,1191.0,5197.0
5853,2966.0,439.0,1374.0,9210.0
5854,6547.0,898.0,2147.0,2134.0
5855,5543.0,348.0,1716.0,8834.0
5856,4541.0,737.0,2545.0,5525.0
5857,29086.0,2187.0,4350.0,6633.0
5858,4592.0,553.0,2125.0,3111.0
5859,2463.0,346.0,2083.0,9513.0
5860,7153.0,1667.0,1623.0,13253.0
5861,34105.0,1575.0,3193.0,9425.0
5862,9610.0,1163.0,1335.0,5029.0
5863,20046.0,1222.0,696.0,5937.0
5864,17073.0,903.0,2749.0,9959.0
5865,6736.0,705.0,1573.0,10688.0
5866,18482.0,2330.0,3194.0,5969.0
5867,3210.0,575.0,3178.0,5737.0
5868,4273.0,924.0,3861.0,8133.0
5869,6898.0,751.0,535.0,6254.0
5870,3437.0,427.0,1727.0,7528.0
5871,3962.0,826.0,2443.0,7000.0
5872,27003.0,1985.0,2455.0,9293.0
5873,6684.0,480.0,1864.0,8760.0
5874,6480.0,729.0,3575.0,14349.0
5875,3578.0,618.0,1372.0,-0.0
5876,8183.0,551.0,1972.0,6476.0
5877,3866.0,742.0,537.0,4784.0
5878,17363.0,1042.0,2650.0,1602.0
5879,8307.0,798.0,1229.0,4621.0
5880,26865.0,1670.0,1878.0,6008.0
5881,4458.0,300.0,2154.0,13598.0
5882,8569.0,303.0,520.0,12428.0
5883,13881.0,1634.0,1858.0,5314.0
5884,152307.0,36583.0,127193.0,63656.0
5885,7006.0,606.0,2656.0,6050.0
5886,21931.0,1772.0,2008.0,9308.0
5887,6192.0,1311.0,2675.0,4842.0
5888,36303.0,2838.0,2787.0,12047.0
5889,5887.0,1105.0,2495.0,10272.0
5890,12784.0,1607.0,1852.0,10805.0
5891,5111.0,1110.0,2288.0,11374.0
5892,3674.0,1270.0,2474.0,6322.0
5893,6748.0,4007.0,36556.0,25155.0
5894,4248.0,695.0,1795.0,8133.0
5895,3933.0,1018.0,2605.0,7092.0
5896,37260.0,2892.0,94586.0,36681.0
5897,5465.0,220.0,607.0,3420.0
5898,3055.0,1070.0,1351.0,8386.0
5899,3523.0,451.0,2274.0,5432.0
5900,7349.0,759.0,623.0,2274.0
5901,4471.0,199.0,464.0,7957.0
5902,35583.0,4150.0,6168.0,6443.0
5903,3583.0,177.0,2182.0,3847.0
5904,5974.0,837.0,508.0,6405.0
5905,7615.0,1123.0,126.0,9880.0
5906,2694.0,1200.0,4316.0,7435.0
5907,26087.0,2971.0,1000.0,11738.0
5908,5820.0,665.0,2531.0,8533.0
5909,5060.0,665.0,2299.0,8605.0
5910,37759.0,3339.0,1374.0,-0.0
5911,5657.0,619.0,1364.0,13311.0
5912,7890.0,712.0,4402.0,10987.0
5913,4160.0,1064.0,2195.0,6172.0
5914,3328.0,613.0,368.0,462.0
5915,15052.0,1450.0,2128.0,7100.0
5916,3330.0,194.0,2006.0,9135.0
5917,9899.0,779.0,2494.0,4031.0
5918,3165.0,950.0,2134.0,11487.0
5919,4020.0,503.0,2890.0,14842.0
5920,10145.0,730.0,2325.0,6312.0
5921,19002.0,2828.0,5460.0,4684.0
5922,14542.0,1963.0,3329.0,8404.0
5923,4976.0,881.0,2627.0,3024.0
5924,3793.0,593.0,1451.0,9699.0
5925,2532.0,429.0,870.0,671.0
5926,3968.0,353.0,1318.0,5716.0
5927,51398.0,4883.0,3985.0,11441.0
5928,34728.0,2220.0,2685.0,1996.0
5929,4615.0,476.0,798.0,7241.0
5930,3967.0,1128.0,2711.0,5423.0
5931,3901.0,946.0,3039.0,8294.0
5932,12581.0,1458.0,1152.0,5065.0
5933,45565.0,3665.0,4427.0,14474.0
5934,2517.0,584.0,2520.0,6464.0
5935,2596.0,137.0,1350.0,5336.0
5936,4260.0,65.0,1117.0,4998.0
5937,4603.0,1192.0,1942.0,5228.0
5938,3328.0,507.0,2361.0,10692.0
5939,4509.0,524.0,1620.0,4930.0
5940,2518.0,987.0,1664.0,805.0
5941,11867.0,2224.0,2388.0,5662.0
5942,8037.0,594.0,2648.0,6729.0
5943,8106.0,575.0,1924.0,4890.0
5944,21842.0,2424.0,1883.0,16760.0
5945,3817.0,349.0,745.0,9880.0
5946,7805.0,372.0,2510.0,3467.0
5947,6835.0,1143.0,2243.0,13533.0
5948,14081.0,697.0,1744.0,10519.0
5949,26998.0,3457.0,2042.0,8284.0
5950,3992.0,373.0,2505.0,7078.0
5951,5414.0,468.0,1546.0,5637.0
5952,4388.0,591.0,1873.0,18259.0
5953,5714.0,550.0,1746.0,2774.0
5954,3207.0,151.0,1281.0,11180.0
5955,8488.0,787.0,3540.0,3273.0
5956,4577.0,878.0,1854.0,7393.0
5957,5342.0,763.0,743.0,9104.0
5958,3280.0,472.0,631.0,8860.0
5959,3481.0,493.0,535.0,8250.0
5960,3687.0,1143.0,1692.0,5982.0
5961,4015.0,537.0,1740.0,9501.0
5962,3621.0,372.0,608.0,4521.0
5963,26761.0,1940.0,1709.0,5327.0
5964,4304.0,868.0,1556.0,5011.0
5965,7829.0,969.0,1087.0,5531.0
5966,3946.0,358.0,1376.0,10088.0
5967,7945.0,1258.0,908.0,3534.0
5968,3450.0,1144.0,2651.0,13638.0
5969,10292.0,613.0,3379.0,14708.0
5970,4102.0,747.0,2158.0,6751.0
5971,3822.0,561.0,2710.0,15911.0
5972,4487.0,478.0,1495.0,4990.0
5973,3377.0,304.0,1200.0,5658.0
5974,32927.0,3980.0,3574.0,10249.0
5975,4550.0,660.0,2814.0,6698.0
5976,3971.0,661.0,1930.0,16524.0
5977,4035.0,659.0,2994.0,8287.0
5978,4870.0,463.0,1856.0,5756.0
5979,40705.0,3159.0,2809.0,9426.0
5980,19479.0,1294.0,2657.0,3801.0
5981,6456.0,1009.0,687.0,2792.0
5982,2486.0,342.0,50.0,5369.0
5983,4325.0,906.0,1244.0,4288.0
5984,7585.0,1201.0,4045.0,18329.0
5985,6905.0,337.0,725.0,8143.0
5986,3262.0,875.0,1271.0,-0.0
5987,7063.0,644.0,1676.0,4587.0
5988,14890.0,1804.0,1064.0,5671.0
5989,27504.0,2258.0,2425.0,7265.0
5990,5562.0,853.0,1160.0,4339.0
5991,19825.0,1324.0,1493.0,7263.0
5992,5010.0,541.0,3558.0,7903.0
5993,2525.0,381.0,1647.0,13287.0
5994,6178.0,573.0,1719.0,10555.0
5995,8987.0,790.0,624.0,7864.0
5996,3048.0,697.0,3266.0,11827.0
5997,6119.0,358.0,2409.0,5458.0
5998,6757.0,908.0,2244.0,5098.0
5999,4237.0,845.0,1664.0,5664.0
6000,7696.0,1581.0,2984.0,3639.0
6001,5660.0,415.0,1840.0,6816.0
6002,8206.0,1213.0,52.0,8175.0
6003,5137.0,244.0,1222.0,9622.0
6004,8743.0,251.0,1580.0,7744.0
6005,22398.0,1035.0,2903.0,9755.0
6006,5171.0,549.0,1332.0,5727.0
6007,7114.0,355.0,2457.0,12165.0
6008,3145.0,794.0,490.0,1826.0
6009,21714.0,2487.0,3176.0,2816.0
6010,6416.0,661.0,1395.0,6942.0
6011,4481.0,1791.0,1498.0,3986.0
6012,7927.0,1614.0,970.0,3498.0
6013,3966.0,1254.0,-0.0,7189.0
6014,3407.0,143.0,2207.0,13591.0
6015,6553.0,1494.0,2707.0,10905.0
6016,32875.0,2258.0,3907.0,9545.0
6017,9243.0,1157.0,795.0,5413.0
6018,2773.0,426.0,331.0,5387.0
6019,4459.0,1137.0,3082.0,16744.0
6020,2744.0,667.0,2296.0,10967.0
6021,5912.0,1076.0,2532.0,9370.0
6022,3961.0,1128.0,2230.0,9491.0
6023,19639.0,1468.0,1689.0,11401.0
6024,5444.0,639.0,1720.0,8288.0
6025,3659.0,311.0,625.0,-0.0
6026,6304.0,797.0,2502.0,6217.0
6027,3819.0,78.0,169.0,3104.0
6028,16020.0,1529.0,2407.0,8613.0
6029,8478.0,1510.0,2568.0,8396.0
6030,2978.0,380.0,913.0,6144.0
6031,13728.0,1617.0,3996.0,13903.0
6032,7684.0,1223.0,2991.0,10622.0
6033,12175.0,633.0,8870.0,5302.0
6034,6220.0,551.0,2981.0,6809.0
6035,3240.0,270.0,3116.0,4594.0
6036,30524.0,2297.0,2669.0,8793.0
6037,13996.0,1139.0,2968.0,7510.0
6038,4781.0,282.0,3426.0,8350.0
6039,28028.0,2350.0,2859.0,3987.0
6040,23613.0,1444.0,1377.0,6657.0
6041,8069.0,1405.0,1735.0,6304.0
6042,4335.0,233.0,1559.0,5175.0
6043,3621.0,830.0,528.0,-0.0
6044,7815.0,1043.0,2851.0,3979.0
6045,4310.0,1194.0,407.0,4629.0
6046,4739.0,1047.0,1840.0,5010.0
6047,15588.0,1755.0,5241.0,14529.0
6048,4102.0,943.0,2682.0,9452.0
6049,6210.0,730.0,1622.0,9697.0
6050,5327.0,590.0,1616.0,5968.0
6051,15476.0,1565.0,3667.0,9994.0
6052,4088.0,935.0,1458.0,6888.0
6053,13837.0,1041.0,2201.0,11296.0
6054,4696.0,838.0,2525.0,10644.0
6055,4727.0,854.0,3425.0,16950.0
6056,3222.0,708.0,1116.0,5969.0
6057,5082.0,328.0,2697.0,2808.0
6058,4818.0,91.0,2834.0,-0.0
6059,4357.0,392.0,725.0,5411.0
6060,17626.0,1101.0,16444.0,11960.0
6061,46559.0,3681.0,6983.0,9059.0
6062,4719.0,701.0,2012.0,6180.0
6063,3660.0,11.0,1050.0,11060.0
6064,3847.0,308.0,1659.0,13194.0
6065,5464.0,329.0,1047.0,3877.0
6066,6545.0,646.0,4860.0,5638.0
6067,12232.0,493.0,1323.0,7576.0
6068,14696.0,1533.0,310.0,7579.0
6069,23156.0,1947.0,1412.0,3969.0
6070,4739.0,581.0,2298.0,11028.0
6071,25288.0,1598.0,968.0,8218.0
6072,3435.0,845.0,2000.0,3074.0
6073,4960.0,728.0,2740.0,5850.0
6074,24534.0,1934.0,3909.0,7968.0
6075,6758.0,1297.0,1222.0,11304.0
6076,3464.0,629.0,1939.0,1183.0
6077,4584.0,648.0,1691.0,5637.0
6078,4542.0,718.0,1954.0,16577.0
6079,4485.0,826.0,686.0,4707.0
6080,33507.0,3515.0,1417.0,10721.0
6081,13142.0,1075.0,2268.0,7077.0
6082,6423.0,642.0,659.0,3509.0
6083,24513.0,992.0,2455.0,2622.0
6084,9032.0,1647.0,1818.0,5429.0
6085,13809.0,847.0,635.0,8878.0
6086,4593.0,206.0,2271.0,14252.0
6087,5448.0,587.0,596.0,7242.0
6088,2644.0,96.0,4376.0,10690.0
6089,7423.0,1411.0,740.0,8063.0
6090,12598.0,1067.0,1448.0,8539.0
6091,25487.0,2429.0,1102.0,7546.0
6092,15517.0,1540.0,1961.0,8568.0
6093,2919.0,679.0,1556.0,5920.0
6094,7170.0,613.0,1475.0,11039.0
6095,2799.0,561.0,263.0,9353.0
6096,3864.0,920.0,1291.0,10107.0
6097,13740.0,1908.0,2035.0,7490.0
6098,2883.0,255.0,1910.0,11738.0
6099,6315.0,533.0,1854.0,10951.0
6100,4035.0,783.0,502.0,678.0
6101,53704.0,3284.0,6438.0,11935.0
6102,4148.0,602.0,1105.0,6126.0
6103,5607.0,591.0,1620.0,5351.0
6104,4878.0,772.0,3857.0,10764.0
6105,5162.0,1300.0,2064.0,4506.0
6106,2673.0,473.0,2393.0,5166.0
6107,3414.0,1808.0,33045.0,7177.0
6108,6067.0,987.0,351.0,2911.0
6109,35922.0,2156.0,1230.0,15831.0
6110,6454.0,1568.0,5272.0,8502.0
6111,5042.0,354.0,979.0,6064.0
6112,4196.0,1177.0,2350.0,6299.0
6113,12208.0,628.0,1768.0,8322.0
6114,5081.0,858.0,1852.0,11501.0
6115,23689.0,1311.0,3173.0,5992.0
6116,11661.0,1700.0,2060.0,8723.0
6117,4093.0,614.0,1714.0,6170.0
6118,17106.0,1098.0,1461.0,15473.0
6119,48795.0,8780.0,124291.0,84833.0
6120,12341.0,792.0,1756.0,5903.0
6121,2670.0,258.0,-0.0,3223.0
6122,9951.0,815.0,1389.0,9341.0
6123,14192.0,1049.0,3400.0,12476.0
6124,39212.0,4190.0,4874.0,13124.0
6125,9087.0,797.0,1743.0,3796.0
6126,4917.0,1001.0,5241.0,11786.0
6127,4338.0,614.0,2412.0,15109.0
6128,7351.0,629.0,947.0,-0.0
6129,5964.0,1064.0,4586.0,4706.0
6130,10961.0,1641.0,1752.0,7708.0
6131,4525.0,788.0,1601.0,4466.0
6132,3518.0,503.0,1978.0,11345.0
6133,3128.0,545.0,3510.0,5392.0
6134,4621.0,511.0,1695.0,3144.0
6135,3435.0,729.0,1924.0,5588.0
6136,5565.0,657.0,1573.0,11924.0
6137,7977.0,698.0,2336.0,1307.0
6138,3270.0,1146.0,1745.0,4027.0
6139,97595.0,12178.0,11611.0,31726.0
6140,3134.0,580.0,1093.0,7664.0
6141,8571.0,718.0,2473.0,12998.0
6142,26248.0,3324.0,2490.0,10498.0
6143,59376.0,17393.0,18590.0,41934.0
6144,4466.0,1034.0,1496.0,367.0
6145,2914.0,604.0,2622.0,15195.0
6146,2771.0,569.0,-0.0,8497.0
6147,4708.0,1219.0,3023.0,8260.0
6148,2763.0,632.0,-0.0,1617.0
6149,15126.0,827.0,875.0,3959.0
6150,3121.0,554.0,1734.0,6885.0
6151,5665.0,704.0,247.0,3474.0
6152,5255.0,55.0,658.0,3640.0
6153,18529.0,1027.0,1907.0,9773.0
6154,8035.0,932.0,1856.0,10189.0
6155,2627.0,856.0,2859.0,9250.0
6156,142156.0,40136.0,22683.0,168526.0
6157,6918.0,1012.0,1626.0,1142.0
6158,5394.0,1039.0,696.0,-0.0
6159,2522.0,1174.0,991.0,4309.0
6160,65269.0,4547.0,7144.0,14331.0
6161,22206.0,2485.0,4315.0,5730.0
6162,5740.0,1054.0,2223.0,9765.0
6163,113484.0,7066.0,21487.0,31544.0
6164,5547.0,461.0,1562.0,7081.0
6165,71863.0,13199.0,203106.0,24001.0
6166,5694.0,172.0,2114.0,5286.0
6167,21863.0,1257.0,540.0,7360.0
6168,8766.0,681.0,1688.0,2206.0
6169,3175.0,383.0,2541.0,6052.0
6170,5239.0,405.0,5475.0,10018.0
6171,12571.0,778.0,2330.0,8379.0
6172,2502.0,730.0,2287.0,5601.0
6173,4569.0,995.0,2670.0,4936.0
6174,2661.0,457.0,2594.0,12169.0
6175,8324.0,694.0,1629.0,6813.0
6176,86331.0,6987.0,12911.0,16444.0
6177,4766.0,1657.0,3594.0,5452.0
6178,2949.0,313.0,63.0,7231.0
6179,3513.0,336.0,2595.0,5816.0
6180,6697.0,523.0,766.0,12590.0
6181,5863.0,720.0,1780.0,13368.0
6182,4174.0,627.0,1641.0,6123.0
6183,2602.0,685.0,475.0,14766.0
6184,26041.0,1674.0,2046.0,12528.0
6185,6403.0,1214.0,978.0,1312.0
6186,24275.0,1981.0,1700.0,7861.0
6187,6458.0,1159.0,3036.0,14739.0
6188,8983.0,543.0,3710.0,14657.0
6189,9435.0,1105.0,772.0,11709.0
6190,4912.0,1446.0,2183.0,6986.0
6191,5200.0,880.0,2398.0,2334.0
6192,3830.0,572.0,205.0,2904.0
6193,25157.0,1482.0,3037.0,4465.0
6194,4960.0,550.0,2165.0,5029.0
6195,21684.0,1574.0,1889.0,106.0
6196,3792.0,429.0,804.0,8140.0
6197,3948.0,106.0,2750.0,9974.0
6198,3688.0,232.0,2182.0,10011.0
6199,7112.0,685.0,891.0,2612.0
6200,48422.0,5522.0,5875.0,11841.0
6201,21727.0,2113.0,2925.0,5097.0
6202,4131.0,1417.0,2689.0,9429.0
6203,42939.0,3352.0,30013.0,30007.0
6204,22362.0,1777.0,3947.0,3538.0
6205,14381.0,1123.0,4497.0,12552.0
6206,2869.0,503.0,685.0,9791.0
6207,18727.0,1164.0,1435.0,5593.0
6208,5063.0,632.0,876.0,183.0
6209,11691.0,1262.0,4165.0,11224.0
6210,3638.0,546.0,1807.0,9879.0
6211,5962.0,1275.0,2947.0,1224.0
6212,8272.0,780.0,2577.0,14270.0
6213,57007.0,6520.0,14844.0,26493.0
6214,11294.0,863.0,2262.0,9195.0
6215,5367.0,875.0,3661.0,14613.0
6216,8625.0,795.0,2162.0,2250.0
6217,30830.0,13247.0,3929.0,18384.0
6218,2522.0,190.0,777.0,3421.0
6219,12925.0,722.0,1897.0,11857.0
6220,4338.0,478.0,1608.0,6940.0
6221,26486.0,3577.0,1552.0,4047.0
6222,12595.0,1171.0,3278.0,11496.0
6223,6242.0,1614.0,2036.0,8965.0
6224,5978.0,869.0,1451.0,5905.0
6225,9238.0,360.0,1818.0,7403.0
6226,10242.0,885.0,3287.0,8941.0
6227,4466.0,657.0,3415.0,6603.0
6228,9334.0,566.0,1033.0,4753.0
6229,4704.0,511.0,2058.0,1770.0
6230,6222.0,543.0,2466.0,8118.0
6231,7253.0,791.0,1703.0,4773.0
6232,2686.0,531.0,3636.0,11617.0
6233,4191.0,487.0,1902.0,8444.0
6234,4523.0,633.0,1795.0,6300.0
6235,4384.0,165.0,1912.0,6703.0
6236,5045.0,756.0,2804.0,4141.0
6237,22471.0,2077.0,-0.0,2118.0
6238,2652.0,376.0,2221.0,6515.0
6239,4491.0,803.0,-0.0,5573.0
6240,5747.0,647.0,-0.0,2850.0
6241,7176.0,1229.0,2579.0,6504.0
6242,4998.0,1087.0,3687.0,3611.0
6243,5726.0,1260.0,787.0,7617.0
6244,4912.0,792.0,1521.0,9589.0
6245,45549.0,7024.0,9178.0,20910.0
6246,21788.0,2114.0,1259.0,7955.0
6247,9024.0,2579.0,2341.0,14664.0
6248,4839.0,716.0,1399.0,5798.0
6249,6406.0,869.0,2272.0,11087.0
6250,22057.0,2289.0,2230.0,5680.0
6251,30132.0,2234.0,1638.0,7281.0
6252,4862.0,905.0,1701.0,8100.0
6253,5365.0,463.0,2275.0,3705.0
6254,8242.0,551.0,1353.0,6949.0
6255,18907.0,1834.0,2018.0,10357.0
6256,2916.0,993.0,156.0,3869.0
6257,30305.0,2191.0,2188.0,7074.0
6258,9844.0,1356.0,-0.0,5005.0
6259,10291.0,2165.0,3065.0,6834.0
6260,3777.0,588.0,1259.0,9704.0
6261,4852.0,1150.0,1673.0,10869.0
6262,8132.0,984.0,2191.0,10678.0
6263,38650.0,2856.0,9000.0,51221.0
6264,10228.0,1226.0,1407.0,9022.0
6265,19526.0,1698.0,2183.0,7264.0
6266,2522.0,358.0,370.0,2568.0
6267,4949.0,402.0,1036.0,2708.0
6268,4380.0,446.0,1000.0,4797.0
6269,3401.0,1415.0,1559.0,1513.0
6270,24632.0,2394.0,31.0,7577.0
6271,9192.0,1544.0,1217.0,8370.0
6272,11318.0,421.0,1357.0,9025.0
6273,2469.0,649.0,2172.0,6198.0
6274,16877.0,1537.0,2836.0,5448.0
6275,22716.0,7136.0,13188.0,35425.0
6276,4806.0,477.0,1746.0,9392.0
6277,8286.0,1830.0,2109.0,9357.0
6278,21590.0,2401.0,1988.0,5180.0
6279,3806.0,454.0,2781.0,5934.0
6280,4005.0,928.0,1289.0,3454.0
6281,5955.0,657.0,2456.0,10814.0
6282,7263.0,788.0,1611.0,9694.0
6283,18023.0,856.0,2759.0,8271.0
6284,25996.0,6965.0,12227.0,28157.0
6285,3915.0,828.0,1288.0,5638.0
6286,2651.0,556.0,-0.0,6793.0
6287,7493.0,697.0,2991.0,10245.0
6288,36558.0,3174.0,1818.0,16483.0
6289,3842.0,560.0,735.0,7638.0
6290,4729.0,981.0,1832.0,4526.0
6291,4225.0,1009.0,222.0,7112.0
6292,4739.0,965.0,749.0,9921.0
6293,5637.0,773.0,666.0,4480.0
6294,22568.0,1799.0,403.0,2673.0
6295,7061.0,1060.0,2651.0,9746.0
6296,8964.0,555.0,3194.0,3138.0
6297,30239.0,2914.0,871.0,5329.0
6298,22191.0,2854.0,24255.0,16187.0
6299,3316.0,948.0,648.0,6167.0
6300,13757.0,1075.0,15113.0,5398.0
6301,5359.0,766.0,2589.0,6532.0
6302,11037.0,850.0,3594.0,8662.0
6303,6150.0,866.0,235.0,13902.0
6304,9949.0,714.0,3248.0,6323.0
6305,40430.0,2906.0,7515.0,7541.0
6306,4959.0,1397.0,2718.0,13454.0
6307,2873.0,571.0,1582.0,9974.0
6308,23386.0,2377.0,3453.0,11001.0
6309,2501.0,523.0,2257.0,-0.0
6310,12897.0,1100.0,2144.0,-0.0
6311,5778.0,872.0,1774.0,4169.0
6312,6409.0,336.0,3959.0,4106.0
6313,5820.0,395.0,3255.0,6809.0
6314,18505.0,2291.0,15934.0,33580.0
6315,43735.0,4389.0,2928.0,6867.0
6316,3301.0,543.0,965.0,7320.0
6317,6375.0,1270.0,794.0,10654.0
6318,3928.0,637.0,472.0,6137.0
6319,3614.0,861.0,-0.0,-0.0
6320,7651.0,849.0,1365.0,15125.0
6321,3227.0,460.0,2644.0,2196.0
6322,2703.0,603.0,1612.0,6770.0
6323,3793.0,1331.0,1786.0,11282.0
6324,5609.0,532.0,2835.0,9005.0
6325,4295.0,761.0,2564.0,873.0
6326,6942.0,763.0,3464.0,6198.0
6327,4038.0,1475.0,1507.0,7638.0
6328,11018.0,1102.0,937.0,2939.0
6329,41837.0,3059.0,5711.0,13652.0
6330,3645.0,545.0,2535.0,15266.0
6331,2883.0,361.0,3287.0,10612.0
6332,3130.0,857.0,1174.0,3417.0
6333,6887.0,917.0,2183.0,6523.0
6334,3430.0,590.0,288.0,18618.0
6335,22106.0,3023.0,3336.0,10436.0
6336,17771.0,1753.0,2215.0,17426.0
6337,6552.0,594.0,1778.0,11232.0
6338,25055.0,2115.0,540.0,11091.0
6339,4416.0,453.0,1918.0,5366.0
6340,2932.0,857.0,2806.0,17573.0
6341,4797.0,269.0,1628.0,10215.0
6342,8705.0,666.0,1670.0,7182.0
6343,11232.0,2052.0,2073.0,3729.0
6344,7273.0,766.0,1478.0,6877.0
6345,15237.0,1342.0,1207.0,7439.0
6346,20579.0,1840.0,3168.0,4857.0
6347,2812.0,767.0,2150.0,11284.0
6348,27008.0,1814.0,2249.0,11604.0
6349,6076.0,883.0,2161.0,7004.0
6350,3941.0,893.0,815.0,2467.0
6351,35425.0,3004.0,1646.0,5684.0
6352,3818.0,743.0,2112.0,7345.0
6353,4349.0,589.0,876.0,-0.0
6354,42888.0,3563.0,23605.0,20772.0
6355,5479.0,637.0,3158.0,9107.0
6356,3452.0,499.0,2960.0,7623.0
6357,2667.0,459.0,2443.0,6292.0
6358,53545.0,1993.0,962.0,10761.0
6359,3199.0,746.0,3489.0,11945.0
6360,15369.0,1744.0,1728.0,12353.0
6361,7493.0,991.0,477.0,4506.0
6362,6491.0,497.0,2754.0,3332.0
6363,6506.0,179.0,1647.0,8360.0
6364,3216.0,647.0,2602.0,8900.0
6365,5662.0,1042.0,232.0,3288.0
6366,4594.0,547.0,2252.0,7780.0
6367,10411.0,1359.0,2091.0,5536.0
6368,6346.0,776.0,2050.0,5540.0
6369,3733.0,1335.0,2059.0,11865.0
6370,28124.0,1472.0,4040.0,16580.0
6371,36629.0,4620.0,8770.0,8480.0
6372,5195.0,860.0,3279.0,4534.0
6373,7437.0,659.0,2699.0,12251.0
6374,5374.0,826.0,501.0,2905.0
6375,4808.0,1155.0,1025.0,3232.0
6376,5058.0,878.0,1510.0,9243.0
6377,202944.0,38023.0,38674.0,58292.0
6378,4604.0,813.0,905.0,4597.0
6379,3302.0,289.0,1415.0,6902.0
6380,2627.0,141.0,2345.0,7810.0
6381,12131.0,6459.0,6900.0,11986.0
6382,4696.0,248.0,2035.0,10359.0
6383,40675.0,2518.0,650.0,7542.0
6384,27861.0,15792.0,21599.0,53063.0
6385,6977.0,590.0,1541.0,11888.0
6386,7906.0,360.0,1424.0,10370.0
6387,4904.0,1121.0,2554.0,6975.0
6388,2757.0,498.0,1828.0,3010.0
6389,123414.0,10397.0,61392.0,91533.0
6390,6009.0,625.0,1141.0,971.0
6391,6202.0,434.0,2463.0,12120.0
6392,2730.0,1354.0,1460.0,3457.0
6393,4065.0,682.0,989.0,368.0
6394,3353.0,447.0,1500.0,7892.0
6395,2804.0,429.0,1351.0,2249.0
6396,4651.0,1224.0,1036.0,6471.0
6397,4051.0,1324.0,1506.0,4527.0
6398,8234.0,648.0,1146.0,10763.0
6399,5773.0,480.0,1627.0,16275.0
6400,6053.0,1189.0,1901.0,13802.0
6401,5908.0,830.0,1343.0,10320.0
6402,5178.0,1972.0,6856.0,15794.0
6403,25553.0,3823.0,1931.0,14984.0
6404,4421.0,508.0,1779.0,4997.0
6405,3826.0,603.0,1144.0,5273.0
6406,8010.0,532.0,2997.0,9336.0
6407,3509.0,1212.0,1053.0,5927.0
6408,5643.0,451.0,359.0,6201.0
6409,25992.0,2100.0,1483.0,7691.0
6410,7997.0,463.0,1025.0,4981.0
6411,19103.0,1796.0,3311.0,10826.0
6412,9035.0,779.0,2895.0,11754.0
6413,3877.0,722.0,1423.0,7377.0
6414,30709.0,1826.0,1389.0,8780.0
6415,37323.0,1775.0,3310.0,13648.0
6416,5290.0,890.0,1704.0,8246.0
6417,4832.0,1446.0,4733.0,10817.0
6418,6360.0,1627.0,1304.0,9668.0
6419,2976.0,346.0,1021.0,4129.0
6420,3292.0,622.0,1521.0,3565.0
6421,20740.0,1323.0,3083.0,11591.0
6422,4302.0,591.0,3824.0,11382.0
6423,13992.0,1163.0,1900.0,9165.0
6424,7983.0,301.0,2453.0,6358.0
6425,2490.0,590.0,3267.0,7257.0
6426,9089.0,1129.0,843.0,6710.0
6427,4044.0,532.0,2005.0,5923.0
6428,5366.0,1311.0,2323.0,5258.0
6429,8159.0,1405.0,2406.0,12877.0
6430,7878.0,1113.0,3138.0,9449.0
6431,4510.0,673.0,3067.0,3231.0
6432,7277.0,727.0,2395.0,8211.0
6433,7174.0,608.0,2288.0,5617.0
6434,2934.0,581.0,734.0,10311.0
6435,9031.0,1863.0,1648.0,5238.0
6436,3680.0,323.0,2160.0,7932.0
6437,4282.0,665.0,174.0,3438.0
6438,4494.0,1090.0,908.0,4403.0
6439,4012.0,923.0,3376.0,8810.0
6440,20126.0,1781.0,1614.0,15511.0
6441,16049.0,1553.0,2915.0,4493.0
6442,15746.0,2176.0,2865.0,9976.0
6443,14683.0,1142.0,1541.0,5551.0
6444,4352.0,747.0,176.0,2266.0
6445,15895.0,2191.0,1740.0,821.0
6446,4980.0,1024.0,708.0,3487.0
6447,8563.0,731.0,998.0,7576.0
6448,2562.0,768.0,1001.0,1573.0
6449,4605.0,1190.0,2140.0,6714.0
6450,4882.0,274.0,2577.0,8381.0
6451,7522.0,1577.0,565.0,4588.0
6452,7644.0,1120.0,3383.0,4625.0
6453,3551.0,282.0,2071.0,9384.0
6454,2523.0,937.0,290.0,8219.0
6455,13623.0,1421.0,4339.0,13313.0
6456,7111.0,589.0,3197.0,12227.0
6457,4259.0,1232.0,723.0,9059.0
6458,6947.0,223.0,872.0,8764.0
6459,3238.0,842.0,576.0,5276.0
6460,4437.0,1729.0,1177.0,1813.0
6461,4051.0,766.0,3291.0,1830.0
6462,4527.0,432.0,2449.0,12401.0
6463,5437.0,362.0,1984.0,4468.0
6464,3985.0,423.0,1473.0,2412.0
6465,5906.0,417.0,1491.0,6609.0
6466,6942.0,856.0,1340.0,4722.0
6467,27719.0,924.0,2418.0,14131.0
6468,3854.0,425.0,2017.0,17765.0
6469,45502.0,4636.0,4976.0,10513.0
6470,2967.0,916.0,2034.0,7914.0
6471,27270.0,4655.0,4485.0,6327.0
6472,29259.0,2242.0,3077.0,7298.0
6473,4254.0,890.0,1858.0,2900.0
6474,4625.0,606.0,2584.0,7814.0
6475,8915.0,548.0,1768.0,12233.0
6476,5973.0,492.0,2033.0,8196.0
6477,5570.0,763.0,2111.0,7917.0
6478,11191.0,474.0,1887.0,1549.0
6479,4710.0,1582.0,704.0,5819.0
6480,4587.0,1489.0,4726.0,10126.0
6481,5326.0,349.0,1787.0,3845.0
6482,4495.0,763.0,2047.0,6200.0
6483,7807.0,1354.0,4474.0,13383.0
6484,7157.0,562.0,2969.0,10046.0
6485,4434.0,550.0,2496.0,12236.0
6486,4351.0,511.0,2648.0,11073.0
6487,11107.0,1093.0,1965.0,7720.0
6488,8366.0,908.0,2661.0,10168.0
6489,4851.0,2016.0,2092.0,4180.0
6490,5601.0,379.0,1938.0,2449.0
6491,5256.0,559.0,371.0,4172.0
6492,5734.0,651.0,1031.0,6223.0
6493,3979.0,559.0,1605.0,4888.0
6494,28491.0,2410.0,1977.0,8371.0
6495,4454.0,762.0,2979.0,5571.0
6496,4152.0,1013.0,798.0,2048.0
6497,3619.0,462.0,-0.0,2668.0
6498,5589.0,1080.0,2134.0,8817.0
6499,3387.0,521.0,1665.0,12332.0
6500,11281.0,1251.0,2062.0,10580.0
6501,8632.0,883.0,3427.0,3437.0
6502,24690.0,3375.0,4394.0,15468.0
6503,4809.0,539.0,1623.0,12969.0
6504,29936.0,2283.0,2343.0,14061.0
6505,6723.0,1324.0,1782.0,9682.0
6506,26843.0,2712.0,2436.0,10242.0
6507,4435.0,817.0,1532.0,5967.0
6508,29001.0,2705.0,2267.0,11401.0
6509,4478.0,872.0,2410.0,14906.0
6510,3012.0,300.0,1914.0,8095.0
6511,4186.0,813.0,1405.0,4020.0
6512,4438.0,524.0,1269.0,4640.0
6513,5986.0,1325.0,4155.0,12343.0
6514,29976.0,2612.0,3895.0,12006.0
6515,7071.0,973.0,2745.0,9094.0
6516,23303.0,1497.0,1382.0,10317.0
6517,4578.0,337.0,2933.0,7178.0
6518,7104.0,913.0,1829.0,9825.0
6519,9385.0,1300.0,961.0,-0.0
6520,31929.0,4099.0,1930.0,6439.0
6521,19193.0,1548.0,799.0,10185.0
6522,5391.0,377.0,2821.0,3171.0
6523,5390.0,468.0,1932.0,8986.0
6524,6255.0,553.0,1571.0,2521.0
6525,7229.0,497.0,2420.0,10625.0
6526,4904.0,483.0,2617.0,12278.0
6527,12019.0,1928.0,1867.0,5723.0
6528,14324.0,1665.0,2575.0,13532.0
6529,6408.0,923.0,2654.0,4828.0
6530,5688.0,1461.0,2760.0,7145.0
6531,40637.0,3489.0,3456.0,10840.0
6532,10413.0,1051.0,3322.0,12431.0
6533,6563.0,426.0,4543.0,6811.0
6534,5722.0,533.0,1750.0,4384.0
6535,2999.0,973.0,2176.0,9798.0
6536,5965.0,1883.0,2122.0,5586.0
6537,4212.0,750.0,1229.0,4753.0
6538,8332.0,716.0,2140.0,7958.0
6539,4275.0,520.0,1690.0,4288.0
6540,5335.0,781.0,975.0,5743.0
6541,15899.0,1000.0,3065.0,8239.0
6542,5303.0,970.0,1208.0,3927.0
6543,6611.0,344.0,415.0,6619.0
6544,7765.0,1014.0,2267.0,2757.0
6545,2739.0,1288.0,260.0,11583.0
6546,356567.0,93849.0,204942.0,253286.0
6547,54431.0,4571.0,2569.0,20117.0
6548,4159.0,1136.0,2173.0,8996.0
6549,8390.0,880.0,4030.0,3460.0
6550,2638.0,268.0,-0.0,6279.0
6551,27930.0,1677.0,1285.0,6046.0
6552,9192.0,885.0,967.0,11071.0
6553,3498.0,790.0,611.0,5399.0
6554,3676.0,110.0,1060.0,5868.0
6555,2497.0,63.0,2032.0,7299.0
6556,6272.0,560.0,2698.0,7272.0
6557,3014.0,327.0,683.0,4400.0
6558,2734.0,311.0,1315.0,8824.0
6559,32658.0,2597.0,3483.0,10138.0
6560,5929.0,1045.0,1816.0,2803.0
6561,12014.0,652.0,1762.0,11396.0
6562,12195.0,1041.0,1287.0,9495.0
6563,21158.0,2135.0,1352.0,6939.0
6564,5037.0,913.0,3584.0,2688.0
6565,16689.0,2047.0,2057.0,8599.0
6566,6241.0,577.0,1935.0,-0.0
6567,7034.0,941.0,2527.0,7508.0
6568,19381.0,1233.0,1511.0,13128.0
6569,22488.0,2001.0,2853.0,7049.0
6570,8560.0,1578.0,2120.0,8006.0
6571,4005.0,734.0,1263.0,15378.0
6572,24696.0,3217.0,3937.0,11121.0
6573,5475.0,808.0,3012.0,6235.0
6574,13349.0,661.0,1917.0,8870.0
6575,2815.0,207.0,400.0,3041.0
6576,5798.0,1269.0,1617.0,3777.0
6577,8123.0,497.0,1856.0,12626.0
6578,2661.0,706.0,2299.0,11427.0
6579,32396.0,2027.0,3137.0,6712.0
6580,8071.0,1070.0,5045.0,4717.0
6581,9201.0,566.0,907.0,6075.0
6582,5250.0,792.0,2449.0,6327.0
6583,29092.0,2454.0,2599.0,8486.0
6584,41802.0,3870.0,1014.0,10246.0
6585,9321.0,910.0,2692.0,2264.0
6586,4525.0,960.0,-0.0,14510.0
6587,5527.0,798.0,2434.0,3860.0
6588,3567.0,617.0,1912.0,436.0
6589,8636.0,1092.0,1619.0,5727.0
6590,68948.0,23898.0,27992.0,67275.0
6591,9197.0,978.0,1303.0,6042.0
6592,5260.0,987.0,3458.0,9532.0
6593,2928.0,423.0,367.0,4134.0
6594,5046.0,1052.0,3286.0,11340.0
6595,7929.0,961.0,963.0,8294.0
6596,40891.0,1889.0,1344.0,15697.0
6597,31303.0,3157.0,1055.0,7547.0
6598,8244.0,3746.0,3341.0,16101.0
6599,6806.0,1696.0,4634.0,12273.0
6600,32526.0,2555.0,984.0,12256.0
6601,3991.0,657.0,1631.0,6934.0
6602,17970.0,1624.0,2211.0,7216.0
6603,15820.0,2146.0,2593.0,10422.0
6604,8542.0,971.0,2212.0,4905.0
6605,3364.0,705.0,1566.0,14315.0
6606,6320.0,1416.0,2219.0,10076.0
6607,15878.0,1045.0,1406.0,11739.0
6608,5755.0,944.0,2157.0,4530.0
6609,8544.0,582.0,1238.0,4629.0
6610,40602.0,4427.0,10587.0,8942.0
6611,12499.0,1453.0,927.0,5765.0
6612,3211.0,771.0,1672.0,6561.0
6613,17610.0,2215.0,1176.0,6110.0
6614,26182.0,1372.0,4958.0,6865.0
6615,7952.0,586.0,836.0,10076.0
6616,3520.0,636.0,1874.0,4441.0
6617,12945.0,930.0,1389.0,10641.0
6618,7326.0,968.0,3120.0,8655.0
6619,22329.0,1630.0,1432.0,7365.0
6620,15238.0,2353.0,2956.0,9595.0
6621,9206.0,1501.0,2530.0,10372.0
6622,3632.0,578.0,3871.0,10331.0
6623,5681.0,621.0,657.0,3871.0
6624,11312.0,1528.0,2080.0,10701.0
6625,4914.0,716.0,1893.0,2846.0
6626,11707.0,924.0,779.0,4773.0
6627,8876.0,1898.0,1729.0,3653.0
6628,3753.0,504.0,3086.0,9845.0
6629,5705.0,1260.0,1367.0,4063.0
6630,4064.0,573.0,1188.0,4439.0
6631,29216.0,2691.0,1199.0,7104.0
6632,4521.0,739.0,1344.0,12163.0
6633,6165.0,763.0,2018.0,8181.0
6634,20990.0,2644.0,1878.0,4851.0
6635,16440.0,1633.0,2047.0,8206.0
6636,2666.0,81.0,1242.0,5663.0
6637,3965.0,428.0,2112.0,5002.0
6638,7629.0,533.0,3372.0,3235.0
6639,7338.0,722.0,2579.0,8401.0
6640,3504.0,480.0,1763.0,8472.0
6641,8762.0,1373.0,2003.0,9053.0
6642,6420.0,1032.0,907.0,13109.0
6643,37090.0,8289.0,4615.0,10390.0
6644,5065.0,595.0,1628.0,4176.0
6645,4626.0,742.0,-0.0,5559.0
6646,4037.0,407.0,988.0,6180.0
6647,7327.0,600.0,2502.0,10058.0
6648,8675.0,1591.0,1879.0,1243.0
6649,28750.0,2567.0,7796.0,27510.0
6650,2594.0,523.0,537.0,8818.0
6651,22168.0,2135.0,3751.0,5469.0
6652,7959.0,1006.0,3344.0,3246.0
6653,25795.0,2066.0,4511.0,3589.0
6654,4108.0,679.0,834.0,6354.0
6655,3685.0,694.0,803.0,4166.0
6656,7660.0,420.0,1561.0,4882.0
6657,21052.0,1536.0,2319.0,8134.0
6658,4007.0,777.0,864.0,6894.0
6659,5117.0,798.0,2734.0,13241.0
6660,9147.0,1334.0,2269.0,13916.0
6661,2480.0,547.0,2877.0,8297.0
6662,9787.0,663.0,1692.0,8527.0
6663,2552.0,839.0,1057.0,9132.0
6664,5533.0,1371.0,3346.0,2622.0
6665,5561.0,244.0,3020.0,4678.0
6666,3204.0,1220.0,2299.0,6307.0
6667,4695.0,1385.0,2548.0,12737.0
6668,4029.0,307.0,241.0,8065.0
6669,9881.0,1106.0,4083.0,8386.0
6670,2603.0,300.0,780.0,3948.0
6671,3112.0,1873.0,881.0,1886.0
6672,20689.0,1698.0,2523.0,7493.0
6673,4041.0,1051.0,1221.0,8081.0
6674,11269.0,2506.0,3292.0,3324.0
6675,35969.0,3157.0,8695.0,19887.0
6676,5430.0,829.0,2760.0,12599.0
6677,23148.0,2705.0,2750.0,9820.0
6678,7585.0,1364.0,2634.0,10146.0
6679,36996.0,1897.0,3683.0,11097.0
6680,3304.0,769.0,1162.0,3616.0
6681,4051.0,759.0,1466.0,6252.0
6682,12218.0,2572.0,2799.0,5195.0
6683,77036.0,7288.0,32116.0,24455.0
6684,6111.0,1138.0,1767.0,6792.0
6685,33799.0,3571.0,546.0,6653.0
6686,5444.0,581.0,1907.0,10269.0
6687,4577.0,388.0,2923.0,2191.0
6688,2605.0,115.0,836.0,10518.0
6689,2689.0,197.0,1250.0,3952.0
6690,5541.0,380.0,4875.0,11425.0
6691,7635.0,1150.0,1962.0,18851.0
6692,3704.0,454.0,1154.0,10960.0
6693,16054.0,1892.0,3432.0,10928.0
6694,4537.0,1274.0,2772.0,5545.0
6695,4027.0,215.0,1561.0,9377.0
6696,4426.0,686.0,2418.0,15621.0
6697,2985.0,434.0,1782.0,7031.0
6698,7872.0,1103.0,3037.0,10896.0
6699,2638.0,121.0,1844.0,13759.0
6700,43439.0,2248.0,3257.0,10726.0
6701,21372.0,1049.0,-0.0,5524.0
6702,4822.0,652.0,2642.0,10893.0
6703,13915.0,2448.0,1790.0,2748.0
6704,3868.0,724.0,606.0,4418.0
6705,4143.0,39.0,951.0,12727.0
6706,4793.0,262.0,824.0,8418.0
6707,29440.0,1998.0,2377.0,9007.0
6708,59938.0,4972.0,4801.0,8850.0
6709,6985.0,715.0,1630.0,7410.0
6710,12953.0,1151.0,987.0,12572.0
6711,13171.0,1689.0,542.0,-0.0
6712,9036.0,3300.0,1215.0,774.0
6713,2722.0,305.0,2271.0,4849.0
6714,2841.0,1059.0,1670.0,2300.0
6715,3566.0,617.0,2920.0,7014.0
6716,20823.0,2132.0,2514.0,6065.0
6717,8024.0,1007.0,1918.0,11221.0
6718,41765.0,3371.0,3235.0,12533.0
6719,5007.0,1144.0,2826.0,13722.0
6720,7968.0,1393.0,811.0,3050.0
6721,5585.0,1226.0,-0.0,8883.0
6722,10793.0,1251.0,2114.0,10725.0
6723,4571.0,577.0,1813.0,4959.0
6724,28243.0,1107.0,3038.0,10056.0
6725,3961.0,703.0,2256.0,6065.0
6726,10670.0,1652.0,1074.0,-0.0
6727,2615.0,285.0,551.0,6258.0
6728,5295.0,1086.0,1766.0,7851.0
6729,4926.0,1043.0,2506.0,17701.0
6730,2665.0,456.0,-0.0,5291.0
6731,2984.0,240.0,3037.0,4546.0
6732,4476.0,476.0,3204.0,8100.0
6733,55573.0,3352.0,18206.0,21527.0
6734,3906.0,734.0,1772.0,2991.0
6735,583597.0,130485.0,29455.0,389357.0
6736,9999.0,1844.0,52184.0,12895.0
6737,5425.0,315.0,932.0,8126.0
6738,2587.0,396.0,2113.0,10833.0
6739,2683.0,1246.0,187.0,-0.0
6740,7719.0,1159.0,1297.0,5482.0
6741,3167.0,416.0,1404.0,3910.0
6742,4785.0,614.0,1340.0,11139.0
6743,49547.0,4639.0,4403.0,9281.0
6744,4369.0,718.0,1432.0,8190.0
6745,6010.0,1207.0,87.0,6595.0
6746,8468.0,696.0,2392.0,2885.0
6747,25748.0,1918.0,702.0,7700.0
6748,7510.0,963.0,546.0,14243.0
6749,5848.0,497.0,104.0,1110.0
6750,11426.0,597.0,3368.0,13171.0
6751,9666.0,965.0,958.0,5475.0
6752,4024.0,364.0,1488.0,4846.0
6753,6762.0,1842.0,3043.0,12407.0
6754,19134.0,3374.0,4277.0,16198.0
6755,3599.0,644.0,2722.0,4294.0
6756,2646.0,391.0,3886.0,6653.0
6757,6848.0,1035.0,1572.0,9683.0
6758,9120.0,717.0,2005.0,2375.0
6759,2670.0,612.0,1665.0,3738.0
6760,3897.0,547.0,2157.0,5917.0
6761,2964.0,419.0,200.0,9489.0
6762,2561.0,548.0,1479.0,6097.0
6763,16159.0,1858.0,3064.0,9500.0
6764,4147.0,970.0,2505.0,8958.0
6765,13210.0,1183.0,2816.0,12172.0
6766,2668.0,863.0,-0.0,372.0
6767,3502.0,1058.0,1632.0,7363.0
6768,14540.0,468.0,781.0,8792.0
6769,4725.0,339.0,1941.0,4994.0
6770,8396.0,489.0,1294.0,11595.0
6771,19224.0,1935.0,1455.0,13661.0
6772,63537.0,11810.0,10427.0,14808.0
6773,15430.0,1613.0,2276.0,8340.0
6774,4330.0,1064.0,3118.0,4051.0
6775,20421.0,2256.0,2675.0,16131.0
6776,20763.0,1478.0,3698.0,4578.0
6777,5627.0,673.0,1786.0,7324.0
6778,7807.0,411.0,721.0,10161.0
6779,8543.0,370.0,998.0,9132.0
6780,3400.0,456.0,2161.0,9097.0
6781,2567.0,621.0,1028.0,3549.0
6782,3745.0,438.0,2177.0,10250.0
6783,27127.0,1326.0,1383.0,6725.0
6784,25142.0,1293.0,1423.0,13381.0
6785,6224.0,710.0,2041.0,4837.0
6786,6178.0,718.0,2797.0,6821.0
6787,2719.0,1395.0,1562.0,4618.0
6788,5474.0,173.0,3354.0,11529.0
6789,3430.0,333.0,866.0,5283.0
6790,21804.0,1113.0,1768.0,7267.0
6791,31563.0,2778.0,3718.0,6164.0
6792,4935.0,1105.0,2648.0,6059.0
6793,3384.0,1243.0,2655.0,7500.0
6794,5362.0,520.0,1291.0,1148.0
6795,7256.0,341.0,716.0,2402.0
6796,9988.0,352.0,2878.0,3353.0
6797,23003.0,2894.0,1264.0,5699.0
6798,8628.0,1558.0,1310.0,7705.0
6799,9550.0,894.0,1406.0,7499.0
6800,4202.0,1057.0,2131.0,8688.0
6801,55545.0,5950.0,1582.0,15544.0
6802,2917.0,310.0,2969.0,2592.0
6803,6894.0,807.0,974.0,17108.0
6804,8349.0,732.0,1577.0,4442.0
6805,3052.0,403.0,2286.0,9158.0
6806,7331.0,1200.0,2300.0,12702.0
6807,4228.0,1499.0,2131.0,4711.0
6808,10286.0,1036.0,1515.0,9204.0
6809,2691.0,297.0,2247.0,8301.0
6810,2752.0,337.0,2100.0,10499.0
6811,21544.0,2093.0,11911.0,19903.0
6812,3425.0,515.0,2052.0,8679.0
6813,3675.0,1080.0,2070.0,13661.0
6814,5317.0,1398.0,1221.0,7827.0
6815,47434.0,3533.0,2168.0,11756.0
6816,2639.0,1178.0,2078.0,6012.0
6817,5969.0,729.0,1592.0,7427.0
6818,43056.0,16729.0,4549.0,30945.0
6819,4236.0,496.0,4131.0,6005.0
6820,7125.0,1032.0,1026.0,8073.0
6821,6542.0,1106.0,939.0,12555.0
6822,21663.0,1489.0,1900.0,4049.0
6823,29226.0,4496.0,17452.0,96104.0
6824,5685.0,1181.0,1555.0,6009.0
6825,10244.0,449.0,3523.0,16439.0
6826,6940.0,1407.0,3039.0,4892.0
6827,5977.0,354.0,2420.0,9802.0
6828,7753.0,1102.0,2351.0,200.0
6829,11112.0,714.0,2287.0,5425.0
6830,3117.0,489.0,546.0,4595.0
6831,8912.0,1040.0,1253.0,9224.0
6832,3902.0,627.0,2288.0,8767.0
6833,2929.0,505.0,2519.0,3194.0
6834,40946.0,4172.0,3336.0,8874.0
6835,3792.0,479.0,861.0,8032.0
6836,7356.0,643.0,3441.0,6020.0
6837,2801.0,1022.0,1966.0,10167.0
6838,5459.0,370.0,1086.0,2334.0
6839,11992.0,1117.0,2128.0,4371.0
6840,4881.0,259.0,3329.0,5976.0
6841,17187.0,1522.0,1858.0,7638.0
6842,8426.0,1044.0,3443.0,7543.0
6843,3183.0,926.0,835.0,5436.0
6844,34274.0,5710.0,4017.0,47516.0
6845,2857.0,458.0,3032.0,5739.0
6846,3542.0,97.0,1890.0,7486.0
6847,3227.0,175.0,2328.0,12560.0
6848,3902.0,265.0,4328.0,3973.0
6849,28000.0,2483.0,3884.0,14499.0
6850,16236.0,1561.0,1257.0,8031.0
6851,4824.0,335.0,2354.0,1310.0
6852,3691.0,1086.0,759.0,3361.0
6853,20753.0,1734.0,1932.0,16806.0
6854,3349.0,481.0,973.0,14740.0
6855,18293.0,1332.0,1129.0,9350.0
6856,4104.0,814.0,2338.0,7056.0
6857,14054.0,1589.0,3213.0,9948.0
6858,24369.0,2131.0,1470.0,4802.0
6859,8767.0,1335.0,1269.0,7108.0
6860,4466.0,1352.0,-0.0,4034.0
6861,3511.0,612.0,2047.0,8144.0
6862,3298.0,454.0,2140.0,5931.0
6863,4403.0,478.0,1965.0,5857.0
6864,40486.0,3426.0,1786.0,4983.0
6865,10861.0,703.0,3421.0,10318.0
6866,17240.0,1174.0,1696.0,6650.0
6867,7271.0,536.0,2322.0,11197.0
6868,32701.0,2268.0,3194.0,2948.0
6869,4787.0,738.0,1373.0,4699.0
6870,83719.0,19145.0,37367.0,34572.0
6871,9380.0,657.0,3765.0,10494.0
6872,23817.0,2279.0,3244.0,13817.0
6873,12318.0,1692.0,1534.0,7937.0
6874,10152.0,6297.0,5613.0,15079.0
6875,5043.0,795.0,3368.0,10282.0
6876,12900.0,1612.0,1089.0,13889.0
6877,5617.0,105.0,2182.0,2480.0
6878,6929.0,485.0,2607.0,19077.0
6879,4066.0,62.0,1523.0,6099.0
6880,7822.0,1083.0,1863.0,4235.0
6881,4417.0,705.0,3412.0,5762.0
6882,2609.0,226.0,2059.0,7567.0
6883,10399.0,1654.0,1948.0,5574.0
6884,5806.0,786.0,1400.0,6779.0
6885,7385.0,639.0,1997.0,7587.0
6886,31028.0,2668.0,3698.0,13796.0
6887,6529.0,979.0,3614.0,7714.0
6888,3891.0,810.0,1207.0,4544.0
6889,5397.0,1119.0,2625.0,5025.0
6890,4791.0,601.0,2073.0,4568.0
6891,6011.0,1340.0,1760.0,6151.0
6892,4594.0,148.0,1751.0,9002.0
6893,4214.0,1415.0,1323.0,-0.0
6894,2940.0,372.0,261.0,14222.0
6895,4572.0,488.0,2320.0,7835.0
6896,7764.0,444.0,2066.0,10935.0
6897,3189.0,851.0,571.0,8129.0
6898,4530.0,789.0,2399.0,5275.0
6899,12159.0,2415.0,2185.0,7468.0
6900,2712.0,788.0,853.0,1134.0
6901,18438.0,1685.0,1561.0,3811.0
6902,18309.0,2263.0,3187.0,10838.0
6903,9269.0,517.0,1685.0,8031.0
6904,7624.0,927.0,767.0,5089.0
6905,3971.0,920.0,1459.0,2365.0
6906,4204.0,538.0,-0.0,6572.0
6907,5325.0,1333.0,1089.0,2197.0
6908,8247.0,717.0,2891.0,9545.0
6909,6105.0,940.0,2939.0,6345.0
6910,3050.0,636.0,952.0,4395.0
6911,2756.0,238.0,1647.0,6798.0
6912,6230.0,1465.0,1710.0,4501.0
6913,3669.0,262.0,565.0,7289.0
6914,6847.0,959.0,1314.0,9102.0
6915,3218.0,496.0,1510.0,9277.0
6916,6305.0,1191.0,-0.0,6712.0
6917,4602.0,1255.0,1597.0,12559.0
6918,6972.0,820.0,1778.0,892.0
6919,9494.0,1057.0,2281.0,13874.0
6920,3463.0,733.0,695.0,6605.0
6921,7342.0,443.0,1914.0,10083.0
6922,2795.0,657.0,2902.0,7919.0
6923,10273.0,80.0,2933.0,8643.0
6924,6094.0,531.0,1248.0,5056.0
6925,2569.0,462.0,3049.0,11674.0
6926,5175.0,825.0,2158.0,10728.0
6927,6705.0,750.0,2159.0,8691.0
6928,2746.0,189.0,2129.0,12535.0
6929,18672.0,2070.0,1471.0,13912.0
6930,17327.0,1185.0,3271.0,8356.0
6931,7760.0,1763.0,2974.0,1563.0
6932,2547.0,667.0,1686.0,3002.0
6933,3123.0,119.0,1726.0,12822.0
6934,9541.0,1021.0,2260.0,5920.0
6935,8024.0,967.0,2370.0,5715.0
6936,7191.0,56.0,1740.0,3139.0
6937,3472.0,344.0,920.0,12623.0
6938,6881.0,819.0,2467.0,2998.0
6939,20388.0,1494.0,2166.0,3837.0
6940,19088.0,1965.0,2454.0,4268.0
6941,26593.0,2137.0,7651.0,6223.0
6942,5667.0,1542.0,2072.0,10077.0
6943,2750.0,546.0,1041.0,3058.0
6944,7187.0,883.0,904.0,9953.0
6945,8852.0,785.0,2913.0,10558.0
6946,6395.0,190.0,277.0,4796.0
6947,59178.0,9622.0,11989.0,15120.0
6948,14828.0,1213.0,922.0,3206.0
6949,15487.0,2029.0,1400.0,7067.0
6950,80302.0,5085.0,4289.0,9981.0
6951,7884.0,739.0,1353.0,8426.0
6952,4829.0,758.0,2164.0,3925.0
6953,6825.0,763.0,2030.0,2813.0
6954,3102.0,593.0,1328.0,6841.0
6955,69269.0,3904.0,1553.0,12443.0
6956,6388.0,1160.0,2298.0,13100.0
6957,14487.0,2283.0,1586.0,3866.0
6958,4708.0,844.0,1224.0,8767.0
6959,31106.0,1640.0,2517.0,5913.0
6960,6046.0,705.0,2705.0,14503.0
6961,20986.0,1789.0,6109.0,7012.0
6962,5249.0,1050.0,1304.0,12054.0
6963,29933.0,3015.0,3206.0,10741.0
6964,13857.0,1502.0,-0.0,7213.0
6965,5149.0,900.0,2779.0,12155.0
6966,2979.0,376.0,2798.0,-0.0
6967,4996.0,783.0,2036.0,4159.0
6968,117740.0,13003.0,178556.0,356384.0
6969,4286.0,435.0,2125.0,10429.0
6970,3989.0,620.0,1029.0,1781.0
6971,8981.0,1298.0,1903.0,-0.0
6972,3037.0,947.0,737.0,3837.0
6973,13571.0,989.0,1099.0,10050.0
6974,4678.0,673.0,4903.0,5623.0
6975,5585.0,751.0,2514.0,3700.0
6976,36682.0,3554.0,4587.0,13343.0
6977,7756.0,169.0,1870.0,2711.0
6978,5947.0,841.0,2540.0,6221.0
6979,42614.0,3784.0,4003.0,9803.0
6980,3393.0,70.0,2052.0,11010.0
6981,4239.0,1062.0,1044.0,5898.0
6982,4464.0,816.0,1843.0,8963.0
6983,12542.0,820.0,2914.0,8100.0
6984,4686.0,779.0,2687.0,3157.0
6985,21226.0,892.0,1559.0,-0.0
6986,4221.0,548.0,1943.0,5965.0
6987,3113.0,417.0,1520.0,13819.0
6988,3522.0,927.0,979.0,-0.0
6989,5690.0,1063.0,2679.0,11237.0
6990,5036.0,759.0,1095.0,2604.0
6991,6923.0,983.0,2387.0,11852.0
6992,3216.0,241.0,2452.0,12088.0
6993,6753.0,1080.0,2266.0,12004.0
6994,5978.0,382.0,2478.0,3994.0
6995,3115.0,258.0,228.0,10829.0
6996,4712.0,689.0,2554.0,13096.0
6997,3200.0,546.0,1155.0,2861.0
6998,6813.0,292.0,1352.0,6557.0
6999,5740.0,654.0,1973.0,12649.0
7000,2492.0,513.0,1005.0,5673.0
7001,3081.0,604.0,1061.0,10364.0
7002,4423.0,742.0,1429.0,16323.0
7003,5644.0,707.0,1640.0,4580.0
7004,2584.0,759.0,3023.0,6605.0
7005,7361.0,576.0,1173.0,1819.0
7006,12705.0,1180.0,2507.0,6251.0
7007,42474.0,11766.0,5255.0,21201.0
7008,29613.0,2589.0,2743.0,2836.0
7009,14833.0,986.0,1808.0,6986.0
7010,9080.0,1024.0,2053.0,9394.0
7011,2729.0,500.0,1282.0,9006.0
7012,5829.0,496.0,2931.0,6747.0
7013,4460.0,591.0,3330.0,11632.0
7014,9812.0,1881.0,2532.0,3874.0
7015,6784.0,567.0,2279.0,4228.0
7016,4502.0,533.0,3899.0,11116.0
7017,5219.0,934.0,906.0,10534.0
7018,5698.0,1462.0,1954.0,6100.0
7019,4460.0,213.0,497.0,1585.0
7020,4683.0,549.0,1816.0,4733.0
7021,36101.0,4825.0,2812.0,5128.0
7022,5149.0,302.0,2659.0,13671.0
7023,2741.0,321.0,312.0,8976.0
7024,28292.0,2622.0,1646.0,10229.0
7025,5755.0,800.0,1289.0,8721.0
7026,31103.0,3536.0,1312.0,8942.0
7027,5812.0,380.0,2446.0,8119.0
7028,5070.0,839.0,716.0,6930.0
7029,4575.0,1194.0,-0.0,6723.0
7030,3261.0,149.0,611.0,1357.0
7031,10116.0,1358.0,2386.0,8358.0
7032,22593.0,2805.0,3760.0,8824.0
7033,4385.0,1179.0,1698.0,6327.0
7034,8577.0,1173.0,1570.0,12172.0
7035,4070.0,239.0,3883.0,6993.0
7036,29528.0,3621.0,2753.0,13123.0
7037,23184.0,1497.0,1200.0,9237.0
7038,3142.0,560.0,613.0,2519.0
7039,6940.0,1328.0,1542.0,2757.0
7040,7222.0,845.0,3292.0,7586.0
7041,6672.0,1341.0,1374.0,13136.0
7042,3986.0,141.0,2809.0,10022.0
7043,4598.0,416.0,1738.0,5874.0
7044,17334.0,1413.0,1362.0,5426.0
7045,3063.0,498.0,1869.0,1921.0
7046,10445.0,834.0,1288.0,4684.0
7047,53261.0,8918.0,133547.0,109312.0
7048,2845.0,435.0,2005.0,6648.0
7049,8260.0,1635.0,2214.0,4732.0
7050,9735.0,1881.0,2599.0,2861.0
7051,9589.0,1135.0,1606.0,2812.0
7052,21953.0,1878.0,9603.0,14510.0
7053,2816.0,329.0,871.0,8921.0
7054,5274.0,647.0,1985.0,9855.0
7055,5327.0,785.0,2084.0,11268.0
7056,3869.0,1982.0,3526.0,16648.0
7057,24851.0,2579.0,3949.0,4749.0
7058,7198.0,1073.0,1195.0,2963.0
7059,8266.0,795.0,657.0,5144.0
7060,6311.0,689.0,3513.0,7521.0
7061,9417.0,746.0,3424.0,8287.0
7062,3367.0,243.0,1188.0,5279.0
7063,9877.0,1050.0,949.0,7760.0
7064,3344.0,326.0,931.0,2691.0
7065,5406.0,759.0,1216.0,7020.0
7066,3468.0,542.0,2165.0,13279.0
7067,17103.0,609.0,1837.0,3721.0
7068,14811.0,1129.0,2896.0,7421.0
7069,7346.0,852.0,3116.0,4908.0
7070,6674.0,1744.0,1384.0,3537.0
7071,4551.0,382.0,1649.0,2435.0
7072,21228.0,2879.0,1483.0,5305.0
7073,30381.0,2331.0,3520.0,11878.0
7074,2530.0,258.0,892.0,17829.0
7075,2775.0,76.0,1762.0,5525.0
7076,4483.0,661.0,2986.0,9410.0
7077,30870.0,2475.0,1390.0,9338.0
7078,5107.0,867.0,1402.0,12306.0
7079,6470.0,1553.0,1728.0,14080.0
7080,2920.0,400.0,1956.0,7630.0
7081,3626.0,1863.0,1571.0,7622.0
7082,4877.0,804.0,3487.0,10654.0
7083,15948.0,881.0,2022.0,7576.0
7084,4614.0,467.0,3239.0,9251.0
7085,27018.0,2208.0,1754.0,14391.0
7086,8984.0,385.0,697.0,5482.0
7087,5992.0,1026.0,1530.0,12567.0
7088,4548.0,837.0,2681.0,4567.0
7089,7392.0,466.0,2390.0,3788.0
7090,23530.0,1721.0,81126.0,92828.0
7091,14258.0,1291.0,2196.0,12292.0
7092,2703.0,466.0,1449.0,7122.0
7093,23659.0,1880.0,3112.0,7488.0
7094,17700.0,1273.0,1692.0,4054.0
7095,4006.0,568.0,1882.0,5845.0
7096,2868.0,1094.0,4309.0,7556.0
7097,14170.0,2550.0,240.0,10235.0
7098,7064.0,588.0,303.0,8111.0
7099,16254.0,1584.0,500.0,8997.0
7100,3556.0,879.0,1695.0,4273.0
7101,27072.0,2117.0,2012.0,10932.0
7102,2736.0,161.0,2653.0,15188.0
7103,15302.0,2126.0,3544.0,6974.0
7104,8651.0,1596.0,1897.0,7743.0
7105,4618.0,227.0,2200.0,6944.0
7106,5563.0,576.0,3655.0,11053.0
7107,13381.0,1231.0,3808.0,8380.0
7108,5455.0,1039.0,1934.0,5037.0
7109,170332.0,15564.0,8150.0,47745.0
7110,8814.0,749.0,2239.0,10397.0
7111,24179.0,1837.0,2849.0,18571.0
7112,33075.0,3404.0,2024.0,7117.0
7113,48925.0,3769.0,1811.0,6209.0
7114,14085.0,1373.0,3015.0,8180.0
7115,3720.0,1134.0,1598.0,4731.0
7116,4438.0,429.0,2555.0,16372.0
7117,29688.0,2663.0,1201.0,4312.0
7118,8940.0,1311.0,1863.0,4294.0
7119,32680.0,3076.0,8026.0,20657.0
7120,4051.0,665.0,1949.0,3766.0
7121,31603.0,3066.0,2533.0,8368.0
7122,4772.0,637.0,2023.0,7033.0
7123,2672.0,463.0,1090.0,8250.0
7124,2791.0,187.0,-0.0,14556.0
7125,4636.0,271.0,2347.0,11878.0
7126,5835.0,962.0,2332.0,2672.0
7127,6141.0,881.0,673.0,10438.0
7128,7138.0,609.0,3086.0,5778.0
7129,2572.0,740.0,894.0,2991.0
7130,7253.0,759.0,2123.0,3180.0
7131,35000.0,2781.0,864.0,10429.0
7132,3285.0,561.0,2069.0,3610.0
7133,68405.0,6929.0,15745.0,17881.0
7134,6697.0,438.0,3439.0,9271.0
7135,30350.0,2648.0,1866.0,8496.0
7136,2673.0,885.0,1661.0,6831.0
7137,4478.0,166.0,2258.0,12068.0
7138,4112.0,503.0,372.0,5274.0
7139,2719.0,547.0,1118.0,3638.0
7140,2565.0,109.0,1069.0,3605.0
7141,5895.0,364.0,2897.0,7483.0
7142,19126.0,1390.0,1832.0,5124.0
7143,4342.0,575.0,667.0,9832.0
7144,3664.0,622.0,2234.0,13459.0
7145,8894.0,853.0,1887.0,5179.0
7146,4580.0,1544.0,545.0,2760.0
7147,8272.0,593.0,786.0,4519.0
7148,4490.0,495.0,1499.0,11254.0
7149,28813.0,1393.0,1030.0,9307.0
7150,4961.0,1033.0,1202.0,14627.0
7151,9605.0,1155.0,1899.0,1393.0
7152,7790.0,1922.0,-0.0,5008.0
7153,6595.0,1021.0,2183.0,3193.0
7154,20109.0,2104.0,3708.0,10728.0
7155,2711.0,453.0,1232.0,11713.0
7156,7864.0,638.0,1623.0,6158.0
7157,3539.0,473.0,872.0,10461.0
7158,20781.0,1860.0,4549.0,6447.0
7159,2497.0,753.0,3286.0,10630.0
7160,30235.0,2219.0,783.0,8479.0
7161,4727.0,580.0,2227.0,12229.0
7162,2796.0,496.0,1719.0,3628.0
7163,6293.0,588.0,3015.0,12880.0
7164,30167.0,2015.0,2066.0,9421.0
7165,8699.0,2420.0,1385.0,2807.0
7166,7616.0,437.0,2306.0,10124.0
7167,3588.0,1880.0,2872.0,10005.0
7168,8767.0,1580.0,968.0,7183.0
7169,25941.0,1760.0,676.0,6659.0
7170,43122.0,2949.0,705.0,7562.0
7171,3739.0,232.0,1594.0,6531.0
7172,3440.0,551.0,383.0,6905.0
7173,17310.0,1182.0,3432.0,4551.0
7174,29665.0,362.0,3302.0,8826.0
7175,23312.0,1023.0,2037.0,10026.0
7176,4262.0,1468.0,3505.0,6056.0
7177,3860.0,1440.0,4456.0,11392.0
7178,10629.0,1007.0,2570.0,7757.0
7179,4606.0,896.0,3625.0,12974.0
7180,3575.0,628.0,1193.0,3205.0
7181,5393.0,50.0,2617.0,3818.0
7182,4421.0,877.0,1598.0,4550.0
7183,3707.0,441.0,1594.0,5262.0
7184,2725.0,794.0,1854.0,5148.0
7185,3357.0,138.0,1911.0,8079.0
7186,17651.0,841.0,1336.0,5885.0
7187,65461.0,6360.0,5167.0,16832.0
7188,4363.0,1055.0,3543.0,6246.0
7189,6987.0,390.0,4341.0,10953.0
7190,5797.0,1140.0,3270.0,7877.0
7191,6177.0,471.0,913.0,9199.0
7192,5409.0,218.0,3578.0,5578.0
7193,32862.0,3661.0,3267.0,8885.0
7194,4008.0,496.0,1507.0,8737.0
7195,10101.0,1546.0,1218.0,12004.0
7196,6374.0,743.0,2209.0,8812.0
7197,9606.0,687.0,805.0,-0.0
7198,9950.0,901.0,2193.0,4166.0
7199,3660.0,725.0,1203.0,7210.0
7200,4894.0,461.0,4747.0,11046.0
7201,4905.0,507.0,4061.0,2442.0
7202,5133.0,914.0,2760.0,3082.0
7203,3755.0,247.0,1233.0,8063.0
7204,4209.0,414.0,5116.0,23165.0
7205,7594.0,1023.0,1782.0,7461.0
7206,23047.0,2301.0,1599.0,6546.0
7207,3160.0,457.0,1208.0,3976.0
7208,11184.0,1293.0,3064.0,10434.0
7209,4391.0,848.0,2829.0,6329.0
7210,12862.0,1655.0,2588.0,7566.0
7211,5546.0,453.0,3016.0,13883.0
7212,2665.0,483.0,890.0,15202.0
7213,5334.0,681.0,1607.0,4584.0
7214,5336.0,455.0,2030.0,3440.0
7215,9189.0,862.0,1892.0,6501.0
7216,3928.0,773.0,2705.0,6486.0
7217,13177.0,1277.0,402.0,2563.0
7218,3648.0,402.0,1677.0,7227.0
7219,30214.0,2686.0,10452.0,16603.0
7220,16981.0,3509.0,3589.0,6137.0
7221,37720.0,18050.0,3069.0,36366.0
7222,4223.0,935.0,1726.0,4353.0
7223,15849.0,656.0,2449.0,11607.0
7224,3541.0,598.0,2443.0,5823.0
7225,15481.0,507.0,4840.0,11998.0
7226,58029.0,5372.0,31665.0,19502.0
7227,5098.0,1150.0,252.0,11768.0
7228,5729.0,725.0,1031.0,6526.0
7229,2949.0,856.0,1385.0,7655.0
7230,12551.0,618.0,1818.0,7526.0
7231,4725.0,1097.0,1594.0,2962.0
7232,5356.0,595.0,2185.0,9860.0
7233,5786.0,897.0,3798.0,15201.0
7234,58341.0,5114.0,49516.0,34082.0
7235,11014.0,717.0,1997.0,6520.0
7236,2989.0,436.0,208.0,6103.0
7237,6587.0,843.0,2671.0,6036.0
7238,23402.0,2330.0,5478.0,9747.0
7239,3601.0,273.0,684.0,5353.0
7240,4748.0,695.0,2989.0,10267.0
7241,6298.0,1118.0,1106.0,6564.0
7242,3605.0,664.0,1584.0,8865.0
7243,94800.0,9585.0,38957.0,142379.0
7244,3278.0,657.0,3408.0,3103.0
7245,3933.0,422.0,1078.0,6240.0
7246,9805.0,1010.0,1661.0,5746.0
7247,4403.0,730.0,1400.0,4170.0
7248,6639.0,1209.0,1097.0,4925.0
7249,9452.0,4324.0,2320.0,19790.0
7250,2465.0,175.0,1753.0,7142.0
7251,3750.0,327.0,1065.0,8862.0
7252,5725.0,998.0,1604.0,8891.0
7253,3326.0,999.0,824.0,8601.0
7254,4978.0,257.0,2646.0,7689.0
7255,13169.0,1046.0,2304.0,7935.0
7256,15750.0,1748.0,3296.0,7037.0
7257,4568.0,1148.0,2975.0,3438.0
7258,4212.0,1339.0,7416.0,6563.0
7259,5040.0,1284.0,115.0,5716.0
7260,35330.0,3790.0,3327.0,7633.0
7261,7118.0,322.0,3776.0,7687.0
7262,5329.0,1449.0,2808.0,7420.0
7263,4164.0,235.0,20.0,4441.0
7264,18682.0,1679.0,1623.0,6708.0
7265,2891.0,143.0,1712.0,4691.0
7266,3958.0,783.0,1953.0,8503.0
7267,9514.0,662.0,4327.0,7925.0
7268,6937.0,3870.0,3651.0,15201.0
7269,158213.0,51236.0,17122.0,163947.0
7270,9474.0,387.0,609.0,3911.0
7271,4946.0,727.0,1622.0,7321.0
7272,3546.0,800.0,3027.0,5441.0
7273,39766.0,3989.0,3354.0,14375.0
7274,2876.0,422.0,1714.0,8356.0
7275,6368.0,1235.0,1806.0,2894.0
7276,3331.0,489.0,1074.0,4844.0
7277,2856.0,613.0,2448.0,8660.0
7278,5537.0,288.0,1117.0,1843.0
7279,7291.0,794.0,927.0,7890.0
7280,84387.0,6501.0,2280.0,8888.0
7281,3005.0,730.0,1898.0,6746.0
7282,3651.0,414.0,1483.0,9325.0
7283,4452.0,536.0,624.0,4823.0
7284,20432.0,1314.0,2254.0,8688.0
7285,4025.0,1012.0,1989.0,5534.0
7286,4752.0,570.0,1953.0,4063.0
7287,30737.0,2011.0,3308.0,8451.0
7288,4410.0,105.0,1938.0,12530.0
7289,7134.0,1172.0,2458.0,8624.0
7290,16974.0,2452.0,885.0,14011.0
7291,22377.0,11259.0,23159.0,70579.0
7292,4777.0,1092.0,1610.0,2560.0
7293,6874.0,1760.0,936.0,2053.0
7294,4468.0,945.0,1094.0,6979.0
7295,4715.0,585.0,2737.0,8815.0
7296,2653.0,58.0,1377.0,5787.0
7297,5178.0,1131.0,1762.0,15009.0
7298,9080.0,1161.0,1082.0,4343.0
7299,18562.0,1383.0,1444.0,8385.0
7300,9569.0,389.0,2805.0,4463.0
7301,5180.0,856.0,2143.0,5708.0
7302,2522.0,100.0,2188.0,7364.0
7303,6719.0,737.0,3272.0,5622.0
7304,8319.0,663.0,2349.0,5961.0
7305,5969.0,252.0,1580.0,9905.0
7306,6465.0,436.0,2285.0,6298.0
7307,2662.0,805.0,-0.0,4949.0
7308,10704.0,1298.0,452.0,2651.0
7309,7143.0,841.0,2249.0,433.0
7310,4042.0,715.0,1602.0,6733.0
7311,3968.0,618.0,171.0,1602.0
7312,4201.0,825.0,1976.0,7804.0
7313,6846.0,1198.0,1852.0,6784.0
7314,15260.0,1117.0,329.0,10092.0
7315,5865.0,426.0,1704.0,8529.0
7316,6455.0,538.0,3010.0,13150.0
7317,3752.0,847.0,1478.0,2960.0
7318,11295.0,1487.0,3192.0,10041.0
7319,3496.0,717.0,773.0,5588.0
7320,27352.0,3280.0,1255.0,6032.0
7321,5777.0,530.0,2061.0,5734.0
7322,6492.0,672.0,2266.0,11456.0
7323,45329.0,3566.0,37923.0,49756.0
7324,3642.0,62.0,3166.0,4746.0
7325,9469.0,500.0,3348.0,6854.0
7326,7186.0,910.0,859.0,4827.0
7327,13477.0,717.0,2071.0,6107.0
7328,2808.0,452.0,-0.0,1807.0
7329,28720.0,2225.0,2368.0,6686.0
7330,3712.0,232.0,2042.0,6379.0
7331,29103.0,933.0,2431.0,8316.0
7332,32279.0,2127.0,3980.0,17373.0
7333,2655.0,723.0,1828.0,3049.0
7334,5170.0,218.0,2819.0,5948.0
7335,5938.0,898.0,767.0,9016.0
7336,4226.0,801.0,1918.0,1234.0
7337,20587.0,2948.0,3555.0,13782.0
7338,5324.0,1188.0,1362.0,3959.0
7339,9989.0,885.0,787.0,2207.0
7340,7801.0,326.0,2452.0,9996.0
7341,3969.0,524.0,1426.0,207.0
7342,2694.0,427.0,1240.0,12107.0
7343,5028.0,475.0,115.0,3827.0
7344,5753.0,853.0,1131.0,-0.0
7345,20255.0,1691.0,2258.0,10104.0
7346,4415.0,1641.0,1376.0,10102.0
7347,4741.0,696.0,2515.0,14353.0
7348,8068.0,1396.0,2398.0,7596.0
7349,33382.0,2119.0,3309.0,7717.0
7350,29888.0,2041.0,2110.0,5227.0
7351,75056.0,10888.0,18491.0,83266.0
7352,7777.0,1804.0,2723.0,15218.0
7353,4956.0,1209.0,1881.0,6157.0
7354,5175.0,344.0,2334.0,11894.0
7355,31230.0,1838.0,3751.0,12163.0
7356,2852.0,383.0,1544.0,11100.0
7357,6857.0,429.0,2424.0,5290.0
7358,7853.0,449.0,1394.0,10190.0
7359,4326.0,1080.0,2362.0,10869.0
7360,4262.0,300.0,2562.0,6479.0
7361,3327.0,688.0,1469.0,4859.0
7362,4700.0,2137.0,165.0,7941.0
7363,5020.0,864.0,801.0,7596.0
7364,2821.0,1251.0,1777.0,9111.0
7365,6134.0,1690.0,3670.0,67.0
7366,8338.0,1250.0,893.0,8750.0
7367,6506.0,930.0,1066.0,896.0
7368,4465.0,376.0,-0.0,4959.0
7369,48048.0,1315.0,6597.0,9493.0
7370,3845.0,884.0,672.0,2828.0
7371,5407.0,1022.0,1518.0,3887.0
7372,4435.0,479.0,2134.0,4279.0
7373,5794.0,597.0,2471.0,5586.0
7374,9790.0,1273.0,5903.0,7494.0
7375,3468.0,645.0,1485.0,7570.0
7376,19928.0,1045.0,2435.0,9629.0
7377,7092.0,842.0,1917.0,10675.0
7378,7760.0,835.0,2895.0,10778.0
7379,11590.0,1329.0,2439.0,4364.0
7380,3769.0,354.0,2245.0,11973.0
7381,5559.0,1017.0,3292.0,2687.0
7382,2566.0,435.0,3000.0,17158.0
7383,9915.0,867.0,2145.0,10798.0
7384,3813.0,541.0,1688.0,6607.0
7385,44573.0,3506.0,2664.0,13727.0
7386,2654.0,1092.0,2039.0,6505.0
7387,5643.0,413.0,1760.0,10357.0
7388,6483.0,703.0,1503.0,6834.0
7389,17718.0,1976.0,1378.0,6271.0
7390,2621.0,477.0,268.0,1016.0
7391,38657.0,4155.0,14852.0,10867.0
7392,21640.0,1388.0,2665.0,8246.0
7393,7713.0,275.0,1644.0,2999.0
7394,5751.0,510.0,3824.0,7817.0
7395,66737.0,5587.0,1875.0,16216.0
7396,4589.0,84.0,1725.0,3893.0
7397,29340.0,1639.0,4280.0,10275.0
7398,5276.0,906.0,1756.0,11378.0
7399,8198.0,1305.0,1534.0,4318.0
7400,2629.0,325.0,2010.0,14125.0
7401,5582.0,360.0,1270.0,6684.0
7402,10231.0,724.0,2754.0,11491.0
7403,3606.0,434.0,1155.0,6380.0
7404,15833.0,906.0,1922.0,4857.0
7405,3809.0,661.0,1229.0,6025.0
7406,17612.0,2040.0,3704.0,7914.0
7407,34492.0,2838.0,2689.0,14292.0
7408,4651.0,844.0,2328.0,5305.0
7409,9056.0,1485.0,2195.0,13722.0
7410,7994.0,1435.0,2858.0,3918.0
7411,2656.0,796.0,1021.0,3945.0
7412,7619.0,407.0,515.0,7107.0
7413,6549.0,792.0,2648.0,11432.0
7414,3027.0,1088.0,1254.0,3563.0
7415,5003.0,495.0,2809.0,5289.0
7416,5258.0,235.0,1115.0,11311.0
7417,3556.0,386.0,2159.0,14478.0
7418,4147.0,2339.0,1733.0,11310.0
7419,10045.0,1137.0,1516.0,5067.0
7420,38644.0,3330.0,3309.0,8343.0
7421,29839.0,2349.0,3202.0,9515.0
7422,6659.0,1580.0,1706.0,6127.0
7423,8738.0,1136.0,4325.0,10337.0
7424,7177.0,477.0,1798.0,15323.0
7425,5946.0,369.0,1917.0,7903.0
7426,3825.0,830.0,4158.0,9092.0
7427,2865.0,414.0,2825.0,14500.0
7428,3640.0,223.0,1065.0,6547.0
7429,6800.0,177.0,899.0,10716.0
7430,5562.0,1247.0,793.0,7948.0
7431,17486.0,1639.0,1186.0,9167.0
7432,3922.0,1598.0,1535.0,10808.0
7433,14101.0,1239.0,3267.0,9528.0
7434,5716.0,701.0,1626.0,14921.0
7435,3281.0,768.0,3045.0,10554.0
7436,9935.0,1588.0,21610.0,17809.0
7437,19152.0,1599.0,801.0,3910.0
7438,8116.0,764.0,2858.0,8963.0
7439,24005.0,2946.0,1399.0,11558.0
7440,2903.0,228.0,621.0,4922.0
7441,4705.0,593.0,2333.0,13286.0
7442,7229.0,1176.0,2400.0,10993.0
7443,4032.0,411.0,2112.0,1894.0
7444,6483.0,1016.0,2215.0,6987.0
7445,3096.0,684.0,904.0,2882.0
7446,6325.0,700.0,1499.0,5152.0
7447,5402.0,473.0,1955.0,6190.0
7448,18379.0,1597.0,2215.0,7093.0
7449,21704.0,2419.0,2072.0,9014.0
7450,3039.0,552.0,2407.0,8826.0
7451,15767.0,1996.0,1741.0,7417.0
7452,4437.0,325.0,3063.0,7736.0
7453,7650.0,953.0,2765.0,3021.0
7454,4875.0,552.0,1505.0,7654.0
7455,48736.0,3455.0,3616.0,6750.0
7456,7749.0,4206.0,2128.0,5880.0
7457,7048.0,839.0,3776.0,9116.0
7458,16613.0,1659.0,2531.0,12850.0
7459,5696.0,918.0,3185.0,4975.0
7460,3793.0,324.0,1425.0,8643.0
7461,2644.0,844.0,2191.0,7733.0
7462,549743.0,163413.0,43403.0,322338.0
7463,3992.0,640.0,1910.0,4884.0
7464,3627.0,731.0,765.0,12509.0
7465,4110.0,664.0,947.0,7563.0
7466,4349.0,425.0,4201.0,5693.0
7467,3244.0,491.0,1570.0,2850.0
7468,3798.0,140.0,1511.0,9838.0
7469,13620.0,1710.0,2416.0,10956.0
7470,55102.0,5090.0,2334.0,11521.0
7471,6466.0,1460.0,1407.0,5754.0
7472,3166.0,278.0,1525.0,14073.0
7473,16445.0,2137.0,2317.0,4581.0
7474,5729.0,904.0,1211.0,4715.0
7475,2789.0,765.0,218.0,5610.0
7476,3171.0,1138.0,2217.0,16771.0
7477,2987.0,342.0,1301.0,5604.0
7478,4261.0,492.0,4425.0,2826.0
7479,8334.0,1544.0,2734.0,4935.0
7480,2744.0,805.0,2727.0,11858.0
7481,7590.0,1037.0,3547.0,9843.0
7482,4385.0,1190.0,413.0,10518.0
7483,3973.0,857.0,2497.0,972.0
7484,6832.0,462.0,4232.0,6560.0
7485,4661.0,357.0,1245.0,9059.0
7486,2644.0,675.0,2908.0,6297.0
7487,8018.0,700.0,778.0,10822.0
7488,2830.0,485.0,1581.0,6816.0
7489,4133.0,398.0,2030.0,6392.0
7490,14379.0,836.0,2098.0,7179.0
7491,2648.0,659.0,740.0,8429.0
7492,5137.0,862.0,1027.0,6259.0
7493,5134.0,951.0,967.0,6899.0
7494,2976.0,532.0,2868.0,5681.0
7495,6170.0,961.0,2537.0,7889.0
7496,3677.0,930.0,1558.0,4969.0
7497,6955.0,882.0,2411.0,10423.0
7498,6119.0,845.0,616.0,6100.0
7499,27203.0,2067.0,2023.0,7465.0
7500,7079.0,607.0,1344.0,7813.0
7501,4064.0,403.0,4583.0,7111.0
7502,7979.0,1167.0,822.0,5200.0
7503,36150.0,8191.0,27212.0,38166.0
7504,19950.0,1214.0,2544.0,13986.0
7505,3069.0,320.0,1705.0,1550.0
7506,7098.0,1104.0,1351.0,6025.0
7507,39727.0,2904.0,816.0,8666.0
7508,2730.0,522.0,1780.0,4351.0
7509,5093.0,661.0,3410.0,13566.0
7510,4324.0,526.0,846.0,9087.0
7511,4073.0,570.0,2076.0,6929.0
7512,8881.0,715.0,1907.0,8204.0
7513,12776.0,1665.0,2196.0,3649.0
7514,54925.0,3943.0,3157.0,10624.0
7515,14301.0,1919.0,4102.0,8014.0
7516,56977.0,7977.0,2445.0,10810.0
7517,6020.0,790.0,1324.0,3194.0
7518,3853.0,372.0,368.0,-0.0
7519,3988.0,109.0,2491.0,4386.0
7520,5401.0,146.0,3912.0,10851.0
7521,5059.0,1261.0,1322.0,8333.0
7522,8647.0,737.0,550.0,4314.0
7523,19092.0,1126.0,1891.0,11685.0
7524,10886.0,952.0,3108.0,2216.0
7525,12610.0,571.0,2860.0,6914.0
7526,8235.0,1142.0,3831.0,8946.0
7527,4252.0,549.0,904.0,4308.0
7528,3765.0,650.0,1740.0,4779.0
7529,8813.0,1553.0,2600.0,6576.0
7530,35622.0,3155.0,3036.0,8900.0
7531,3773.0,1082.0,1218.0,13951.0
7532,3556.0,486.0,3418.0,10293.0
7533,50189.0,4959.0,3688.0,11980.0
7534,7132.0,745.0,1505.0,10326.0
7535,7246.0,963.0,2169.0,13532.0
7536,6235.0,383.0,1894.0,7738.0
7537,45003.0,2555.0,1774.0,8378.0
7538,28246.0,3168.0,1864.0,2154.0
7539,2714.0,125.0,365.0,7113.0
7540,27764.0,3419.0,4682.0,3952.0
7541,13524.0,1702.0,2628.0,8067.0
7542,4976.0,50.0,1516.0,3999.0
7543,5122.0,723.0,1707.0,7227.0
7544,6511.0,833.0,1532.0,8210.0
7545,2606.0,1227.0,1363.0,7731.0
7546,3666.0,927.0,1636.0,4900.0
7547,9163.0,893.0,3239.0,5710.0
7548,20261.0,1820.0,2674.0,3286.0
7549,6640.0,1421.0,744.0,111.0
7550,4931.0,831.0,2368.0,10582.0
7551,4348.0,400.0,1528.0,11199.0
7552,2496.0,732.0,1540.0,8477.0
7553,34889.0,3502.0,3110.0,6210.0
7554,5177.0,899.0,2162.0,5528.0
7555,3816.0,273.0,634.0,5132.0
7556,24081.0,1688.0,4180.0,7605.0
7557,3879.0,771.0,1956.0,2125.0
7558,4677.0,582.0,91.0,7021.0
7559,36338.0,1972.0,2568.0,5992.0
7560,5616.0,833.0,1457.0,4606.0
7561,3354.0,935.0,2207.0,7741.0
7562,11551.0,682.0,2728.0,5560.0
7563,6565.0,284.0,2333.0,7063.0
7564,2789.0,370.0,1436.0,2828.0
7565,6938.0,362.0,3203.0,5997.0
7566,30812.0,2566.0,-0.0,12754.0
7567,4818.0,547.0,1868.0,13060.0
7568,18375.0,1436.0,1858.0,5976.0
7569,4417.0,752.0,1721.0,634.0
7570,21371.0,1509.0,6012.0,12657.0
7571,4131.0,1011.0,231.0,1502.0
7572,3979.0,594.0,2344.0,10688.0
7573,22768.0,1654.0,2674.0,12694.0
7574,2911.0,228.0,2612.0,9901.0
7575,9009.0,771.0,1220.0,5673.0
7576,3440.0,1724.0,1758.0,4453.0
7577,6792.0,2683.0,25162.0,10348.0
7578,7124.0,808.0,3450.0,6438.0
7579,6640.0,1100.0,2262.0,10756.0
7580,6834.0,603.0,2098.0,9734.0
7581,12301.0,1043.0,1032.0,6092.0
7582,3888.0,629.0,1965.0,9208.0
7583,3518.0,698.0,2026.0,11635.0
7584,18733.0,1059.0,959.0,8289.0
7585,4749.0,1257.0,2430.0,1660.0
7586,6109.0,991.0,1320.0,9338.0
7587,2549.0,739.0,465.0,6481.0
7588,17119.0,1034.0,3949.0,7003.0
7589,2554.0,259.0,2655.0,8738.0
7590,3710.0,2148.0,3393.0,3413.0
7591,7321.0,990.0,2279.0,9939.0
7592,2515.0,201.0,1545.0,6882.0
7593,3307.0,581.0,2213.0,2377.0
7594,3852.0,611.0,3043.0,4626.0
7595,10918.0,1321.0,176.0,3737.0
7596,12951.0,655.0,2675.0,9056.0
7597,4036.0,775.0,601.0,9469.0
7598,6572.0,1035.0,2380.0,8830.0
7599,16074.0,1335.0,3096.0,9145.0
7600,4491.0,756.0,25.0,7118.0
7601,17292.0,3049.0,20107.0,25974.0
7602,21278.0,5448.0,2605.0,4382.0
7603,19605.0,1456.0,1937.0,10202.0
7604,3809.0,444.0,1735.0,1241.0
7605,3762.0,637.0,945.0,4073.0
7606,4994.0,820.0,2318.0,7978.0
7607,14887.0,1459.0,444.0,7408.0
7608,2751.0,939.0,690.0,-0.0
7609,20776.0,840.0,1471.0,6628.0
7610,4470.0,326.0,822.0,9878.0
7611,6697.0,1825.0,346.0,4969.0
7612,5461.0,1034.0,600.0,4295.0
7613,73696.0,14177.0,20860.0,50911.0
7614,5001.0,568.0,3941.0,10448.0
7615,6693.0,503.0,1439.0,6075.0
7616,5382.0,531.0,205.0,-0.0
7617,12592.0,1935.0,2006.0,8403.0
7618,42267.0,3805.0,2683.0,5771.0
7619,5895.0,1117.0,2509.0,2985.0
7620,13132.0,832.0,3513.0,7401.0
7621,5771.0,622.0,1989.0,6093.0
7622,2547.0,513.0,977.0,5887.0
7623,3996.0,826.0,1362.0,1297.0
7624,58012.0,3306.0,2914.0,7278.0
7625,13335.0,1165.0,1708.0,8009.0
7626,2557.0,594.0,1536.0,2362.0
7627,3647.0,370.0,1404.0,3938.0
7628,34304.0,2545.0,2690.0,10770.0
7629,9477.0,1316.0,813.0,13930.0
7630,4967.0,173.0,996.0,7381.0
7631,5538.0,567.0,2182.0,6545.0
7632,39356.0,3650.0,5786.0,13914.0
7633,2799.0,541.0,2645.0,8765.0
7634,3500.0,1016.0,2387.0,11579.0
7635,5098.0,688.0,3535.0,8710.0
7636,6545.0,884.0,2225.0,4977.0
7637,32269.0,2532.0,3767.0,13676.0
7638,17156.0,2112.0,3711.0,691.0
7639,8032.0,702.0,2650.0,9055.0
7640,3631.0,434.0,1769.0,6883.0
7641,5883.0,1255.0,1419.0,4213.0
7642,9932.0,1224.0,2415.0,12083.0
7643,5757.0,804.0,2177.0,4073.0
7644,3834.0,298.0,967.0,7663.0
7645,4499.0,1132.0,1614.0,10329.0
7646,11659.0,818.0,4148.0,8643.0
7647,4388.0,390.0,1669.0,12989.0
7648,10106.0,1444.0,2903.0,11032.0
7649,137472.0,10581.0,201169.0,258865.0
7650,2685.0,248.0,2612.0,5553.0
7651,3706.0,560.0,2638.0,1953.0
7652,13185.0,2222.0,2016.0,11568.0
7653,4677.0,373.0,2078.0,12667.0
7654,15030.0,974.0,2898.0,12907.0
7655,21994.0,3296.0,5052.0,6387.0
7656,4232.0,1172.0,3213.0,7493.0
7657,4371.0,1126.0,787.0,8535.0
7658,12847.0,344.0,3881.0,13056.0
7659,34503.0,3029.0,1630.0,8679.0
7660,20708.0,1400.0,1452.0,7961.0
7661,4553.0,867.0,3498.0,6057.0
7662,6799.0,1181.0,1709.0,10461.0
7663,8656.0,886.0,1245.0,2170.0
7664,26971.0,3733.0,2860.0,10227.0
7665,3509.0,665.0,2249.0,4705.0
7666,4174.0,234.0,727.0,6982.0
7667,5328.0,694.0,2599.0,7365.0
7668,9110.0,1130.0,1993.0,5573.0
7669,7241.0,734.0,1620.0,14252.0
7670,90899.0,5860.0,3895.0,9427.0
7671,3939.0,260.0,1121.0,7464.0
7672,21080.0,1488.0,1648.0,11594.0
7673,15227.0,651.0,3873.0,8381.0
7674,4113.0,594.0,2110.0,11308.0
7675,6356.0,1074.0,1095.0,6913.0
7676,14414.0,1060.0,1430.0,8197.0
7677,24963.0,3748.0,3369.0,9774.0
7678,8960.0,1224.0,2299.0,8394.0
7679,42905.0,2544.0,2646.0,13965.0
7680,5754.0,497.0,2944.0,7019.0
7681,25971.0,2443.0,3097.0,8074.0
7682,6290.0,725.0,3273.0,13583.0
7683,3670.0,849.0,2989.0,2829.0
7684,27707.0,1677.0,1645.0,6329.0
7685,3210.0,994.0,383.0,1859.0
7686,3245.0,637.0,1251.0,2945.0
7687,28039.0,1667.0,3316.0,8049.0
7688,10732.0,1202.0,1880.0,7575.0
7689,9015.0,841.0,1866.0,1231.0
7690,35012.0,2169.0,2482.0,7544.0
7691,26656.0,2026.0,1769.0,8361.0
7692,7782.0,451.0,2532.0,12408.0
7693,3474.0,780.0,2154.0,5472.0
7694,2563.0,489.0,1281.0,5188.0
7695,2675.0,544.0,1296.0,11449.0
7696,6405.0,657.0,1425.0,14498.0
7697,32661.0,4663.0,2939.0,7346.0
7698,10277.0,940.0,2766.0,12853.0
7699,89529.0,5789.0,5008.0,14283.0
7700,4269.0,591.0,4206.0,5556.0
7701,2679.0,491.0,1813.0,2786.0
7702,23789.0,1773.0,3807.0,7867.0
7703,5041.0,529.0,1938.0,4434.0
7704,3191.0,115.0,-0.0,1642.0
7705,11976.0,896.0,904.0,3281.0
7706,3659.0,472.0,2787.0,5521.0
7707,7554.0,750.0,907.0,5299.0
7708,2670.0,655.0,1321.0,6729.0
7709,15957.0,1626.0,3400.0,10235.0
7710,7343.0,1293.0,981.0,4600.0
7711,12296.0,1193.0,1148.0,10208.0
7712,3795.0,742.0,1337.0,7874.0
7713,4650.0,1136.0,3416.0,9032.0
7714,2841.0,643.0,1628.0,4896.0
7715,32505.0,1586.0,506.0,5941.0
7716,2856.0,448.0,1880.0,7079.0
7717,8374.0,970.0,2448.0,11882.0
7718,3874.0,1614.0,1005.0,7995.0
7719,3948.0,1007.0,1959.0,1219.0
7720,3048.0,237.0,3572.0,12120.0
7721,10681.0,1144.0,1570.0,7117.0
7722,7339.0,1361.0,4996.0,3499.0
7723,2652.0,304.0,1036.0,4090.0
7724,16346.0,1348.0,2175.0,9113.0
7725,26894.0,1581.0,1340.0,6720.0
7726,16042.0,1502.0,2582.0,4686.0
7727,3260.0,799.0,1557.0,2513.0
7728,6035.0,268.0,2119.0,6957.0
7729,15027.0,618.0,2950.0,6858.0
7730,3334.0,794.0,908.0,6168.0
7731,4581.0,759.0,1767.0,8642.0
7732,24759.0,2905.0,1664.0,5696.0
7733,81314.0,10925.0,6973.0,54720.0
7734,2643.0,393.0,1459.0,6650.0
7735,8408.0,783.0,4021.0,5312.0
7736,3676.0,286.0,2277.0,4383.0
7737,7184.0,433.0,1873.0,4843.0
7738,20352.0,2323.0,1891.0,8466.0
7739,6523.0,593.0,2480.0,10182.0
7740,22068.0,5679.0,3864.0,23087.0
7741,2505.0,428.0,196.0,-0.0
7742,3200.0,520.0,949.0,1074.0
7743,31606.0,3456.0,6308.0,4296.0
7744,53859.0,5177.0,7952.0,12605.0
7745,4725.0,200.0,2220.0,6722.0
7746,6111.0,644.0,1658.0,5679.0
7747,15688.0,1012.0,2508.0,4308.0
7748,4071.0,39.0,630.0,10052.0
7749,23093.0,3242.0,3666.0,5854.0
7750,8317.0,825.0,1948.0,7139.0
7751,6758.0,1328.0,2519.0,10259.0
7752,8661.0,722.0,2890.0,8638.0
7753,23059.0,1116.0,2006.0,9405.0
7754,9801.0,431.0,1091.0,6959.0
7755,4325.0,701.0,2060.0,4388.0
7756,19886.0,3376.0,4594.0,12382.0
7757,28518.0,2098.0,1508.0,6044.0
7758,10921.0,607.0,830.0,6431.0
7759,29918.0,3148.0,6579.0,12241.0
7760,62267.0,11773.0,68329.0,54730.0
7761,7392.0,823.0,2251.0,13824.0
7762,5897.0,1148.0,2106.0,11257.0
7763,12171.0,541.0,2915.0,4358.0
7764,17444.0,1106.0,3921.0,12272.0
7765,4481.0,286.0,2535.0,6467.0
7766,2758.0,617.0,1826.0,6030.0
7767,15117.0,1535.0,1550.0,8714.0
7768,3834.0,435.0,3180.0,6471.0
7769,27906.0,3009.0,2269.0,5185.0
7770,4116.0,301.0,1146.0,10116.0
7771,6757.0,2119.0,3307.0,9305.0
7772,5368.0,971.0,2458.0,6400.0
7773,18074.0,1632.0,3113.0,14259.0
7774,2488.0,924.0,1322.0,2206.0
7775,29685.0,2053.0,4687.0,12492.0
7776,4150.0,728.0,964.0,4157.0
7777,5850.0,879.0,189.0,11194.0
7778,7227.0,830.0,1024.0,2099.0
7779,26614.0,3375.0,3185.0,4905.0
7780,5255.0,680.0,2411.0,3459.0
7781,4270.0,301.0,4302.0,7309.0
7782,16106.0,1034.0,-0.0,7796.0
7783,6519.0,1125.0,567.0,7837.0
7784,32523.0,2043.0,2631.0,4782.0
7785,4027.0,683.0,1329.0,5685.0
7786,3475.0,464.0,1685.0,9083.0
7787,2909.0,382.0,1151.0,3850.0
7788,11819.0,1647.0,1854.0,6534.0
7789,3406.0,500.0,1541.0,6065.0
7790,3437.0,442.0,1292.0,6962.0
7791,19609.0,1032.0,2713.0,-0.0
7792,2711.0,605.0,2369.0,8593.0
7793,9646.0,892.0,3649.0,9567.0
7794,3712.0,224.0,1929.0,6799.0
7795,6287.0,864.0,2892.0,4687.0
7796,4132.0,1009.0,2338.0,8598.0
7797,7603.0,1776.0,3181.0,7637.0
7798,5665.0,523.0,2279.0,7038.0
7799,12482.0,509.0,727.0,2588.0
7800,4333.0,500.0,2841.0,5913.0
7801,111143.0,32381.0,96074.0,142472.0
7802,5122.0,1063.0,1878.0,9088.0
7803,18330.0,1162.0,2194.0,3451.0
7804,2860.0,345.0,1642.0,7175.0
7805,13015.0,710.0,4036.0,6813.0
7806,5162.0,979.0,1589.0,2314.0
7807,6485.0,810.0,2349.0,12305.0
7808,4589.0,885.0,2318.0,5203.0
7809,5438.0,959.0,514.0,1937.0
7810,8025.0,711.0,1010.0,12624.0
7811,6016.0,320.0,1917.0,9028.0
7812,7729.0,861.0,910.0,2800.0
7813,23685.0,1161.0,1713.0,6362.0
7814,38523.0,1575.0,3139.0,11472.0
7815,4102.0,389.0,2972.0,8721.0
7816,7131.0,821.0,3876.0,7676.0
7817,6407.0,736.0,1246.0,11656.0
7818,8787.0,1445.0,1250.0,3144.0
7819,4626.0,1164.0,1645.0,8756.0
7820,7983.0,555.0,2430.0,5779.0
7821,4413.0,324.0,2449.0,15521.0
7822,27313.0,2196.0,2377.0,19150.0
7823,3519.0,851.0,2525.0,11503.0
7824,2599.0,725.0,1247.0,3971.0
7825,3365.0,119.0,1546.0,10293.0
7826,13383.0,1219.0,2415.0,11365.0
7827,5277.0,709.0,2178.0,6151.0
7828,3509.0,1059.0,249.0,2275.0
7829,7094.0,634.0,2206.0,690.0
7830,43333.0,3684.0,2410.0,1558.0
7831,7420.0,513.0,2423.0,8502.0
7832,38636.0,2241.0,26866.0,63802.0
7833,56959.0,5992.0,4555.0,15319.0
7834,4378.0,572.0,2543.0,7688.0
7835,6815.0,589.0,2013.0,5539.0
7836,3377.0,797.0,861.0,10105.0
7837,9120.0,994.0,946.0,10915.0
7838,5048.0,505.0,4085.0,10073.0
7839,13851.0,858.0,1667.0,8595.0
7840,16704.0,1580.0,2464.0,7990.0
7841,19222.0,1716.0,1629.0,9734.0
7842,5148.0,789.0,720.0,8421.0
7843,145700.0,13576.0,29510.0,87675.0
7844,6636.0,780.0,1331.0,6600.0
7845,6195.0,1172.0,1815.0,5785.0
7846,2951.0,311.0,725.0,7245.0
7847,12114.0,1846.0,2270.0,9099.0
7848,26471.0,1641.0,3111.0,8617.0
7849,2580.0,280.0,1689.0,5539.0
7850,103337.0,22651.0,25854.0,43506.0
7851,47767.0,4719.0,4991.0,6960.0
7852,2962.0,339.0,596.0,4899.0
7853,5055.0,478.0,1326.0,2757.0
7854,2752.0,518.0,-0.0,4599.0
7855,39980.0,1811.0,3526.0,6665.0
7856,67315.0,4559.0,19604.0,12905.0
7857,4323.0,656.0,3106.0,7216.0
7858,3500.0,833.0,1998.0,7252.0
7859,71463.0,9637.0,144733.0,189015.0
7860,6853.0,116.0,1740.0,13531.0
7861,3762.0,1211.0,1425.0,6782.0
7862,8732.0,1072.0,2055.0,8120.0
7863,4939.0,419.0,4045.0,13491.0
7864,19183.0,1302.0,1809.0,8253.0
7865,2747.0,1073.0,2594.0,9201.0
7866,2486.0,151.0,1920.0,160.0
7867,3461.0,775.0,1361.0,2875.0
7868,22160.0,2433.0,1795.0,7046.0
7869,6252.0,605.0,3662.0,7793.0
7870,3787.0,739.0,834.0,1832.0
7871,37120.0,2863.0,19362.0,47837.0
7872,9938.0,1123.0,2212.0,1901.0
7873,7202.0,894.0,2381.0,3139.0
7874,6177.0,828.0,655.0,10366.0
7875,3598.0,809.0,2196.0,7185.0
7876,3992.0,878.0,767.0,1666.0
7877,9690.0,793.0,1837.0,3971.0
7878,3054.0,458.0,-0.0,-0.0
7879,5268.0,375.0,2045.0,8103.0
7880,27808.0,4116.0,3752.0,5364.0
7881,14406.0,1451.0,2212.0,1097.0
7882,2918.0,676.0,2356.0,9073.0
7883,2895.0,771.0,516.0,10932.0
7884,2930.0,630.0,-0.0,9537.0
7885,4055.0,924.0,1538.0,2500.0
7886,18281.0,2573.0,2110.0,7735.0
7887,3581.0,541.0,1807.0,6652.0
7888,4179.0,467.0,4046.0,8439.0
7889,3719.0,1091.0,3249.0,7069.0
7890,3378.0,1113.0,2106.0,16420.0
7891,4975.0,712.0,-0.0,4161.0
7892,3727.0,1035.0,773.0,6944.0
7893,3914.0,1110.0,4084.0,8535.0
7894,5346.0,457.0,251.0,4947.0
7895,2475.0,767.0,1538.0,1306.0
7896,3873.0,956.0,1291.0,10041.0
7897,5392.0,876.0,2029.0,4874.0
7898,25956.0,1920.0,1836.0,12705.0
7899,23432.0,2511.0,3261.0,6191.0
7900,8620.0,671.0,1369.0,5745.0
7901,4485.0,540.0,1610.0,3302.0
7902,2884.0,400.0,461.0,3338.0
7903,10969.0,454.0,2572.0,9548.0
7904,13795.0,894.0,2189.0,16171.0
7905,3402.0,452.0,1468.0,6811.0
7906,4286.0,522.0,4078.0,6690.0
7907,12097.0,1110.0,2149.0,10659.0
7908,3891.0,1231.0,1647.0,4037.0
7909,2963.0,308.0,1508.0,6568.0
7910,9797.0,588.0,3018.0,8481.0
7911,4305.0,672.0,2276.0,6727.0
7912,4352.0,880.0,2266.0,8846.0
7913,5221.0,299.0,3015.0,4452.0
7914,8639.0,806.0,2688.0,4775.0
7915,37019.0,3929.0,2575.0,11988.0
7916,13227.0,838.0,1659.0,1065.0
7917,7728.0,1542.0,1382.0,9433.0
7918,4106.0,840.0,931.0,3588.0
7919,3404.0,719.0,1619.0,858.0
7920,3159.0,1056.0,1747.0,13492.0
7921,7353.0,862.0,1250.0,6571.0
7922,17765.0,1175.0,1721.0,11041.0
7923,8054.0,1850.0,2946.0,12493.0
7924,7447.0,681.0,1938.0,6314.0
7925,7928.0,816.0,2126.0,8327.0
7926,6987.0,608.0,2145.0,12658.0
7927,4651.0,551.0,1287.0,2922.0
7928,10070.0,1466.0,1688.0,6075.0
7929,4696.0,759.0,2803.0,5942.0
7930,7826.0,1431.0,167.0,4967.0
7931,23845.0,1557.0,3098.0,10367.0
7932,2515.0,766.0,3020.0,5030.0
7933,12528.0,1156.0,630.0,9605.0
7934,21258.0,2373.0,2128.0,6368.0
7935,3370.0,620.0,1707.0,7124.0
7936,12215.0,402.0,407.0,3560.0
7937,7973.0,983.0,1503.0,6774.0
7938,5654.0,630.0,1506.0,4131.0
7939,3709.0,576.0,2047.0,4598.0
7940,4131.0,69.0,2577.0,12997.0
7941,5705.0,720.0,3750.0,8814.0
7942,5556.0,656.0,2085.0,7798.0
7943,6212.0,284.0,784.0,3201.0
7944,4869.0,1279.0,2691.0,1924.0
7945,4412.0,801.0,1443.0,2599.0
7946,8004.0,1162.0,1560.0,13355.0
7947,7275.0,1350.0,3248.0,7132.0
7948,11993.0,1168.0,697.0,6950.0
7949,2601.0,154.0,1088.0,4269.0
7950,7150.0,634.0,708.0,1852.0
7951,14123.0,1555.0,3052.0,12086.0
7952,3779.0,1475.0,946.0,8653.0
7953,4572.0,414.0,1443.0,2565.0
7954,3473.0,300.0,3188.0,7321.0
7955,21621.0,2099.0,2147.0,9230.0
7956,2880.0,470.0,254.0,1242.0
7957,9032.0,1910.0,1292.0,9963.0
7958,12298.0,745.0,3610.0,4879.0
7959,7410.0,309.0,1683.0,9576.0
7960,6369.0,605.0,2267.0,9025.0
7961,14014.0,987.0,2058.0,5120.0
7962,3889.0,491.0,610.0,4342.0
7963,2683.0,310.0,1895.0,4581.0
7964,21234.0,1534.0,3557.0,18901.0
7965,34426.0,3099.0,5272.0,10293.0
7966,7385.0,1775.0,1706.0,14529.0
7967,6408.0,758.0,1332.0,5858.0
7968,3024.0,1340.0,7157.0,17336.0
7969,111709.0,13089.0,16552.0,93769.0
7970,7329.0,1054.0,2356.0,4869.0
7971,4997.0,385.0,1960.0,4375.0
7972,2569.0,193.0,759.0,12711.0
7973,10902.0,900.0,1467.0,9707.0
7974,20706.0,1229.0,962.0,5372.0
7975,5078.0,243.0,3596.0,4970.0
7976,4554.0,671.0,4528.0,4004.0
7977,4660.0,1554.0,1543.0,10374.0
7978,5460.0,366.0,2010.0,8855.0
7979,6193.0,568.0,2294.0,8266.0
7980,9635.0,1339.0,2229.0,8841.0
7981,6350.0,712.0,2322.0,5275.0
7982,5434.0,1024.0,2219.0,7456.0
7983,2487.0,587.0,2646.0,15485.0
7984,18370.0,4575.0,1780.0,15046.0
7985,3643.0,493.0,291.0,12371.0
7986,4130.0,1045.0,2837.0,4248.0
7987,5408.0,1611.0,1324.0,16517.0
7988,21453.0,2124.0,1526.0,7709.0
7989,8241.0,1349.0,4738.0,5647.0
7990,12688.0,1052.0,-0.0,10168.0
7991,29076.0,2314.0,2084.0,10394.0
7992,3773.0,673.0,2323.0,7633.0
7993,2690.0,249.0,42.0,-0.0
7994,4113.0,600.0,452.0,-0.0
7995,3604.0,168.0,2287.0,8222.0
7996,3901.0,1485.0,2060.0,16087.0
7997,22867.0,1913.0,851.0,8098.0
7998,5083.0,673.0,951.0,8097.0
7999,7014.0,558.0,906.0,8851.0
8000,12498.0,1550.0,772.0,2318.0
8001,23740.0,2810.0,3160.0,8621.0
8002,4661.0,455.0,544.0,3317.0
8003,2711.0,200.0,2945.0,5168.0
8004,3519.0,974.0,2161.0,8275.0
8005,2484.0,844.0,2467.0,3366.0
8006,4221.0,156.0,341.0,7750.0
8007,8230.0,786.0,2761.0,10257.0
8008,9725.0,833.0,2683.0,13046.0
8009,7544.0,1288.0,947.0,4780.0
8010,14563.0,1130.0,3578.0,12523.0
8011,7354.0,502.0,670.0,4677.0
8012,2949.0,588.0,1541.0,6752.0
8013,22296.0,1822.0,2378.0,7377.0
8014,3741.0,1212.0,489.0,13965.0
8015,5549.0,1187.0,1819.0,15083.0
8016,7392.0,2019.0,1944.0,4638.0
8017,7400.0,742.0,3503.0,9737.0
8018,5332.0,555.0,1119.0,10900.0
8019,6061.0,531.0,-0.0,9412.0
8020,9718.0,2163.0,4558.0,1053.0
8021,10793.0,1157.0,1673.0,7402.0
8022,2727.0,437.0,1452.0,6814.0
8023,5063.0,908.0,2348.0,5055.0
8024,916434.0,136623.0,46836.0,408589.0
8025,3967.0,940.0,1215.0,15679.0
8026,3085.0,585.0,1695.0,17778.0
8027,4806.0,308.0,2873.0,5133.0
8028,3419.0,1808.0,1563318.0,517988.0
8029,3160.0,347.0,2518.0,9572.0
8030,7459.0,880.0,2221.0,9799.0
8031,7126.0,780.0,2493.0,4383.0
8032,6498.0,1093.0,-0.0,2475.0
8033,2469.0,436.0,1524.0,4402.0
8034,5010.0,766.0,3898.0,16310.0
8035,20808.0,1874.0,1341.0,6238.0
8036,49109.0,16160.0,113049.0,107064.0
8037,38725.0,3339.0,6271.0,15398.0
8038,3620.0,238.0,1524.0,9405.0
8039,4257.0,655.0,861.0,-0.0
8040,4683.0,875.0,1338.0,8042.0
8041,4853.0,845.0,791.0,5393.0
8042,14004.0,305.0,2700.0,6342.0
8043,4443.0,308.0,2136.0,6055.0
8044,4536.0,1234.0,2074.0,6101.0
8045,14876.0,1725.0,2055.0,6690.0
8046,5405.0,1002.0,2392.0,5828.0
8047,3405.0,153.0,2867.0,5908.0
8048,65758.0,46411.0,51144.0,163678.0
8049,24236.0,2486.0,21054.0,10341.0
8050,3434.0,340.0,2008.0,11520.0
8051,62301.0,6070.0,7959.0,18905.0
8052,6146.0,1083.0,2502.0,2947.0
8053,2781.0,869.0,643.0,3256.0
8054,56456.0,5640.0,7873.0,17164.0
8055,9151.0,1301.0,6356.0,6005.0
8056,7378.0,766.0,2804.0,3744.0
8057,6116.0,779.0,647.0,6726.0
8058,2750.0,249.0,2455.0,4611.0
8059,7122.0,1460.0,2284.0,8360.0
8060,4278.0,1075.0,2134.0,13058.0
8061,2818.0,908.0,673.0,8177.0
8062,3800.0,934.0,2849.0,1119.0
8063,14724.0,3123.0,21.0,3820.0
8064,3640.0,207.0,1371.0,4384.0
8065,7148.0,734.0,3914.0,6748.0
8066,2632.0,737.0,1306.0,10425.0
8067,5678.0,366.0,1762.0,8030.0
8068,4687.0,492.0,1812.0,6044.0
8069,3602.0,294.0,1090.0,4967.0
8070,3043.0,576.0,1905.0,11200.0
8071,6577.0,848.0,1282.0,6648.0
8072,77482.0,7554.0,10643.0,69906.0
8073,2523.0,364.0,765.0,4979.0
8074,24604.0,2142.0,2569.0,7540.0
8075,4932.0,683.0,2158.0,8777.0
8076,2914.0,1273.0,2071.0,11312.0
8077,5014.0,706.0,1329.0,8675.0
8078,6917.0,675.0,557.0,4566.0
8079,2620.0,295.0,530.0,3819.0
8080,3919.0,418.0,2200.0,5714.0
8081,18328.0,773.0,2465.0,4776.0
8082,10217.0,805.0,2045.0,4952.0
8083,2798.0,518.0,1423.0,11006.0
8084,3380.0,331.0,1383.0,12451.0
8085,3941.0,663.0,1552.0,5974.0
8086,19222.0,1153.0,3012.0,8946.0
8087,4741.0,405.0,2338.0,10443.0
8088,7367.0,398.0,1179.0,6918.0
8089,7715.0,1157.0,2409.0,9914.0
8090,4209.0,1137.0,420.0,4301.0
8091,5375.0,1065.0,1383.0,5242.0
8092,8084.0,1229.0,734.0,5593.0
8093,6302.0,938.0,3906.0,10506.0
8094,4109.0,822.0,1633.0,13656.0
8095,3286.0,667.0,1507.0,-0.0
8096,8057.0,823.0,1360.0,7268.0
8097,4441.0,937.0,18.0,13672.0
8098,8263.0,2761.0,5085.0,8518.0
8099,12595.0,1496.0,2399.0,11697.0
8100,2753.0,417.0,1461.0,6197.0
8101,50594.0,4970.0,4978.0,9028.0
8102,4374.0,815.0,2414.0,4169.0
8103,117763.0,10068.0,110352.0,223179.0
8104,3170.0,103.0,1658.0,10482.0
8105,6473.0,919.0,1340.0,4546.0
8106,43571.0,3094.0,5829.0,10517.0
8107,25309.0,2158.0,2528.0,6284.0
8108,5317.0,1494.0,2766.0,5802.0
8109,171911.0,42863.0,403767.0,550078.0
8110,4974.0,870.0,860.0,10729.0
8111,2912.0,404.0,2538.0,4380.0
8112,3702.0,946.0,3199.0,7038.0
8113,12202.0,1063.0,2139.0,7224.0
8114,9120.0,1030.0,860.0,6700.0
8115,8393.0,1363.0,2333.0,5423.0
8116,4195.0,718.0,2656.0,4576.0
8117,6231.0,676.0,752.0,3975.0
8118,7955.0,559.0,1160.0,6015.0
8119,2553.0,391.0,796.0,10840.0
8120,4732.0,537.0,2032.0,9423.0
8121,5011.0,597.0,326.0,5180.0
8122,3098.0,456.0,3319.0,3607.0
8123,7194.0,1547.0,1123.0,8311.0
8124,7779.0,1224.0,1651.0,7490.0
8125,4520.0,1038.0,1878.0,5360.0
8126,15275.0,859.0,1903.0,6354.0
8127,9577.0,1549.0,1842.0,2222.0
8128,4245.0,1222.0,2069.0,2354.0
8129,3992.0,596.0,1247.0,4861.0
8130,4383.0,645.0,1927.0,11667.0
8131,7006.0,839.0,2247.0,7322.0
8132,3661.0,1044.0,414.0,9495.0
8133,25886.0,5328.0,36917.0,74528.0
8134,20078.0,1435.0,3262.0,3439.0
8135,4368.0,433.0,1708.0,14623.0
8136,3328.0,1398.0,2622.0,5744.0
8137,29916.0,3404.0,26837.0,24357.0
8138,3675.0,867.0,2888.0,7684.0
8139,15796.0,2049.0,1338.0,6591.0
8140,9778.0,1192.0,1721.0,9917.0
8141,13150.0,2049.0,1276.0,4323.0
8142,18195.0,1685.0,2239.0,6872.0
8143,18345.0,2216.0,942.0,9691.0
8144,7243.0,1071.0,2307.0,6069.0
8145,4439.0,335.0,1301.0,821.0
8146,17985.0,2035.0,1261.0,12474.0
8147,3441.0,561.0,331.0,7559.0
8148,4128.0,539.0,2522.0,1924.0
8149,4578.0,430.0,2580.0,5871.0
8150,7227.0,653.0,4566.0,11820.0
8151,39317.0,3065.0,3185.0,10414.0
8152,3043.0,644.0,1902.0,6284.0
8153,9418.0,830.0,1471.0,8230.0
8154,112272.0,15792.0,31347.0,21796.0
8155,3021.0,928.0,2370.0,7060.0
8156,51764.0,3182.0,2898.0,23645.0
8157,3891.0,886.0,1220.0,9814.0
8158,6042.0,1118.0,2148.0,11007.0
8159,2501.0,922.0,1079.0,3619.0
8160,27338.0,2007.0,30116.0,32514.0
8161,3893.0,1213.0,2551.0,6341.0
8162,2514.0,359.0,757.0,3692.0
8163,2522.0,827.0,248.0,7867.0
8164,5164.0,879.0,2445.0,5697.0
8165,4107.0,1050.0,2304.0,10099.0
8166,6693.0,352.0,2560.0,4935.0
8167,4859.0,1001.0,2359.0,7887.0
8168,10012.0,1920.0,2607.0,3619.0
8169,2519.0,664.0,3158.0,6770.0
8170,2861.0,344.0,1926.0,5983.0
8171,7541.0,558.0,1889.0,3901.0
8172,2550.0,767.0,2137.0,883.0
8173,9769.0,650.0,-0.0,1029.0
8174,4183.0,302.0,1870.0,9116.0
8175,10597.0,4107.0,4241.0,8341.0
8176,6445.0,1460.0,1080.0,5959.0
8177,210127.0,24048.0,10814.0,52283.0
8178,4438.0,915.0,2193.0,6808.0
8179,7167.0,584.0,1780.0,6871.0
8180,3705.0,315.0,-0.0,9045.0
8181,4726.0,978.0,2261.0,7093.0
8182,4558.0,966.0,1861.0,6136.0
8183,30058.0,1657.0,2835.0,6602.0
8184,6004.0,1547.0,1461.0,9166.0
8185,3320.0,770.0,2088.0,8063.0
8186,8693.0,1748.0,510.0,2300.0
8187,6233.0,3127.0,8384.0,15778.0
8188,9190.0,671.0,1413.0,4282.0
8189,54353.0,3224.0,2614.0,18136.0
8190,20809.0,1750.0,1249.0,13558.0
8191,7557.0,796.0,1095.0,2480.0
8192,2619.0,1099.0,1862.0,11291.0
8193,5368.0,678.0,-0.0,2008.0
8194,11918.0,1160.0,1811.0,4384.0
8195,9625.0,865.0,2414.0,3551.0
8196,7748.0,753.0,349.0,4708.0
8197,3353.0,574.0,857.0,6966.0
8198,2963.0,1256.0,1369.0,1934.0
8199,15393.0,1985.0,952.0,9045.0
8200,2543.0,137.0,2082.0,4545.0
8201,7887.0,1259.0,1645.0,7080.0
8202,8548.0,611.0,3027.0,9168.0
8203,42066.0,3899.0,2699.0,11360.0
8204,3774.0,1061.0,2999.0,4110.0
8205,2802.0,537.0,1192.0,3982.0
8206,3782.0,31.0,3434.0,11613.0
8207,8096.0,958.0,678.0,3879.0
8208,12211.0,1407.0,2172.0,2051.0
8209,7422.0,941.0,2915.0,6746.0
8210,4137.0,882.0,1916.0,9339.0
8211,16012.0,799.0,1868.0,7157.0
8212,4250.0,822.0,1035.0,11050.0
8213,6266.0,1167.0,3249.0,6345.0
8214,4984.0,1102.0,3566.0,3239.0
8215,15536.0,1404.0,3118.0,13164.0
8216,7029.0,677.0,1702.0,5467.0
8217,5499.0,1026.0,1963.0,1429.0
8218,25952.0,1670.0,2294.0,14376.0
8219,5408.0,1289.0,1966.0,4050.0
8220,5790.0,657.0,2722.0,7637.0
8221,4858.0,884.0,777.0,-0.0
8222,11313.0,515.0,1947.0,9411.0
8223,3948.0,886.0,315.0,9700.0
8224,5193.0,252.0,2067.0,8012.0
8225,12732.0,640.0,2578.0,9738.0
8226,3210.0,489.0,1671.0,9444.0
8227,3386.0,703.0,355.0,10066.0
8228,5887.0,1079.0,2062.0,9886.0
8229,3252.0,292.0,2735.0,3315.0
8230,17338.0,1711.0,2219.0,8415.0
8231,30695.0,1512.0,680.0,9908.0
8232,8812.0,1207.0,2209.0,6501.0
8233,4951.0,1288.0,3239.0,7771.0
8234,20728.0,1082.0,1920.0,4699.0
8235,6153.0,749.0,961.0,7135.0
8236,3698.0,463.0,1238.0,9959.0
8237,28707.0,1944.0,2793.0,14008.0
8238,4989.0,212.0,1923.0,9938.0
8239,11232.0,1675.0,2895.0,8919.0
8240,23670.0,994.0,2699.0,7829.0
8241,37669.0,2588.0,1665.0,7190.0
8242,7385.0,422.0,1510.0,2153.0
8243,32035.0,2668.0,2648.0,10038.0
8244,12933.0,3836.0,2885.0,11238.0
8245,2536.0,1046.0,1227.0,10730.0
8246,3936.0,679.0,887.0,6544.0
8247,4066.0,384.0,2047.0,6745.0
8248,3642.0,201.0,-0.0,2773.0
8249,4026.0,482.0,2715.0,9607.0
8250,7853.0,881.0,2317.0,9060.0
8251,14686.0,1427.0,764.0,16534.0
8252,5198.0,1479.0,1999.0,2322.0
8253,9512.0,281.0,1619.0,6155.0
8254,4444.0,41.0,1387.0,-0.0
8255,2829.0,1285.0,2246.0,13357.0
8256,19948.0,1424.0,366.0,13916.0
8257,28984.0,2210.0,2348.0,8493.0
8258,5119.0,741.0,2518.0,7352.0
8259,4709.0,828.0,3528.0,6143.0
8260,4686.0,365.0,1179.0,18070.0
8261,7198.0,585.0,586.0,4592.0
8262,51542.0,3299.0,3218.0,9793.0
8263,15105.0,1493.0,844.0,5325.0
8264,24057.0,1850.0,3064.0,5419.0
8265,7176.0,488.0,929.0,8567.0
8266,3968.0,607.0,2495.0,8264.0
8267,9040.0,870.0,1276.0,4051.0
8268,5477.0,826.0,4687.0,4072.0
8269,4473.0,718.0,2948.0,6318.0
8270,10910.0,1053.0,1150.0,7914.0
8271,10577.0,1500.0,1438.0,2878.0
8272,3315.0,554.0,2402.0,6519.0
8273,13197.0,1082.0,4437.0,11525.0
8274,21989.0,2479.0,16142.0,35898.0
8275,5186.0,228.0,2887.0,4189.0
8276,2845.0,482.0,-0.0,6020.0
8277,7216.0,468.0,2594.0,6215.0
8278,9317.0,965.0,544.0,9426.0
8279,13423.0,863.0,2304.0,15622.0
8280,3706.0,589.0,1707.0,14575.0
8281,24057.0,1139.0,1570.0,9693.0
8282,4454.0,225.0,2924.0,9640.0
8283,7078.0,419.0,1160.0,9134.0
8284,5579.0,525.0,1439.0,11324.0
8285,5438.0,828.0,376.0,2568.0
8286,5482.0,552.0,5472.0,12385.0
8287,9161.0,1274.0,927.0,2784.0
8288,6049.0,750.0,1774.0,1956.0
8289,10529.0,1233.0,1286.0,12614.0
8290,3947.0,831.0,1449.0,8844.0
8291,16335.0,1287.0,602.0,18367.0
8292,4002.0,749.0,1285.0,10097.0
8293,11776.0,1460.0,1461.0,10491.0
8294,22442.0,2938.0,1701.0,6874.0
8295,7070.0,1132.0,1901.0,8973.0
8296,10594.0,1471.0,2383.0,11149.0
8297,6128.0,2482.0,2084.0,4130.0
8298,5955.0,912.0,691.0,6062.0
8299,6961.0,703.0,2687.0,14470.0
8300,4753.0,677.0,1825.0,11149.0
8301,3847.0,245.0,1744.0,10460.0
8302,4466.0,517.0,1916.0,10878.0
8303,27771.0,3520.0,35712.0,73551.0
8304,2552.0,774.0,784.0,3472.0
8305,24929.0,5542.0,4565.0,6496.0
8306,8701.0,726.0,2378.0,10720.0
8307,17113.0,1342.0,748.0,7547.0
8308,4651.0,976.0,1787.0,10518.0
8309,6182.0,762.0,2198.0,7526.0
8310,3950.0,554.0,2074.0,8113.0
8311,16489.0,1234.0,1084.0,6464.0
8312,4681.0,527.0,2687.0,3140.0
8313,2551.0,823.0,771.0,2386.0
8314,53309.0,4607.0,5802.0,18127.0
8315,3896.0,760.0,671.0,5451.0
8316,2461.0,685.0,1284.0,8169.0
8317,8044.0,558.0,3536.0,14611.0
8318,40423.0,3586.0,2579.0,13670.0
8319,4075.0,1167.0,1178.0,7963.0
8320,2960.0,581.0,1614.0,4624.0
8321,7214.0,2129.0,2574.0,3039.0
8322,5841.0,1207.0,4007.0,6219.0
8323,6598.0,1054.0,3204.0,8728.0
8324,4899.0,787.0,3375.0,4396.0
8325,4490.0,1336.0,3479.0,6672.0
8326,14185.0,766.0,3362.0,9110.0
8327,2530.0,865.0,2669.0,7060.0
8328,7252.0,685.0,1684.0,8317.0
8329,5722.0,685.0,1611.0,3442.0
8330,5239.0,633.0,1232.0,11682.0
8331,7674.0,2230.0,3640.0,17260.0
8332,8228.0,933.0,842.0,9457.0
8333,8937.0,908.0,1390.0,3601.0
8334,25940.0,1711.0,1400.0,9315.0
8335,3910.0,206.0,2966.0,4683.0
8336,6107.0,1001.0,1647.0,6814.0
8337,4858.0,577.0,1148.0,7348.0
8338,8528.0,1374.0,2307.0,4685.0
8339,2629.0,236.0,580.0,10958.0
8340,24408.0,6075.0,5031.0,17906.0
8341,10318.0,1260.0,1596.0,8089.0
8342,4357.0,773.0,2876.0,12147.0
8343,2645.0,539.0,1138.0,1851.0
8344,12227.0,3250.0,2260.0,21064.0
8345,6700.0,628.0,4878.0,6084.0
8346,3084.0,307.0,1094.0,15930.0
8347,4724.0,948.0,1192.0,5821.0
8348,7365.0,984.0,2125.0,4361.0
8349,4209.0,865.0,4152.0,6246.0
8350,3865.0,785.0,1459.0,4555.0
8351,26347.0,2002.0,4021.0,13170.0
8352,2687.0,823.0,2057.0,9429.0
8353,8005.0,1267.0,1906.0,7921.0
8354,2763.0,985.0,239.0,3960.0
8355,7404.0,1310.0,1922.0,13566.0
8356,7044.0,1661.0,1788.0,11330.0
8357,4866.0,329.0,2750.0,11410.0
8358,42604.0,4411.0,2890.0,12630.0
8359,2469.0,241.0,1800.0,7227.0
8360,5549.0,305.0,1615.0,14009.0
8361,7366.0,549.0,1358.0,7185.0
8362,8302.0,750.0,1279.0,4181.0
8363,4306.0,636.0,2777.0,855.0
8364,6034.0,909.0,2916.0,7526.0
8365,16369.0,1115.0,2395.0,4801.0
8366,5920.0,596.0,3373.0,10457.0
8367,36223.0,1360.0,3830.0,6636.0
8368,6004.0,1127.0,1052.0,8504.0
8369,4580.0,558.0,1844.0,905.0
8370,10028.0,590.0,2435.0,9457.0
8371,38267.0,3873.0,638.0,12631.0
8372,5426.0,828.0,1218.0,2715.0
8373,4063.0,2331.0,2478.0,5602.0
8374,4812.0,848.0,1675.0,6357.0
8375,3479.0,517.0,3505.0,12627.0
8376,4376.0,809.0,1478.0,6551.0
8377,13132.0,755.0,1365.0,6957.0
8378,9151.0,901.0,1188.0,6882.0
8379,6790.0,526.0,1107.0,8624.0
8380,6955.0,1276.0,2225.0,5141.0
8381,2472.0,435.0,1960.0,6359.0
8382,3173.0,299.0,1640.0,4065.0
8383,4499.0,679.0,1442.0,7109.0
8384,18741.0,1954.0,1930.0,1982.0
8385,4462.0,2381.0,2378.0,14148.0
8386,7874.0,459.0,3223.0,10877.0
8387,3896.0,547.0,873.0,4301.0
8388,3933.0,706.0,1405.0,5716.0
8389,3108.0,603.0,1472.0,8849.0
8390,5963.0,489.0,3382.0,3965.0
8391,4504.0,531.0,1530.0,8776.0
8392,19072.0,2364.0,1538.0,10106.0
8393,15731.0,798.0,1967.0,6391.0
8394,50596.0,3448.0,2063.0,15213.0
8395,4079.0,254.0,432.0,13358.0
8396,3793.0,260.0,1294.0,7916.0
8397,5030.0,805.0,3039.0,6038.0
8398,7736.0,1202.0,3160.0,11778.0
8399,3789.0,321.0,1472.0,5660.0
8400,28467.0,2151.0,2697.0,8833.0
8401,4310.0,502.0,1521.0,6265.0
8402,22253.0,2517.0,2460.0,11487.0
8403,3217.0,69.0,1667.0,8515.0
8404,7117.0,992.0,1879.0,7956.0
8405,5796.0,710.0,2062.0,13817.0
8406,23746.0,1710.0,2886.0,5033.0
8407,7770.0,2919.0,2194.0,9287.0
8408,6922.0,1302.0,1012.0,6626.0
8409,5883.0,632.0,1863.0,7167.0
8410,19909.0,1397.0,2076.0,3624.0
8411,4593.0,497.0,562.0,9831.0
8412,2751.0,820.0,1923.0,1642.0
8413,5611.0,783.0,1880.0,5766.0
8414,4573.0,477.0,2224.0,11465.0
8415,4084.0,772.0,1148.0,1020.0
8416,3747.0,730.0,3212.0,7350.0
8417,2712.0,1375.0,1246.0,12313.0
8418,7525.0,683.0,3319.0,12694.0
8419,37297.0,2211.0,3486.0,8531.0
8420,2934.0,315.0,858.0,5659.0
8421,4347.0,1330.0,3314.0,7732.0
8422,18498.0,2478.0,1678.0,5206.0
8423,4579.0,876.0,3032.0,6192.0
8424,3511.0,521.0,1739.0,3753.0
8425,12505.0,646.0,2186.0,13472.0
8426,34283.0,3332.0,34948.0,16198.0
8427,6983.0,1128.0,1316.0,5035.0
8428,3172.0,118.0,2504.0,5668.0
8429,2553.0,626.0,2645.0,2691.0
8430,3179.0,521.0,1737.0,1017.0
8431,17435.0,1209.0,494.0,4909.0
8432,58351.0,5318.0,3353.0,6318.0
8433,3326.0,304.0,2711.0,13520.0
8434,6071.0,674.0,2589.0,6308.0
8435,2691.0,136.0,1775.0,9629.0
8436,8147.0,1536.0,1357.0,6394.0
8437,10526.0,1362.0,536.0,7377.0
8438,16472.0,2163.0,872.0,5469.0
8439,4440.0,318.0,-0.0,7557.0
8440,6704.0,338.0,1458.0,9743.0
8441,5285.0,1164.0,1713.0,7958.0
8442,6380.0,1210.0,2813.0,10539.0
8443,7615.0,951.0,129.0,4529.0
8444,12692.0,897.0,1190.0,14516.0
8445,7828.0,430.0,2266.0,1369.0
8446,4391.0,1066.0,2402.0,4107.0
8447,2776.0,635.0,998.0,4404.0
8448,4530.0,933.0,1448.0,7110.0
8449,6938.0,496.0,963.0,10630.0
8450,6352.0,501.0,1754.0,6463.0
8451,2860.0,415.0,2244.0,10734.0
8452,8980.0,694.0,1074.0,4053.0
8453,3926.0,157.0,1775.0,4555.0
8454,8168.0,719.0,2554.0,10742.0
8455,9610.0,1307.0,1846.0,9257.0
8456,7507.0,748.0,465.0,4764.0
8457,10977.0,862.0,3104.0,2084.0
8458,32494.0,3838.0,2862.0,10506.0
8459,12834.0,940.0,1939.0,15268.0
8460,2882.0,220.0,3248.0,10396.0
8461,11567.0,1265.0,1967.0,3709.0
8462,4653.0,929.0,1951.0,12371.0
8463,5876.0,741.0,1183.0,11829.0
8464,5807.0,249.0,1030.0,14074.0
8465,10432.0,608.0,2845.0,7872.0
8466,7155.0,505.0,1073.0,13377.0
8467,33196.0,3052.0,2189.0,7126.0
8468,17831.0,1868.0,2172.0,4143.0
8469,2549.0,383.0,1006.0,5376.0
8470,18411.0,1887.0,1367.0,10203.0
8471,19362.0,1012.0,1560.0,5233.0
8472,7015.0,1029.0,1683.0,13754.0
8473,42309.0,4700.0,3284.0,7761.0
8474,11611.0,861.0,684.0,14563.0
8475,5876.0,917.0,2934.0,2106.0
8476,7328.0,881.0,1027.0,8208.0
8477,5080.0,920.0,2205.0,5474.0
8478,23362.0,2350.0,1130.0,15282.0
8479,14452.0,2200.0,3199.0,7197.0
8480,10827.0,915.0,3693.0,6651.0
8481,7177.0,694.0,953.0,6877.0
8482,5198.0,1665.0,2544.0,8808.0
8483,25776.0,9057.0,17516.0,27244.0
8484,2570.0,1389.0,158510.0,457696.0
8485,4696.0,1007.0,2788.0,7419.0
8486,3866.0,553.0,1972.0,6681.0
8487,4887.0,438.0,842.0,5326.0
8488,3540.0,177.0,2350.0,8504.0
8489,16734.0,1888.0,2033.0,5226.0
8490,3677.0,874.0,1723.0,11952.0
8491,5451.0,1134.0,3278.0,11203.0
8492,4503.0,210.0,2098.0,8805.0
8493,3827.0,840.0,1780.0,6722.0
8494,4631.0,250.0,297.0,8183.0
8495,3463.0,438.0,2268.0,8048.0
8496,4142.0,487.0,3533.0,9017.0
8497,6408.0,1540.0,6198.0,13344.0
8498,7695.0,667.0,285.0,8026.0
8499,4318.0,788.0,1190.0,6005.0
8500,2881.0,498.0,1672.0,5234.0
8501,20672.0,1699.0,1411.0,11969.0
8502,2574.0,465.0,3584.0,2560.0
8503,58002.0,5981.0,3445.0,13518.0
8504,2990.0,128.0,1174.0,5669.0
8505,10320.0,648.0,1364.0,10851.0
8506,16034.0,2398.0,1887.0,17584.0
8507,5024.0,284.0,2518.0,10596.0
8508,3817.0,738.0,2023.0,8850.0
8509,4882.0,644.0,984.0,11324.0
8510,2857.0,154.0,3167.0,9958.0
8511,2499.0,386.0,2050.0,5815.0
8512,7204.0,465.0,1829.0,10185.0
8513,2588.0,485.0,1493.0,6542.0
8514,18894.0,1095.0,1556.0,11087.0
8515,12171.0,1348.0,2320.0,3218.0
8516,4665.0,581.0,1331.0,7821.0
8517,6584.0,1833.0,1162.0,9806.0
8518,10403.0,723.0,-0.0,3642.0
8519,4778.0,866.0,2298.0,11594.0
8520,12588.0,1929.0,324.0,6814.0
8521,14971.0,1167.0,632.0,5408.0
8522,5948.0,566.0,3819.0,6362.0
8523,7181.0,1488.0,2392.0,10866.0
8524,4316.0,726.0,1776.0,2054.0
8525,8047.0,1358.0,1251.0,2902.0
8526,15972.0,1625.0,2505.0,6629.0
8527,2712.0,188.0,1713.0,5083.0
8528,3858.0,1000.0,1078.0,5595.0
8529,4266.0,1785.0,4102.0,21785.0
8530,12032.0,1202.0,936.0,2132.0
8531,7494.0,335.0,1054.0,7898.0
8532,15122.0,975.0,1974.0,9177.0
8533,3627.0,669.0,385.0,4863.0
8534,24229.0,2172.0,1571.0,8946.0
8535,7504.0,835.0,1049.0,7431.0
8536,3754.0,530.0,1441.0,6542.0
8537,21150.0,1626.0,53855.0,57322.0
8538,53665.0,9699.0,12201.0,20302.0
8539,6001.0,1240.0,2400.0,7626.0
8540,9910.0,1569.0,2368.0,7667.0
8541,14734.0,1892.0,2629.0,7610.0
8542,22853.0,1793.0,3517.0,8448.0
8543,18493.0,1384.0,2793.0,4079.0
8544,5871.0,909.0,3002.0,7103.0
8545,3758.0,763.0,1584.0,9568.0
8546,3938.0,700.0,1134.0,460.0
8547,3476.0,832.0,3644.0,6138.0
8548,79184.0,7599.0,4169.0,25453.0
8549,13115.0,1525.0,1741.0,12264.0
8550,6958.0,588.0,1768.0,734.0
8551,5041.0,1800.0,2518.0,9374.0
8552,5324.0,991.0,1362.0,-0.0
8553,5897.0,915.0,1116.0,2004.0
8554,25287.0,1780.0,2805.0,4854.0
8555,5460.0,890.0,1601.0,8855.0
8556,2696.0,1035.0,2306.0,8416.0
8557,136103.0,11578.0,4560.0,11927.0
8558,11943.0,667.0,2076.0,8238.0
8559,4264.0,120.0,1072.0,5418.0
8560,4928.0,1080.0,3108.0,5199.0
8561,2928.0,446.0,2443.0,4027.0
8562,43367.0,3411.0,13762.0,11580.0
8563,4520.0,366.0,3137.0,4691.0
8564,5725.0,292.0,2911.0,13575.0
8565,5407.0,1064.0,3614.0,7022.0
8566,8240.0,1100.0,1966.0,671.0
8567,12399.0,1797.0,1841.0,5724.0
8568,3916.0,88.0,1343.0,3983.0
8569,5251.0,961.0,2117.0,5943.0
8570,34901.0,6390.0,49089.0,38509.0
8571,5361.0,1048.0,2418.0,5667.0
8572,5482.0,1204.0,1474.0,12389.0
8573,4153.0,136.0,1943.0,14299.0
8574,4039.0,372.0,1049.0,373.0
8575,3420.0,864.0,1533.0,1264.0
8576,98750.0,21384.0,1511496.0,264350.0
8577,3231.0,406.0,2756.0,8033.0
8578,13645.0,3224.0,1659.0,10266.0
8579,30830.0,2476.0,1468.0,5741.0
8580,3255.0,347.0,1439.0,9993.0
8581,7197.0,357.0,2452.0,5361.0
8582,9945.0,1636.0,2726.0,11285.0
8583,5538.0,1334.0,2831.0,10602.0
8584,3255.0,365.0,1827.0,14255.0
8585,8129.0,316.0,2080.0,9749.0
8586,6965.0,1066.0,967.0,11121.0
8587,13205.0,1400.0,1996.0,3745.0
8588,3339.0,708.0,2834.0,1453.0
8589,14045.0,1011.0,2553.0,11934.0
8590,5572.0,1207.0,185.0,1904.0
8591,22139.0,776.0,3422.0,15485.0
8592,4217.0,721.0,8.0,8241.0
8593,17908.0,2553.0,1447.0,4924.0
8594,4346.0,352.0,2706.0,7971.0
8595,4531.0,648.0,1963.0,9217.0
8596,4352.0,443.0,2872.0,4181.0
8597,3669.0,933.0,2200.0,10469.0
8598,4151.0,784.0,2539.0,9792.0
8599,7974.0,997.0,3585.0,14115.0
8600,103469.0,9438.0,66788.0,83164.0
8601,19391.0,2985.0,2264.0,8345.0
8602,44867.0,2614.0,7080.0,7914.0
8603,17587.0,949.0,831.0,13128.0
8604,3091.0,268.0,3270.0,9814.0
8605,3139.0,732.0,8243.0,4688.0
8606,20918.0,1191.0,2551.0,9261.0
8607,4826.0,405.0,1850.0,12432.0
8608,4128.0,742.0,2028.0,7834.0
8609,18679.0,1226.0,2062.0,6350.0
8610,25676.0,1992.0,4031.0,7072.0
8611,2550.0,465.0,715.0,9633.0
8612,4623.0,614.0,806.0,3767.0
8613,5360.0,740.0,681.0,2549.0
8614,7762.0,314.0,3141.0,11721.0
8615,3829.0,407.0,2983.0,12598.0
8616,4583.0,780.0,1732.0,11295.0
8617,6028.0,700.0,1343.0,11223.0
8618,6216.0,432.0,2269.0,5274.0
8619,3151.0,882.0,1286.0,7823.0
8620,5902.0,1050.0,1787.0,13205.0
8621,3272.0,681.0,2396.0,9634.0
8622,9223.0,767.0,869.0,4161.0
8623,4973.0,703.0,1457.0,-0.0
8624,21770.0,1111.0,1914.0,2109.0
8625,4745.0,1185.0,3039.0,4701.0
8626,14205.0,1086.0,2798.0,12293.0
8627,4675.0,1418.0,1979.0,8610.0
8628,2542.0,494.0,1224.0,2308.0
8629,3660.0,379.0,2008.0,6343.0
8630,7267.0,404.0,748.0,5947.0
8631,3681.0,1055.0,1951.0,9956.0
8632,10162.0,858.0,2403.0,2633.0
8633,3952.0,165.0,574.0,13105.0
8634,19089.0,2177.0,6066.0,11083.0
8635,6272.0,421.0,1152.0,-0.0
8636,3334.0,580.0,831.0,7579.0
8637,6785.0,185.0,1095.0,2846.0
8638,46345.0,3379.0,2757.0,6389.0
8639,5676.0,268.0,1462.0,9192.0
8640,3813.0,1049.0,1940.0,2522.0
8641,5898.0,1434.0,3157.0,9585.0
8642,5558.0,1210.0,-0.0,-0.0
8643,21121.0,1795.0,2354.0,4522.0
8644,3996.0,928.0,4153.0,9412.0
8645,3840.0,466.0,3794.0,12439.0
8646,31656.0,2191.0,2871.0,11105.0
8647,5055.0,1373.0,2356.0,7603.0
8648,8066.0,1812.0,1747.0,8739.0
8649,7140.0,528.0,366.0,4318.0
8650,8287.0,542.0,1476.0,10488.0
8651,5337.0,1474.0,1001.0,7966.0
8652,4018.0,1457.0,464.0,-0.0
8653,36867.0,11566.0,5338.0,23453.0
8654,8872.0,2493.0,2328.0,6512.0
8655,13096.0,480.0,2559.0,1002.0
8656,28970.0,4737.0,10451.0,24122.0
8657,2637.0,766.0,2826.0,7922.0
8658,8347.0,1132.0,1028.0,2547.0
8659,10177.0,1421.0,2952.0,10011.0
8660,25830.0,1294.0,2078.0,12492.0
8661,19261.0,1800.0,1861.0,6805.0
8662,8832.0,1002.0,1292.0,6164.0
8663,4133.0,1115.0,1843.0,9974.0
8664,8524.0,674.0,312.0,-0.0
8665,6391.0,598.0,2451.0,9447.0
8666,3396.0,889.0,-0.0,741.0
8667,13704.0,1371.0,1162.0,10151.0
8668,4589.0,571.0,1559.0,7458.0
8669,2570.0,1092.0,1750.0,7637.0
8670,7231.0,1258.0,1067.0,4202.0
8671,4106.0,51.0,421.0,8819.0
8672,4709.0,129.0,546.0,10851.0
8673,6141.0,602.0,1344.0,3279.0
8674,4410.0,1104.0,2357.0,6485.0
8675,2696.0,809.0,2301.0,8209.0
8676,4520.0,494.0,2198.0,5747.0
8677,2654.0,375.0,6233.0,11951.0
8678,27015.0,4116.0,4386.0,14920.0
8679,7878.0,872.0,3044.0,3548.0
8680,4659.0,1034.0,2367.0,7969.0
8681,3211.0,1067.0,4567.0,8810.0
8682,4412.0,1119.0,746.0,8556.0
8683,5706.0,321.0,3210.0,13556.0
8684,4913.0,1564.0,3332.0,16004.0
8685,5397.0,548.0,3306.0,3902.0
8686,49710.0,3362.0,2464.0,11314.0
8687,5722.0,648.0,118.0,4163.0
8688,3670.0,395.0,1382.0,5883.0
8689,4787.0,594.0,1049.0,8604.0
8690,4824.0,775.0,116.0,8547.0
8691,88668.0,7345.0,2821.0,10882.0
8692,24623.0,1471.0,3492.0,11397.0
8693,31486.0,7559.0,136262.0,125033.0
8694,12914.0,810.0,681.0,5832.0
8695,4410.0,616.0,3086.0,9577.0
8696,2607.0,685.0,-0.0,3502.0
8697,12992.0,1033.0,2372.0,5526.0
8698,145520.0,61248.0,18482.0,157306.0
8699,10786.0,1140.0,1106.0,2826.0
8700,4162.0,1004.0,987.0,11258.0
8701,2953.0,488.0,826.0,7392.0
8702,18980.0,3084.0,23904.0,43377.0
8703,6435.0,515.0,439.0,2759.0
8704,7479.0,670.0,1801.0,7406.0
8705,3039.0,319.0,1962.0,9661.0
8706,4360.0,520.0,1164.0,9110.0
8707,4117.0,620.0,1733.0,9546.0
8708,2935.0,917.0,2223.0,7011.0
8709,3117.0,248.0,-0.0,9833.0
8710,45995.0,3850.0,1951.0,14559.0
8711,7101.0,1347.0,3145.0,7095.0
8712,5597.0,1117.0,1468.0,4502.0
8713,2561.0,176.0,1135.0,2795.0
8714,8637.0,1070.0,1872.0,11156.0
8715,4393.0,414.0,722.0,1301.0
8716,12519.0,842.0,1180.0,5841.0
8717,3988.0,787.0,760.0,5938.0
8718,3108.0,776.0,1358.0,4567.0
8719,8803.0,689.0,4505.0,6095.0
8720,4951.0,647.0,1460.0,9967.0
8721,4872.0,863.0,484.0,10223.0
8722,6214.0,643.0,2337.0,4284.0
8723,3150.0,1418.0,83.0,3896.0
8724,2514.0,593.0,2106.0,3684.0
8725,47392.0,4456.0,725.0,11547.0
8726,2459.0,421.0,401.0,4041.0
8727,3243.0,535.0,885.0,6472.0
8728,15749.0,1771.0,1826.0,13386.0
8729,12339.0,1160.0,998.0,8462.0
8730,5326.0,460.0,2990.0,16224.0
8731,3837.0,45.0,1726.0,9931.0
8732,20192.0,2346.0,1560.0,3145.0
8733,4143.0,1147.0,3775.0,14656.0
8734,4318.0,464.0,1954.0,9947.0
8735,4841.0,235.0,-0.0,1797.0
8736,34347.0,4257.0,2875.0,14705.0
8737,5005.0,1293.0,1605.0,4447.0
8738,3096.0,282.0,28.0,11443.0
8739,3862.0,1116.0,2531.0,9456.0
8740,26315.0,1909.0,4496.0,7182.0
8741,4361.0,518.0,2954.0,7829.0
8742,2687.0,135.0,325.0,5878.0
8743,394271.0,74622.0,84804.0,251885.0
8744,7245.0,1129.0,3297.0,7880.0
8745,3666.0,778.0,1454.0,7665.0
8746,11421.0,1294.0,1116.0,11329.0
8747,4850.0,619.0,1223.0,9288.0
8748,2635.0,300.0,2195.0,6252.0
8749,2540.0,414.0,-0.0,3995.0
8750,6071.0,1870.0,2256.0,6995.0
8751,9461.0,2040.0,2248.0,8587.0
8752,8375.0,1082.0,2377.0,8899.0
8753,3881.0,938.0,2691.0,5476.0
8754,18330.0,1883.0,2242.0,9178.0
8755,3840.0,733.0,1768.0,8445.0
8756,37221.0,3183.0,5025.0,12792.0
8757,4989.0,775.0,1584.0,17386.0
8758,6017.0,608.0,1417.0,9220.0
8759,6492.0,441.0,941.0,7018.0
8760,7029.0,733.0,1900.0,6387.0
8761,4062.0,762.0,-0.0,6524.0
8762,3445.0,470.0,1183.0,11005.0
8763,9226.0,839.0,721.0,3150.0
8764,7957.0,1962.0,1456.0,4942.0
8765,3592.0,429.0,2018.0,7749.0
8766,33774.0,2458.0,831.0,3470.0
8767,5259.0,383.0,2517.0,7469.0
8768,5662.0,257.0,2530.0,12034.0
8769,21099.0,1806.0,2053.0,6131.0
8770,16264.0,1128.0,1851.0,2898.0
8771,22795.0,2120.0,843.0,10499.0
8772,4246.0,689.0,2825.0,11957.0
8773,7407.0,1117.0,2515.0,7939.0
8774,4802.0,816.0,1735.0,3701.0
8775,24489.0,16815.0,30251.0,54104.0
8776,4373.0,494.0,678.0,-0.0
8777,5904.0,612.0,1607.0,5109.0
8778,13900.0,850.0,2270.0,3637.0
8779,4371.0,587.0,179.0,405.0
8780,2680.0,331.0,1523.0,7384.0
8781,29912.0,1949.0,3173.0,11175.0
8782,15652.0,1330.0,2989.0,8049.0
8783,28060.0,2352.0,2446.0,5013.0
8784,59172.0,6126.0,2878.0,10631.0
8785,3686.0,377.0,1208.0,11239.0
8786,25709.0,2439.0,2004.0,7493.0
8787,6441.0,701.0,2911.0,8420.0
8788,2574.0,601.0,1474.0,5055.0
8789,37549.0,3391.0,4181.0,8286.0
8790,21506.0,2249.0,1596.0,6242.0
8791,4701.0,1388.0,1708.0,6279.0
8792,31077.0,2061.0,2555.0,14339.0
8793,27354.0,2460.0,2996.0,7101.0
8794,4927.0,215.0,2342.0,8217.0
8795,3459.0,399.0,1696.0,8989.0
8796,32598.0,3333.0,3972.0,4141.0
8797,9415.0,963.0,3230.0,4705.0
8798,3914.0,541.0,518.0,7787.0
8799,4895.0,404.0,3428.0,7113.0
8800,4182.0,393.0,178.0,12821.0
8801,3520.0,517.0,1279.0,5669.0
8802,25387.0,3454.0,1337.0,12586.0
8803,9933.0,1393.0,3530.0,5531.0
8804,6578.0,731.0,2463.0,7635.0
8805,10377.0,1736.0,2606.0,6417.0
8806,7598.0,973.0,1434.0,11261.0
8807,7760.0,943.0,2937.0,3326.0
8808,2473.0,1042.0,-0.0,2471.0
8809,33194.0,2167.0,3297.0,10179.0
8810,8979.0,726.0,2365.0,6852.0
8811,3091.0,514.0,8040.0,4272.0
8812,19157.0,568.0,3082.0,11220.0
8813,3918.0,686.0,761.0,7413.0
8814,12911.0,1156.0,2674.0,2901.0
8815,8787.0,979.0,1344.0,3520.0
8816,4894.0,1779.0,1898.0,6465.0
8817,5716.0,500.0,1647.0,3171.0
8818,9048.0,1097.0,1709.0,5115.0
8819,275171.0,52127.0,25293.0,182267.0
8820,4151.0,953.0,1535.0,2355.0
8821,2794.0,821.0,1353.0,11183.0
8822,3051.0,793.0,2343.0,6469.0
8823,24182.0,1402.0,851.0,6499.0
8824,6868.0,1111.0,2285.0,9936.0
8825,5222.0,701.0,2316.0,6672.0
8826,4061.0,693.0,2868.0,2448.0
8827,10972.0,1005.0,2084.0,10478.0
8828,5609.0,370.0,3427.0,8953.0
8829,2675.0,606.0,1420.0,5242.0
8830,4654.0,427.0,1479.0,2607.0
8831,13354.0,1524.0,2140.0,16402.0
8832,4802.0,1733.0,638.0,-0.0
8833,31669.0,6700.0,3770.0,8344.0
8834,3698.0,561.0,429.0,7193.0
8835,3817.0,574.0,853.0,4328.0
8836,7760.0,916.0,2946.0,9035.0
8837,13773.0,1631.0,1341.0,5346.0
8838,22020.0,1587.0,3282.0,12041.0
8839,28680.0,3638.0,15158.0,51816.0
8840,33821.0,2493.0,9274.0,14546.0
8841,6742.0,577.0,1536.0,9332.0
8842,5996.0,754.0,709.0,4474.0
8843,27922.0,1587.0,2109.0,4008.0
8844,4575.0,792.0,2067.0,13472.0
8845,32843.0,3231.0,3162.0,11169.0
8846,23216.0,1454.0,4208.0,8388.0
8847,2464.0,587.0,-0.0,810.0
8848,21038.0,1335.0,2597.0,8074.0
8849,12111.0,1440.0,1178.0,13743.0
8850,4989.0,411.0,2658.0,4310.0
8851,11640.0,1152.0,2125.0,11331.0
8852,2925.0,1129.0,1608.0,10957.0
8853,3894.0,324.0,2639.0,4568.0
8854,2705.0,839.0,-0.0,5924.0
8855,4942.0,69.0,1307.0,11437.0
8856,4435.0,753.0,1408.0,8318.0
8857,3856.0,788.0,2722.0,5943.0
8858,2676.0,816.0,2750.0,16459.0
8859,7389.0,308.0,2941.0,16305.0
8860,6823.0,249.0,2510.0,7309.0
8861,33716.0,2251.0,6645.0,7780.0
8862,3659.0,1096.0,1114.0,5769.0
8863,12798.0,1412.0,364.0,13059.0
8864,12660.0,1252.0,891.0,15030.0
8865,13292.0,1763.0,1968.0,10234.0
8866,25736.0,1093.0,2995.0,9700.0
8867,39130.0,2805.0,1642.0,10082.0
8868,4983.0,1372.0,1077.0,7795.0
8869,6925.0,1309.0,1134.0,10422.0
8870,18797.0,5321.0,7126.0,12312.0
8871,2512.0,660.0,1918.0,8032.0
8872,7954.0,706.0,4787.0,8574.0
8873,4819.0,176.0,2067.0,10962.0
8874,4294.0,381.0,2190.0,8249.0
8875,5243.0,492.0,2220.0,11720.0
8876,4052.0,52.0,1589.0,6724.0
8877,8784.0,1414.0,2603.0,9282.0
8878,6401.0,1023.0,2666.0,5356.0
8879,24054.0,2960.0,3506.0,12559.0
8880,25818.0,1297.0,2677.0,8705.0
8881,6097.0,641.0,2259.0,16641.0
8882,4193.0,351.0,1058.0,6722.0
8883,2887.0,864.0,696.0,4842.0
8884,6472.0,1853.0,3179.0,5654.0
8885,25617.0,2393.0,2781.0,4859.0
8886,12471.0,2240.0,2385.0,9765.0
8887,30992.0,1161.0,3229.0,8918.0
8888,4571.0,1361.0,1531.0,7742.0
8889,20308.0,1207.0,1898.0,10241.0
8890,30031.0,2606.0,3072.0,9672.0
8891,86714.0,7501.0,3241.0,17684.0
8892,2825.0,729.0,2794.0,1747.0
8893,7952.0,634.0,2135.0,10190.0
8894,4857.0,814.0,4013.0,12203.0
8895,14874.0,2286.0,3044.0,3085.0
8896,4270.0,231.0,3850.0,12152.0
8897,5904.0,923.0,2218.0,645.0
8898,6372.0,444.0,2368.0,4733.0
8899,8310.0,1166.0,2645.0,7682.0
8900,6839.0,750.0,1504.0,4159.0
8901,3334.0,70.0,2665.0,4662.0
8902,3770.0,518.0,962.0,8552.0
8903,83554.0,6245.0,13999.0,28466.0
8904,9795.0,1273.0,1657.0,8398.0
8905,28342.0,2787.0,1912.0,9075.0
8906,2657.0,735.0,2583.0,15036.0
8907,21538.0,928.0,2928.0,11723.0
8908,23918.0,1975.0,2822.0,8960.0
8909,5963.0,789.0,2251.0,2813.0
8910,4865.0,323.0,2094.0,597.0
8911,8382.0,642.0,3206.0,3519.0
8912,10430.0,679.0,2877.0,9331.0
8913,13853.0,1128.0,1751.0,3638.0
8914,3460.0,841.0,1094.0,10829.0
8915,5274.0,544.0,2904.0,7273.0
8916,4829.0,871.0,2888.0,4267.0
8917,22471.0,2450.0,6949.0,4483.0
8918,2641.0,192.0,2123.0,5982.0
8919,22487.0,1579.0,1344.0,5312.0
8920,3801.0,332.0,2459.0,5729.0
8921,11062.0,971.0,2714.0,6767.0
8922,3859.0,1127.0,1503.0,3516.0
8923,4965.0,1219.0,1319.0,5952.0
8924,11089.0,1554.0,1126.0,6561.0
8925,2979.0,452.0,1558.0,9699.0
8926,28165.0,1741.0,647.0,8466.0
8927,14924.0,654.0,1429.0,9513.0
8928,3974.0,1176.0,2208.0,6080.0
8929,4315.0,990.0,2701.0,1947.0
8930,35384.0,4371.0,3506.0,7251.0
8931,3780.0,1375.0,2607.0,13046.0
8932,15330.0,1411.0,3446.0,5463.0
8933,18684.0,870.0,2492.0,8124.0
8934,5341.0,738.0,2272.0,6312.0
8935,4216.0,586.0,727.0,8264.0
8936,3925.0,254.0,1918.0,6679.0
8937,5132.0,709.0,981.0,2731.0
8938,12953.0,1236.0,1997.0,839.0
8939,12095.0,547.0,2501.0,10460.0
8940,9105.0,721.0,1258.0,14443.0
8941,5193.0,231.0,3294.0,8462.0
8942,3730.0,716.0,2734.0,6925.0
8943,4277.0,1038.0,2235.0,9119.0
8944,5492.0,664.0,1744.0,807.0
8945,15558.0,1104.0,2938.0,4492.0
8946,21583.0,1246.0,4599.0,13404.0
8947,4799.0,788.0,3857.0,8573.0
8948,3598.0,1181.0,2686.0,3774.0
8949,12806.0,1565.0,1506.0,9213.0
8950,4133.0,341.0,400.0,8929.0
8951,82082.0,8291.0,5732.0,23499.0
8952,107924.0,7313.0,33337.0,32875.0
8953,7793.0,1527.0,1647.0,11401.0
8954,4717.0,847.0,1141.0,8705.0
8955,4513.0,1202.0,1645.0,7114.0
8956,17146.0,1651.0,2251.0,8281.0
8957,2689.0,410.0,676.0,13243.0
8958,15024.0,693.0,3624.0,8063.0
8959,2909.0,1095.0,1605.0,3206.0
8960,4177.0,726.0,2840.0,9161.0
8961,26514.0,3348.0,4448.0,12599.0
8962,4238.0,1052.0,966.0,14069.0
8963,2776.0,467.0,3000.0,6736.0
8964,8435.0,1612.0,300.0,8566.0
8965,7559.0,877.0,3319.0,15132.0
8966,7972.0,880.0,1930.0,8269.0
8967,4593.0,1180.0,2032.0,7841.0
8968,3721.0,888.0,3584.0,6302.0
8969,42927.0,4197.0,3744.0,9268.0
8970,5312.0,626.0,2323.0,8375.0
8971,4872.0,1050.0,1771.0,7480.0
8972,5251.0,592.0,1526.0,4635.0
8973,2584.0,195.0,1904.0,6496.0
8974,3218.0,645.0,3075.0,10066.0
8975,3685.0,324.0,3671.0,9982.0
8976,2661.0,433.0,1321.0,11484.0
8977,25177.0,2877.0,2494.0,6761.0
8978,7645.0,1436.0,2889.0,5450.0
8979,44436.0,3372.0,2381.0,9460.0
8980,6208.0,1036.0,2618.0,8666.0
8981,8650.0,1645.0,1278.0,8771.0
8982,5893.0,1102.0,2538.0,953.0
8983,4737.0,1041.0,1591.0,5826.0
8984,3255.0,536.0,1197.0,10346.0
8985,10302.0,1552.0,1249.0,7568.0
8986,13761.0,1765.0,2129.0,9134.0
8987,8760.0,346.0,1918.0,5729.0
8988,4883.0,436.0,1513.0,3060.0
8989,32347.0,2577.0,1372.0,12687.0
8990,5970.0,453.0,2778.0,103.0
8991,4040.0,741.0,1644.0,10445.0
8992,4533.0,1278.0,-0.0,7484.0
8993,3157.0,654.0,216.0,4092.0
8994,6070.0,1455.0,326.0,5131.0
8995,30231.0,2514.0,2106.0,4481.0
8996,25272.0,1262.0,3967.0,9116.0
8997,2637.0,168.0,1881.0,8640.0
8998,2511.0,167.0,514.0,12021.0
8999,7788.0,344.0,1307.0,7882.0
9000,68742.0,6253.0,3321.0,10269.0
9001,3663.0,227.0,2284.0,13403.0
9002,2697.0,125.0,3716.0,3244.0
9003,4852.0,1843.0,654.0,5097.0
9004,11070.0,1131.0,2461.0,4484.0
9005,5248.0,568.0,1104.0,379.0
9006,3541.0,187.0,895.0,9684.0
9007,3135.0,695.0,1425.0,4522.0
9008,37314.0,2901.0,1683.0,10589.0
9009,8243.0,3827.0,2220.0,11559.0
9010,14572.0,793.0,1191.0,4798.0
9011,4204.0,220.0,1446.0,9751.0
9012,2852.0,352.0,1068.0,6134.0
9013,13555.0,2128.0,1262.0,7403.0
9014,8699.0,1806.0,1862.0,10252.0
9015,5773.0,695.0,2671.0,6679.0
9016,7826.0,639.0,109.0,4454.0
9017,2548.0,515.0,1742.0,4941.0
9018,5846.0,1023.0,2430.0,9637.0
9019,7157.0,567.0,2057.0,3819.0
9020,4032.0,919.0,3110.0,7545.0
9021,8699.0,1390.0,2480.0,3532.0
9022,21167.0,1352.0,2973.0,3546.0
9023,41960.0,2163.0,1809.0,8153.0
9024,6294.0,563.0,2398.0,7367.0
9025,8704.0,941.0,1255.0,5820.0
9026,6703.0,1011.0,3640.0,10495.0
9027,3994.0,988.0,4268.0,5489.0
9028,20311.0,1360.0,2028.0,10569.0
9029,4264.0,911.0,2661.0,3285.0
9030,4252.0,614.0,1960.0,5987.0
9031,19136.0,744.0,1830.0,6571.0
9032,12749.0,1467.0,1298.0,8176.0
9033,41154.0,3981.0,4304.0,10606.0
9034,13821.0,1499.0,2246.0,11763.0
9035,6762.0,1043.0,793.0,-0.0
9036,42020.0,3472.0,2528.0,8233.0
9037,5575.0,633.0,1752.0,7034.0
9038,3380.0,628.0,1893.0,6845.0
9039,7940.0,801.0,1347.0,6865.0
9040,5528.0,473.0,1164.0,3264.0
9041,3755.0,290.0,2656.0,12723.0
9042,7171.0,553.0,2831.0,11676.0
9043,5883.0,425.0,314.0,4546.0
9044,20711.0,2301.0,2077.0,6671.0
9045,3574.0,1272.0,1681.0,16217.0
9046,9417.0,1465.0,2249.0,6317.0
9047,3661.0,97.0,1567.0,4820.0
9048,8663.0,766.0,1283.0,-0.0
9049,5703.0,1176.0,2114.0,6227.0
9050,10968.0,1171.0,2400.0,10465.0
9051,12475.0,1099.0,117.0,3925.0
9052,23450.0,2152.0,1466.0,8741.0
9053,10744.0,1282.0,1731.0,7409.0
9054,4040.0,697.0,1675.0,-0.0
9055,40370.0,2588.0,3290.0,11091.0
9056,8278.0,193.0,3264.0,9711.0
9057,3791.0,660.0,1192.0,3721.0
9058,6858.0,1977.0,1503.0,6985.0
9059,3230.0,281.0,1946.0,10878.0
9060,31497.0,2920.0,2294.0,14907.0
9061,5135.0,804.0,5405.0,13325.0
9062,8217.0,4375.0,3549.0,4310.0
9063,4860.0,578.0,1363.0,5214.0
9064,3930.0,276.0,1861.0,6834.0
9065,9728.0,1218.0,2774.0,7105.0
9066,3843.0,615.0,1718.0,4920.0
9067,23338.0,1688.0,1782.0,11157.0
9068,10082.0,1674.0,878.0,2380.0
9069,20498.0,2369.0,2867.0,8307.0
9070,4386.0,1794.0,1975.0,2681.0
9071,4641.0,2062.0,4122.0,9499.0
9072,4722.0,903.0,2304.0,12030.0
9073,2633.0,458.0,470.0,4643.0
9074,4227.0,30.0,1914.0,8460.0
9075,8002.0,667.0,1311.0,-0.0
9076,5326.0,1259.0,8027.0,15200.0
9077,4415.0,403.0,328.0,8862.0
9078,4196.0,739.0,1749.0,3397.0
9079,49190.0,4062.0,8846.0,13134.0
9080,2863.0,461.0,2018.0,-0.0
9081,4236.0,854.0,3984.0,16658.0
9082,2785.0,349.0,161.0,11670.0
9083,4820.0,258.0,1510.0,7852.0
9084,4951.0,237.0,994.0,13711.0
9085,6595.0,1689.0,2372.0,2431.0
9086,9352.0,705.0,1643.0,4183.0
9087,2784.0,787.0,2028.0,4716.0
9088,4844.0,754.0,1705.0,5564.0
9089,3140.0,1061.0,1756.0,10089.0
9090,25823.0,1606.0,2473.0,8385.0
9091,4554.0,191.0,934.0,7835.0
9092,28834.0,1319.0,25037.0,14843.0
9093,28760.0,2949.0,1488.0,4330.0
9094,3120.0,175.0,1848.0,10015.0
9095,73841.0,6924.0,32640.0,25034.0
9096,2629.0,634.0,1596.0,8477.0
9097,14253.0,2340.0,2509.0,8512.0
9098,3674.0,492.0,2369.0,6692.0
9099,5071.0,433.0,1252.0,11644.0
9100,7956.0,1347.0,371.0,8047.0
9101,2749.0,1233.0,2855.0,3975.0
9102,51097.0,2239.0,4734.0,14293.0
9103,11618.0,1733.0,1981.0,12606.0
9104,8834.0,650.0,3809.0,7831.0
9105,8835.0,810.0,1347.0,11635.0
9106,9208.0,647.0,3101.0,8759.0
9107,2697.0,628.0,2222.0,5149.0
9108,8296.0,781.0,1580.0,1927.0
9109,14366.0,1261.0,2161.0,5825.0
9110,3635.0,1266.0,1474.0,19197.0
9111,2887.0,524.0,2139.0,8450.0
9112,5124.0,531.0,1128.0,11777.0
9113,2991.0,520.0,1405.0,5725.0
9114,4109.0,1004.0,1789.0,13632.0
9115,4820.0,324.0,2381.0,3706.0
9116,3217.0,500.0,5646.0,10227.0
9117,5116.0,738.0,1478.0,8043.0
9118,57503.0,5851.0,12734.0,48022.0
9119,26181.0,3083.0,21276.0,37142.0
9120,36094.0,2814.0,3568.0,10480.0
9121,3010.0,667.0,1081.0,7099.0
9122,3262.0,1078.0,1307.0,2716.0
9123,4148.0,589.0,3090.0,8796.0
9124,4882.0,557.0,1636.0,319.0
9125,4827.0,299.0,883.0,9184.0
9126,3499.0,565.0,1706.0,497.0
9127,3188.0,1250.0,-0.0,1672.0
9128,2875.0,352.0,3918.0,10217.0
9129,2475.0,440.0,4169.0,13339.0
9130,3908.0,530.0,-0.0,8086.0
9131,9849.0,756.0,2826.0,5396.0
9132,3925.0,794.0,1049.0,6266.0
9133,5410.0,1100.0,735.0,11934.0
9134,7113.0,760.0,1025.0,6320.0
9135,3532.0,358.0,-0.0,8130.0
9136,16751.0,1266.0,1972.0,5874.0
9137,2656.0,684.0,1762.0,121.0
9138,4436.0,602.0,2898.0,5176.0
9139,25251.0,2832.0,4538.0,15212.0
9140,9315.0,1219.0,3046.0,4948.0
9141,2801.0,703.0,1156.0,6457.0
9142,9755.0,686.0,531.0,5003.0
9143,20257.0,1968.0,3784.0,10436.0
9144,6290.0,437.0,884.0,2714.0
9145,3416.0,605.0,4089.0,12276.0
9146,4252.0,747.0,3125.0,9257.0
9147,5921.0,1154.0,2958.0,7677.0
9148,2472.0,599.0,1900.0,8265.0
9149,2982.0,109.0,1581.0,543.0
9150,4423.0,779.0,1685.0,5363.0
9151,23098.0,2284.0,2072.0,9195.0
9152,10508.0,1476.0,1838.0,8871.0
9153,7542.0,844.0,1263.0,1466.0
9154,3379.0,527.0,1295.0,8816.0
9155,5323.0,519.0,1249.0,6418.0
9156,29224.0,2965.0,3042.0,10194.0
9157,2912.0,1736.0,1783.0,14915.0
9158,47778.0,7394.0,50348.0,314254.0
9159,14604.0,1380.0,1228.0,9115.0
9160,5923.0,1612.0,1010.0,5482.0
9161,4508.0,996.0,47.0,-0.0
9162,3429.0,670.0,2257.0,11559.0
9163,2816.0,813.0,-0.0,5297.0
9164,4659.0,985.0,1676.0,6191.0
9165,7286.0,1384.0,1617.0,7339.0
9166,3316.0,430.0,915.0,2643.0
9167,4493.0,448.0,1244.0,10118.0
9168,15682.0,2428.0,3378.0,5909.0
9169,5384.0,1822.0,1081.0,1417.0
9170,15892.0,1288.0,1310.0,5140.0
9171,2624.0,232.0,2381.0,7157.0
9172,4633.0,861.0,899.0,5447.0
9173,12295.0,1296.0,1630.0,9032.0
9174,3476.0,656.0,3035.0,10212.0
9175,3928.0,549.0,3138.0,10172.0
9176,4267.0,179.0,1902.0,6002.0
9177,171111.0,26930.0,63777.0,60018.0
9178,3098.0,645.0,1899.0,13770.0
9179,5641.0,1589.0,1163.0,11802.0
9180,5405.0,721.0,1043.0,11226.0
9181,2814.0,257.0,1286.0,12764.0
9182,14691.0,1317.0,5525.0,8274.0
9183,6419.0,828.0,1222.0,7758.0
9184,2982.0,928.0,1334.0,8892.0
9185,11664.0,838.0,1214.0,12944.0
9186,5358.0,696.0,1775.0,4334.0
9187,12059.0,1740.0,3039.0,10881.0
9188,16677.0,2086.0,3431.0,5934.0
9189,12785.0,952.0,-0.0,16017.0
9190,15786.0,2562.0,1405.0,3065.0
9191,4613.0,758.0,1926.0,7477.0
9192,6559.0,1138.0,409.0,8261.0
9193,5924.0,1434.0,870.0,5423.0
9194,3965.0,921.0,4370.0,4918.0
9195,3123.0,592.0,1780.0,5830.0
9196,5277.0,461.0,1686.0,9016.0
9197,3675.0,848.0,1952.0,8045.0
9198,4080.0,53.0,1723.0,1737.0
9199,7456.0,629.0,1766.0,8424.0
9200,7290.0,1080.0,980.0,12639.0
9201,3736.0,620.0,1519.0,7177.0
9202,2691.0,394.0,1814.0,3579.0
9203,4175.0,915.0,1523.0,1174.0
9204,7366.0,1098.0,2698.0,1141.0
9205,4352.0,1217.0,1648.0,9450.0
9206,6614.0,889.0,969.0,8290.0
9207,4487.0,325.0,48.0,1022.0
9208,4019.0,1051.0,1269.0,6709.0
9209,5205.0,485.0,1221.0,6862.0
9210,11877.0,1042.0,836.0,10671.0
9211,5051.0,2753.0,15072.0,15901.0
9212,13542.0,1574.0,3510.0,11607.0
9213,6116.0,638.0,2272.0,14498.0
9214,9041.0,817.0,3334.0,6240.0
9215,3815.0,1091.0,1282.0,5398.0
9216,3513.0,639.0,1878.0,5132.0
9217,4478.0,1168.0,3618.0,10751.0
9218,2487.0,188.0,534.0,3979.0
9219,47014.0,3314.0,3754.0,11641.0
9220,24847.0,2171.0,2863.0,6240.0
9221,15373.0,2262.0,740.0,7119.0
9222,5288.0,986.0,2477.0,6284.0
9223,8868.0,1605.0,1598.0,9654.0
9224,3100.0,469.0,1087.0,3397.0
9225,4055.0,502.0,2944.0,10660.0
9226,20828.0,1215.0,6517.0,4558.0
9227,3126.0,527.0,2027.0,13845.0
9228,7200.0,1007.0,971.0,6419.0
9229,8236.0,991.0,3394.0,13700.0
9230,5587.0,1244.0,3345.0,7538.0
9231,10926.0,1403.0,2291.0,7225.0
9232,4464.0,712.0,2082.0,7548.0
9233,3085.0,394.0,1716.0,6714.0
9234,6382.0,984.0,2596.0,9582.0
9235,11208.0,2584.0,1929.0,4869.0
9236,4618.0,456.0,3019.0,5394.0
9237,51414.0,4158.0,5055.0,9742.0
9238,3181.0,1621.0,2654.0,12201.0
9239,2925.0,485.0,1712.0,9330.0
9240,7622.0,1127.0,1608.0,4592.0
9241,4152.0,1171.0,1509.0,9426.0
9242,11868.0,1785.0,2728.0,1869.0
9243,3959.0,804.0,438.0,6994.0
9244,3931.0,271.0,414.0,4386.0
9245,3040.0,379.0,2181.0,3522.0
9246,4311.0,426.0,1854.0,-0.0
9247,7751.0,1474.0,1210.0,6803.0
9248,6440.0,565.0,1392.0,4131.0
9249,7639.0,636.0,2326.0,-0.0
9250,40377.0,6653.0,9131.0,14748.0
9251,22514.0,2386.0,1981.0,11749.0
9252,6923.0,585.0,1401.0,16292.0
9253,8228.0,1244.0,2092.0,9229.0
9254,24093.0,3037.0,4091.0,6235.0
9255,13210.0,1323.0,1789.0,12083.0
9256,7362.0,544.0,2960.0,5742.0
9257,27671.0,1721.0,3883.0,10009.0
9258,4890.0,667.0,1524.0,4074.0
9259,10104.0,856.0,1196.0,1436.0
9260,6349.0,167.0,1129.0,6087.0
9261,5574.0,279.0,1924.0,4451.0
9262,29418.0,2832.0,1580.0,4601.0
9263,4452.0,1682.0,1606.0,19493.0
9264,10900.0,1453.0,1988.0,5580.0
9265,2689.0,560.0,1808.0,6858.0
9266,2981.0,1038.0,1670.0,6862.0
9267,493909.0,121264.0,494926.0,276794.0
9268,2606.0,409.0,1737.0,5232.0
9269,5867.0,1071.0,2214.0,15129.0
9270,18069.0,873.0,3748.0,9131.0
9271,69871.0,13195.0,15826.0,27591.0
9272,4048.0,600.0,2949.0,4308.0
9273,9190.0,1554.0,3452.0,11316.0
9274,13520.0,1028.0,1976.0,9256.0
9275,5144.0,937.0,3173.0,8241.0
9276,10346.0,1159.0,2418.0,1106.0
9277,4581.0,1357.0,2593.0,19357.0
9278,8257.0,1261.0,2198.0,11633.0
9279,6089.0,307.0,2485.0,8548.0
9280,3665.0,862.0,2151.0,12513.0
9281,20654.0,2295.0,2018.0,8944.0
9282,11167.0,1998.0,1308.0,4365.0
9283,57171.0,4158.0,22821.0,36215.0
9284,21761.0,2156.0,2839.0,14498.0
9285,3693.0,554.0,1016.0,-0.0
9286,4766.0,689.0,2665.0,12525.0
9287,2901.0,775.0,3875.0,1756.0
9288,6913.0,1050.0,1387.0,9191.0
9289,4013.0,1210.0,1269.0,10025.0
9290,5303.0,404.0,2730.0,7457.0
9291,4702.0,983.0,1973.0,5816.0
9292,5206.0,523.0,2597.0,8105.0
9293,2745.0,144.0,1804.0,8393.0
9294,30964.0,3047.0,1856.0,6891.0
9295,5698.0,847.0,2773.0,6223.0
9296,15044.0,968.0,2320.0,2771.0
9297,4512.0,558.0,957.0,5975.0
9298,5822.0,513.0,2023.0,2909.0
9299,5559.0,1060.0,1593.0,2710.0
9300,4018.0,776.0,2651.0,14824.0
9301,98325.0,20676.0,22288.0,61749.0
9302,38985.0,4165.0,1129.0,17353.0
9303,31310.0,1326.0,2320.0,10695.0
9304,4726.0,110.0,1838.0,3859.0
9305,5859.0,678.0,-0.0,5666.0
9306,2974.0,1075.0,1418.0,5232.0
9307,3082.0,518.0,437.0,8209.0
9308,5534.0,381.0,1322.0,13555.0
9309,3738.0,516.0,2035.0,13333.0
9310,25091.0,4621.0,4144.0,13776.0
9311,6760.0,866.0,3321.0,8517.0
9312,3577.0,725.0,1740.0,8865.0
9313,3768.0,336.0,2126.0,7950.0
9314,5479.0,416.0,3062.0,10712.0
9315,14624.0,1934.0,407.0,8021.0
9316,2762.0,42.0,1498.0,9557.0
9317,6741.0,613.0,3725.0,9352.0
9318,22308.0,3107.0,1631.0,9747.0
9319,6264.0,655.0,1610.0,4942.0
9320,3335.0,395.0,2011.0,14259.0
9321,4177.0,394.0,1584.0,4399.0
9322,6633.0,1342.0,1976.0,8302.0
9323,19666.0,1012.0,1842.0,8361.0
9324,22134.0,2171.0,2266.0,3087.0
9325,12581.0,2351.0,2868.0,15884.0
9326,8594.0,691.0,2423.0,4703.0
9327,3170.0,220.0,2587.0,7408.0
9328,35666.0,2248.0,9423.0,5335.0
9329,7116.0,917.0,1741.0,1681.0
9330,9171.0,916.0,1546.0,7653.0
9331,17264.0,1582.0,1882.0,7016.0
9332,7488.0,1070.0,1742.0,7426.0
9333,3334.0,262.0,532.0,-0.0
9334,5635.0,811.0,2260.0,3630.0
9335,12695.0,2321.0,2027.0,6877.0
9336,2927.0,613.0,668.0,10050.0
9337,10970.0,1271.0,1348.0,7737.0
9338,3988.0,729.0,466.0,1895.0
9339,4450.0,561.0,2710.0,8717.0
9340,25211.0,1851.0,2399.0,7414.0
9341,36878.0,4744.0,1399.0,6146.0
9342,18870.0,1274.0,3040.0,11263.0
9343,4699.0,153.0,1367.0,6672.0
9344,4185.0,245.0,1489.0,909.0
9345,5117.0,1154.0,2063.0,10022.0
9346,7359.0,875.0,1297.0,7797.0
9347,4580.0,498.0,2814.0,7166.0
9348,3261.0,526.0,1708.0,8894.0
9349,9804.0,793.0,1146.0,1801.0
9350,19714.0,1728.0,3240.0,5721.0
9351,8059.0,483.0,1297.0,214.0
9352,9105.0,937.0,1147.0,11020.0
9353,5406.0,605.0,1867.0,7937.0
9354,7787.0,1128.0,1769.0,11527.0
9355,33371.0,2983.0,5311.0,8698.0
9356,2786.0,810.0,1245.0,14137.0
9357,25560.0,3094.0,2402.0,4868.0
9358,4814.0,454.0,896.0,2463.0
9359,4243.0,592.0,2198.0,9844.0
9360,3850.0,584.0,639.0,10114.0
9361,2479.0,331.0,1164.0,3112.0
9362,5282.0,1431.0,1525.0,5588.0
9363,4254.0,661.0,2959.0,8463.0
9364,15409.0,1164.0,766.0,22774.0
9365,19236.0,1168.0,2180.0,7778.0
9366,5629.0,592.0,638.0,6329.0
9367,4536.0,1104.0,2011.0,13238.0
9368,7530.0,760.0,3438.0,10119.0
9369,15701.0,1401.0,427.0,5048.0
9370,4388.0,591.0,-0.0,3449.0
9371,15130.0,1095.0,1664.0,2965.0
9372,6802.0,786.0,2065.0,5505.0
9373,12358.0,890.0,2420.0,7654.0
9374,21343.0,1135.0,2542.0,9138.0
9375,14508.0,1571.0,1532.0,10154.0
9376,3032.0,83.0,1025.0,6366.0
9377,3033.0,867.0,1841.0,6658.0
9378,8047.0,982.0,2596.0,4168.0
9379,6721.0,873.0,1437.0,9570.0
9380,7694.0,1940.0,572.0,10419.0
9381,30314.0,2388.0,2948.0,11244.0
9382,3801.0,672.0,2924.0,3809.0
9383,12575.0,1933.0,3068.0,13459.0
9384,3612.0,1201.0,1337.0,6632.0
9385,3138.0,272.0,3121.0,6663.0
9386,20322.0,1527.0,1753.0,14289.0
9387,2746.0,273.0,3245.0,7854.0
9388,4111.0,666.0,-0.0,9163.0
9389,3893.0,1092.0,205.0,1201.0
9390,4317.0,1238.0,1628.0,1911.0
9391,3550.0,751.0,2581.0,9086.0
9392,7527.0,539.0,2370.0,2601.0
9393,63225.0,7368.0,3052.0,17595.0
9394,5250.0,660.0,2587.0,13251.0
9395,4055.0,687.0,1111.0,7140.0
9396,2470.0,604.0,1381.0,3639.0
9397,4210.0,812.0,3572.0,11024.0
9398,4984.0,1037.0,1626.0,5001.0
9399,17431.0,751.0,1686.0,8817.0
9400,13063.0,1752.0,3452.0,11069.0
9401,4479.0,644.0,614.0,6451.0
9402,5002.0,949.0,1639.0,9737.0
9403,24297.0,1528.0,2748.0,5433.0
9404,4136.0,830.0,2198.0,8956.0
9405,6570.0,960.0,2436.0,2602.0
9406,4330.0,778.0,1598.0,7858.0
9407,4843.0,136.0,579.0,2934.0
9408,3082.0,507.0,392.0,14824.0
9409,5545.0,755.0,2544.0,4108.0
9410,15864.0,2084.0,1334.0,8990.0
9411,43622.0,3418.0,872.0,4806.0
9412,6432.0,1843.0,556.0,-0.0
9413,2464.0,1342.0,2813.0,19836.0
9414,22434.0,2305.0,2257.0,5583.0
9415,7402.0,612.0,1942.0,6139.0
9416,5184.0,496.0,-0.0,-0.0
9417,2851.0,570.0,85.0,2539.0
9418,4020.0,240.0,3185.0,3552.0
9419,5959.0,883.0,989.0,7885.0
9420,23619.0,2531.0,1207.0,10489.0
9421,5350.0,902.0,878.0,7090.0
9422,7594.0,654.0,2117.0,6714.0
9423,3067.0,298.0,1058.0,5559.0
9424,7393.0,646.0,2229.0,11081.0
9425,25174.0,2145.0,2024.0,10558.0
9426,15626.0,725.0,1327.0,15506.0
9427,7441.0,1847.0,3255.0,4345.0
9428,7915.0,1153.0,2781.0,9676.0
9429,3763.0,824.0,1914.0,8527.0
9430,31863.0,3316.0,2688.0,10827.0
9431,52764.0,4705.0,2649.0,11355.0
9432,8692.0,996.0,3154.0,117.0
9433,25425.0,2423.0,1281.0,8806.0
9434,3758.0,1234.0,1104.0,11354.0
9435,5951.0,1320.0,2131.0,11059.0
9436,4454.0,606.0,1139.0,4619.0
9437,25856.0,2890.0,2020.0,9911.0
9438,6863.0,686.0,3605.0,2903.0
9439,6493.0,600.0,1811.0,6731.0
9440,2862.0,752.0,879.0,8993.0
9441,6566.0,968.0,2137.0,4037.0
9442,5348.0,485.0,2388.0,13049.0
9443,6038.0,71.0,1985.0,6738.0
9444,6396.0,393.0,1425.0,8022.0
9445,2505.0,175.0,1395.0,5570.0
9446,8907.0,289.0,345.0,2709.0
9447,5846.0,242.0,526.0,8240.0
9448,8307.0,439.0,2029.0,4405.0
9449,5897.0,1440.0,2202.0,9305.0
9450,7284.0,298.0,2616.0,14239.0
9451,8748.0,1645.0,1811.0,5175.0
9452,7231.0,1036.0,1965.0,3623.0
9453,5341.0,400.0,1780.0,3343.0
9454,24983.0,2093.0,3952.0,2419.0
9455,19828.0,1139.0,3003.0,7983.0
9456,11103.0,1267.0,3126.0,12596.0
9457,15144.0,1400.0,2275.0,13309.0
9458,5263.0,832.0,1647.0,13570.0
9459,5423.0,1170.0,1343.0,11169.0
9460,12025.0,1331.0,2775.0,12254.0
9461,4095.0,62.0,1385.0,7903.0
9462,8510.0,1503.0,3062.0,6431.0
9463,37669.0,2368.0,1095.0,6725.0
9464,4529.0,1257.0,2975.0,7602.0
9465,5183.0,1400.0,2775.0,2065.0
9466,2577.0,844.0,3158.0,2289.0
9467,3224.0,593.0,983.0,6222.0
9468,3834.0,590.0,691.0,7343.0
9469,4301.0,542.0,470.0,5765.0
9470,2718.0,464.0,1808.0,10409.0
9471,4103.0,1106.0,426.0,8801.0
9472,15697.0,1802.0,3228.0,8412.0
9473,2542.0,256.0,2455.0,13778.0
9474,16012.0,1541.0,1875.0,3059.0
9475,10839.0,1855.0,3053.0,5968.0
9476,3463.0,230.0,2299.0,1807.0
9477,4049.0,613.0,1597.0,10911.0
9478,17767.0,1935.0,2415.0,12094.0
9479,21303.0,1808.0,1745.0,5829.0
9480,6182.0,1172.0,2612.0,3622.0
9481,12114.0,1319.0,720.0,6375.0
9482,8497.0,871.0,1912.0,9110.0
9483,8874.0,1467.0,2037.0,9712.0
9484,3533.0,613.0,941.0,5564.0
9485,18780.0,760.0,1204.0,5320.0
9486,7855.0,381.0,2873.0,12022.0
9487,3483.0,716.0,2330.0,8341.0
9488,5116.0,959.0,2481.0,12765.0
9489,2987.0,416.0,1457.0,-0.0
9490,5960.0,918.0,-0.0,2091.0
9491,15956.0,2211.0,2927.0,11888.0
9492,20834.0,2069.0,1536.0,9306.0
9493,27314.0,1457.0,2821.0,15822.0
9494,9996.0,889.0,1531.0,9948.0
9495,5861.0,600.0,2740.0,9656.0
9496,4617.0,530.0,1149.0,13819.0
9497,4314.0,760.0,4289.0,8234.0
9498,3348.0,138.0,1251.0,5445.0
9499,4611.0,926.0,1562.0,6068.0
9500,12957.0,524.0,2387.0,5238.0
9501,6894.0,852.0,3944.0,9224.0
9502,9250.0,812.0,1303.0,5839.0
9503,9042.0,1506.0,3039.0,7208.0
9504,13152.0,794.0,2171.0,8842.0
9505,3036.0,774.0,1394.0,6316.0
9506,2709.0,319.0,1142.0,11150.0
9507,7621.0,553.0,3018.0,539.0
9508,39554.0,3095.0,2115.0,12196.0
9509,3535.0,944.0,1659.0,9046.0
9510,4376.0,1452.0,2701.0,13667.0
9511,3468.0,491.0,1144.0,6453.0
9512,34437.0,3905.0,3347.0,10122.0
9513,4481.0,981.0,2866.0,9927.0
9514,4749.0,1758.0,3252.0,10008.0
9515,69673.0,7266.0,4559.0,23719.0
9516,6364.0,259.0,3183.0,570.0
9517,5612.0,1586.0,1728.0,10842.0
9518,7186.0,943.0,2457.0,3627.0
9519,23700.0,1580.0,2297.0,14718.0
9520,2850.0,618.0,769.0,4739.0
9521,3415.0,739.0,1020.0,4073.0
9522,9908.0,1504.0,2043.0,6602.0
9523,3866.0,849.0,2062.0,16794.0
9524,3485.0,678.0,2198.0,7125.0
9525,20145.0,1085.0,2322.0,7899.0
9526,23901.0,1206.0,1292.0,4016.0
9527,2592.0,514.0,1417.0,4121.0
9528,8541.0,984.0,2500.0,30.0
9529,14895.0,1542.0,1692.0,8168.0
9530,5196.0,776.0,3118.0,2899.0
9531,4133.0,1215.0,1424.0,4752.0
9532,4264.0,508.0,3088.0,6260.0
9533,37381.0,2331.0,4357.0,13296.0
9534,32942.0,2468.0,2822.0,13337.0
9535,9378.0,1121.0,2287.0,5980.0
9536,4582.0,1064.0,2936.0,8667.0
9537,4595.0,270.0,2317.0,9057.0
9538,5245.0,901.0,1227.0,12366.0
9539,25369.0,2658.0,3528.0,2667.0
9540,5067.0,689.0,4177.0,6509.0
9541,39409.0,1435.0,9483.0,11617.0
9542,3629.0,343.0,1246.0,6846.0
9543,2970.0,315.0,508.0,6742.0
9544,7482.0,1485.0,900.0,6631.0
9545,5230.0,807.0,1340.0,9425.0
9546,5992.0,854.0,1368.0,5219.0
9547,4712.0,291.0,1265.0,7150.0
9548,13135.0,451.0,2337.0,12006.0
9549,2924.0,131.0,1506.0,18899.0
9550,3541.0,782.0,888.0,5792.0
9551,30753.0,3151.0,1808.0,11196.0
9552,4528.0,475.0,3984.0,5730.0
9553,19768.0,4176.0,3133.0,8678.0
9554,22841.0,1742.0,2231.0,8895.0
9555,5827.0,711.0,2951.0,13360.0
9556,4097.0,1800.0,2484.0,7675.0
9557,38126.0,13290.0,5639.0,29792.0
9558,4277.0,485.0,1529.0,6261.0
9559,5822.0,1051.0,2210.0,1845.0
9560,16618.0,1710.0,2433.0,13129.0
9561,3706.0,507.0,797.0,4178.0
9562,12307.0,506.0,1048.0,5235.0
9563,19858.0,1899.0,2335.0,3389.0
9564,2503.0,119.0,3240.0,11246.0
9565,18396.0,2155.0,1262.0,2959.0
9566,7376.0,1266.0,1425.0,4078.0
9567,9483.0,1293.0,1148.0,8606.0
9568,6568.0,593.0,3018.0,16335.0
9569,4716.0,656.0,1484.0,5606.0
9570,2632.0,969.0,1919.0,8645.0
9571,3280.0,329.0,1904.0,14589.0
9572,8456.0,537.0,2347.0,7051.0
9573,25823.0,2095.0,3575.0,7513.0
9574,2628.0,573.0,793.0,8444.0
9575,11535.0,1240.0,1715.0,10366.0
9576,112535.0,18185.0,1360.0,56855.0
9577,6908.0,817.0,750.0,4279.0
9578,31466.0,2231.0,1287.0,7555.0
9579,4512.0,783.0,2338.0,16871.0
9580,131554.0,9877.0,2578.0,25806.0
9581,7341.0,1007.0,2847.0,5676.0
9582,5711.0,555.0,2661.0,9410.0
9583,28128.0,8655.0,67605.0,108510.0
9584,38946.0,3213.0,59787.0,89693.0
9585,4471.0,479.0,3492.0,2747.0
9586,3831.0,559.0,1900.0,4828.0
9587,8121.0,2058.0,2948.0,18809.0
9588,3080.0,569.0,2477.0,6251.0
9589,4200.0,79.0,2233.0,2857.0
9590,6472.0,609.0,1177.0,16097.0
9591,4304.0,777.0,2602.0,4574.0
9592,6078.0,472.0,2374.0,18867.0
9593,4351.0,285.0,970.0,5550.0
9594,3664.0,212.0,644.0,3933.0
9595,3586.0,959.0,1255.0,4628.0
9596,18057.0,731.0,1675.0,10675.0
9597,3879.0,236.0,1979.0,3452.0
9598,8391.0,1201.0,2005.0,9546.0
9599,4207.0,656.0,78.0,3407.0
9600,3924.0,458.0,2781.0,5703.0
9601,4945.0,238.0,576.0,-0.0
9602,38462.0,2658.0,1830.0,7460.0
9603,7405.0,1700.0,2098.0,10122.0
9604,6413.0,92.0,1835.0,6927.0
9605,5053.0,154.0,1508.0,2242.0
9606,8011.0,1151.0,3020.0,9445.0
9607,17072.0,1436.0,2172.0,3328.0
9608,3271.0,907.0,796.0,10476.0
9609,5155.0,643.0,2726.0,5987.0
9610,5861.0,654.0,1972.0,12584.0
9611,4380.0,631.0,3626.0,5130.0
9612,6327.0,1497.0,6199.0,9360.0
9613,3882.0,513.0,3199.0,7584.0
9614,7255.0,996.0,2129.0,2780.0
9615,6203.0,524.0,1580.0,6499.0
9616,12134.0,562.0,2402.0,3372.0
9617,6407.0,893.0,3759.0,4441.0
9618,5508.0,928.0,1041.0,12427.0
9619,7371.0,799.0,2013.0,4839.0
9620,15955.0,2147.0,1104.0,9118.0
9621,2571.0,75.0,-0.0,5274.0
9622,4561.0,907.0,2058.0,11518.0
9623,10098.0,650.0,2835.0,12793.0
9624,204112.0,33788.0,38823.0,53944.0
9625,7245.0,1343.0,1302.0,9996.0
9626,4401.0,1135.0,809.0,-0.0
9627,3486.0,805.0,288.0,5078.0
9628,124845.0,60704.0,458843.0,308681.0
9629,6591.0,354.0,2592.0,9382.0
9630,4797.0,318.0,2160.0,5604.0
9631,16904.0,1518.0,4027.0,6785.0
9632,17455.0,1543.0,4196.0,19037.0
9633,14858.0,1399.0,1115.0,4558.0
9634,4213.0,782.0,1274.0,7868.0
9635,3411.0,691.0,1093.0,8405.0
9636,4612.0,310.0,2048.0,8103.0
9637,6870.0,513.0,1444.0,7017.0
9638,3592.0,1394.0,2423.0,4054.0
9639,5369.0,1507.0,2344.0,11100.0
9640,5569.0,1888.0,1642.0,10735.0
9641,28815.0,2246.0,3067.0,2952.0
9642,3651.0,877.0,1535.0,7400.0
9643,3315.0,286.0,2240.0,9203.0
9644,9872.0,583.0,2656.0,10630.0
9645,3212.0,1030.0,1130.0,4706.0
9646,6358.0,1007.0,2375.0,10786.0
9647,5961.0,514.0,2367.0,15102.0
9648,19112.0,2616.0,4318.0,4623.0
9649,4001.0,1225.0,1388.0,1856.0
9650,3005.0,366.0,2251.0,7303.0
9651,7878.0,1386.0,3033.0,5999.0
9652,3885.0,645.0,1218.0,7569.0
9653,7392.0,882.0,59.0,4284.0
9654,4517.0,282.0,1536.0,6768.0
9655,8273.0,1567.0,1558.0,9860.0
9656,22269.0,1582.0,841.0,8835.0
9657,5314.0,486.0,1144.0,6059.0
9658,7816.0,689.0,1029.0,9894.0
9659,48810.0,3720.0,2372.0,6985.0
9660,30034.0,2178.0,1636.0,7052.0
9661,3131.0,402.0,846.0,4685.0
9662,4915.0,400.0,896.0,16496.0
9663,26229.0,2479.0,2730.0,11569.0
9664,2743.0,1639.0,1557.0,6100.0
9665,7367.0,841.0,2263.0,6386.0
9666,7227.0,1282.0,2043.0,11012.0
9667,4143.0,1531.0,1289.0,9159.0
9668,4496.0,814.0,2083.0,3561.0
9669,20320.0,1052.0,3037.0,3313.0
9670,12659.0,1328.0,2678.0,7362.0
9671,29607.0,3881.0,2600.0,9794.0
9672,3979.0,867.0,3556.0,2515.0
9673,46512.0,14163.0,4386.0,37989.0
9674,32033.0,13326.0,330246.0,367043.0
9675,5745.0,1034.0,1981.0,8676.0
9676,3941.0,602.0,1879.0,7666.0
9677,4317.0,849.0,1841.0,6688.0
9678,10209.0,1252.0,2944.0,8645.0
9679,5259.0,109.0,764.0,9310.0
9680,5602.0,544.0,1262.0,19209.0
9681,2867.0,546.0,1788.0,2981.0
9682,5590.0,584.0,3800.0,10718.0
9683,141335.0,12824.0,35347.0,31832.0
9684,25717.0,1556.0,2553.0,13370.0
9685,15102.0,1571.0,1024.0,3748.0
9686,4290.0,516.0,1307.0,5731.0
9687,10235.0,418.0,3710.0,12639.0
9688,4962.0,469.0,3806.0,10585.0
9689,4111.0,316.0,1695.0,-0.0
9690,7826.0,734.0,1315.0,3333.0
9691,6171.0,578.0,1200.0,14744.0
9692,3771.0,665.0,639.0,8234.0
9693,3354.0,399.0,1001.0,2738.0
9694,24079.0,3021.0,1653.0,4458.0
9695,8644.0,1562.0,2865.0,11810.0
9696,7391.0,1116.0,1640.0,4434.0
9697,3529.0,440.0,3865.0,6829.0
9698,27116.0,1865.0,3370.0,10581.0
9699,6482.0,941.0,-0.0,4192.0
9700,5161.0,224.0,1175.0,9868.0
9701,10836.0,1422.0,2003.0,-0.0
9702,3513.0,760.0,696.0,5342.0
9703,41618.0,4074.0,3311.0,1484.0
9704,14678.0,5217.0,18588.0,24181.0
9705,42922.0,2855.0,1923.0,3238.0
9706,19335.0,1035.0,2719.0,13645.0
9707,4696.0,328.0,3203.0,14114.0
9708,3774.0,661.0,3157.0,7229.0
9709,7843.0,397.0,2945.0,5328.0
9710,3831.0,1600.0,3314.0,10756.0
9711,2916.0,894.0,1536.0,8229.0
9712,23183.0,1223.0,2232.0,6186.0
9713,12194.0,1117.0,1401.0,10791.0
9714,4026.0,945.0,3331.0,6572.0
9715,3010.0,1762.0,1960.0,9226.0
9716,5208.0,811.0,1142.0,6390.0
9717,7091.0,1447.0,2925.0,15164.0
9718,16550.0,1599.0,2454.0,7402.0
9719,6984.0,672.0,1425.0,4125.0
9720,5455.0,826.0,2385.0,11285.0
9721,3576.0,715.0,2419.0,6301.0
9722,4541.0,520.0,1740.0,10654.0
9723,12416.0,1788.0,2362.0,7243.0
9724,4581.0,511.0,2126.0,13778.0
9725,2659.0,855.0,271.0,9238.0
9726,5578.0,780.0,1104.0,5333.0
9727,2476.0,181.0,3011.0,8458.0
9728,19108.0,1255.0,2277.0,13799.0
9729,5948.0,921.0,506.0,3147.0
9730,64800.0,18033.0,12747.0,92448.0
9731,42635.0,4472.0,3089.0,14299.0
9732,3334.0,558.0,1767.0,7042.0
9733,3525.0,627.0,3193.0,12464.0
9734,4931.0,540.0,2419.0,8121.0
9735,2754.0,636.0,1665.0,3684.0
9736,7794.0,1076.0,1019.0,1394.0
9737,2881.0,1051.0,1853.0,8645.0
9738,4926.0,681.0,208.0,5855.0
9739,4387.0,1522.0,3045.0,10511.0
9740,6454.0,770.0,3942.0,6078.0
9741,5479.0,271.0,2858.0,5051.0
9742,11255.0,1866.0,2954.0,9038.0
9743,6646.0,1261.0,1545.0,5911.0
9744,2559.0,884.0,1081.0,4565.0
9745,2831.0,554.0,1024.0,2818.0
9746,2513.0,1251.0,205.0,198.0
9747,32446.0,4753.0,8495.0,9002.0
9748,3997.0,882.0,1804.0,4586.0
9749,13785.0,1808.0,1823.0,2618.0
9750,11484.0,2422.0,1189.0,3072.0
9751,4604.0,1120.0,1624.0,8509.0
9752,8295.0,1808.0,1350.0,5780.0
9753,6220.0,377.0,2669.0,9568.0
9754,4850.0,294.0,3023.0,9269.0
9755,23122.0,1191.0,1222.0,7212.0
9756,5835.0,982.0,3016.0,5854.0
9757,12783.0,1628.0,191.0,6081.0
9758,8172.0,1352.0,2928.0,3130.0
9759,3276.0,1048.0,3230.0,7876.0
9760,5631.0,369.0,1039.0,8897.0
9761,10544.0,1331.0,1394.0,7637.0
9762,2973.0,373.0,1609.0,10185.0
9763,2645.0,1225.0,4246.0,13089.0
9764,3830.0,1222.0,3892.0,8269.0
9765,12767.0,1261.0,1053.0,10547.0
9766,4384.0,661.0,3744.0,12921.0
9767,22237.0,2773.0,983.0,-0.0
9768,3737.0,319.0,1128.0,8551.0
9769,34150.0,2587.0,3196.0,10305.0
9770,2950.0,556.0,1335.0,10933.0
9771,4562.0,1342.0,1419.0,4653.0
9772,4985.0,1334.0,984.0,6429.0
9773,2873.0,71.0,1919.0,790.0
9774,5695.0,1236.0,1954.0,6904.0
9775,5651.0,1261.0,686.0,5620.0
9776,4424.0,1641.0,596.0,4383.0
9777,2846.0,493.0,1589.0,15109.0
9778,6881.0,108.0,1522.0,9478.0
9779,2916.0,1471.0,21076.0,14041.0
9780,9679.0,310.0,2330.0,7588.0
9781,4135.0,990.0,1037.0,7801.0
9782,7738.0,1099.0,1279.0,6982.0
9783,6024.0,299.0,3424.0,11820.0
9784,4438.0,825.0,1529.0,4389.0
9785,5338.0,1666.0,2252.0,2923.0
9786,5298.0,975.0,2236.0,15305.0
9787,4737.0,884.0,2321.0,7293.0
9788,6269.0,537.0,1328.0,1573.0
9789,3060.0,405.0,950.0,-0.0
9790,5919.0,521.0,950.0,2314.0
9791,4718.0,620.0,822.0,-0.0
9792,5609.0,1126.0,1807.0,6961.0
9793,4834.0,1007.0,2498.0,4323.0
9794,3902.0,876.0,1369.0,4577.0
9795,14691.0,1343.0,5236.0,3755.0
9796,25391.0,3605.0,3468.0,14457.0
9797,5314.0,520.0,1909.0,8558.0
9798,25458.0,2483.0,4414.0,12984.0
9799,2995.0,381.0,-0.0,937.0
9800,4003.0,920.0,2700.0,8268.0
9801,6387.0,512.0,1980.0,15741.0
9802,3850.0,505.0,1082.0,4495.0
9803,4019.0,1336.0,1893.0,2722.0
9804,13138.0,634.0,2657.0,10373.0
9805,13820.0,854.0,1948.0,6956.0
9806,4923.0,482.0,1918.0,7782.0
9807,21210.0,2958.0,3195.0,8638.0
9808,9006.0,473.0,1678.0,1755.0
9809,2494.0,730.0,2268.0,4454.0
9810,5033.0,180.0,1885.0,6921.0
9811,9645.0,1186.0,1996.0,11289.0
9812,3224.0,549.0,953.0,6203.0
9813,25023.0,3391.0,4348.0,7694.0
9814,4127.0,808.0,2683.0,4844.0
9815,8420.0,658.0,1764.0,7593.0
9816,5502.0,856.0,1332.0,5256.0
9817,7433.0,807.0,1966.0,-0.0
9818,15154.0,1382.0,1276.0,10706.0
9819,18678.0,1483.0,823.0,6826.0
9820,10143.0,925.0,-0.0,7846.0
9821,14520.0,728.0,1249.0,5197.0
9822,9342.0,1574.0,4096.0,6754.0
9823,18040.0,766.0,2419.0,8300.0
9824,57197.0,6123.0,16040.0,27816.0
9825,4221.0,1039.0,2169.0,11431.0
9826,5709.0,280.0,1181.0,4570.0
9827,13301.0,1139.0,2534.0,9312.0
9828,6110.0,775.0,1267.0,1900.0
9829,3794.0,807.0,360.0,4842.0
9830,32181.0,1587.0,2942.0,6551.0
9831,55476.0,3890.0,4996.0,10888.0
9832,3967.0,813.0,1796.0,4127.0
9833,10061.0,452.0,1474.0,7928.0
9834,4933.0,708.0,2677.0,5840.0
9835,97039.0,22172.0,1504473.0,388521.0
9836,6831.0,1007.0,-0.0,4336.0
9837,4361.0,444.0,2964.0,8066.0
9838,24932.0,1721.0,1843.0,1695.0
9839,12455.0,689.0,2718.0,7050.0
9840,5859.0,907.0,2260.0,12397.0
9841,13534.0,1566.0,2873.0,6143.0
9842,6322.0,788.0,1461.0,10191.0
9843,33836.0,2034.0,7029.0,7406.0
9844,8529.0,1037.0,1932.0,7233.0
9845,25321.0,5891.0,6795.0,13609.0
9846,7006.0,929.0,3724.0,8372.0
9847,3426.0,400.0,1621.0,8691.0
9848,6812.0,1161.0,2732.0,2441.0
9849,30930.0,2744.0,2039.0,11847.0
9850,4262.0,151.0,1263.0,845.0
9851,5185.0,807.0,1992.0,11589.0
9852,2766.0,530.0,371.0,5572.0
9853,13281.0,544.0,2095.0,3817.0
9854,4604.0,1011.0,2461.0,7097.0
9855,2471.0,265.0,251.0,3421.0
9856,4659.0,567.0,588.0,3343.0
9857,2482.0,951.0,3822.0,8192.0
9858,8195.0,962.0,4440.0,6699.0
9859,6391.0,293.0,311.0,3604.0
9860,4543.0,609.0,1723.0,3066.0
9861,8207.0,1545.0,2227.0,10970.0
9862,3908.0,1243.0,1998.0,10035.0
9863,6817.0,699.0,3740.0,14434.0
9864,8634.0,1128.0,1085.0,9116.0
9865,46746.0,3099.0,1468.0,9752.0
9866,5518.0,333.0,1282.0,8883.0
9867,21678.0,904.0,2745.0,4847.0
9868,4640.0,842.0,1795.0,17474.0
9869,20733.0,2766.0,3580.0,7972.0
9870,18018.0,981.0,1559.0,5111.0
9871,4817.0,680.0,845.0,10671.0
9872,4571.0,669.0,2088.0,1705.0
9873,4211.0,761.0,1815.0,4765.0
9874,7354.0,1153.0,919.0,10397.0
9875,3881.0,951.0,971.0,3530.0
9876,5865.0,329.0,744.0,6332.0
9877,4219.0,199.0,2187.0,7889.0
9878,5647.0,821.0,2021.0,3210.0
9879,2474.0,355.0,1389.0,9289.0
9880,6944.0,1508.0,2511.0,13858.0
9881,3399.0,468.0,635.0,6581.0
9882,3996.0,305.0,1815.0,9684.0
9883,3617.0,956.0,2690.0,11820.0
9884,4559.0,655.0,1230.0,9476.0
9885,15525.0,1466.0,4054.0,6756.0
9886,18319.0,1094.0,2271.0,5943.0
9887,6827.0,1463.0,-0.0,3261.0
9888,41323.0,2799.0,212.0,3044.0
9889,6252.0,1189.0,-0.0,3885.0
9890,3326.0,276.0,3350.0,14733.0
9891,2491.0,316.0,2745.0,15475.0
9892,8311.0,1467.0,1033.0,8923.0
9893,27891.0,2033.0,1571.0,10455.0
9894,15614.0,1222.0,1731.0,5648.0
9895,2523.0,107.0,-0.0,9854.0
9896,5491.0,512.0,2272.0,1081.0
9897,3808.0,275.0,1767.0,1567.0
9898,3452.0,564.0,1504.0,4852.0
9899,6314.0,699.0,2747.0,7186.0
9900,3703.0,405.0,434.0,3144.0
9901,19453.0,2528.0,2311.0,13188.0
9902,7877.0,1099.0,469.0,3705.0
9903,4000.0,426.0,1058.0,4125.0
9904,3684.0,922.0,762.0,7080.0
9905,43376.0,6431.0,12620.0,18391.0
9906,4067.0,384.0,1102.0,4355.0
9907,16507.0,1227.0,3463.0,10186.0
9908,5671.0,1078.0,1656.0,5088.0
9909,13970.0,1415.0,1078.0,3471.0
9910,6441.0,597.0,804.0,6254.0
9911,6814.0,561.0,3252.0,10767.0
9912,68232.0,18831.0,25439.0,93399.0
9913,3969.0,355.0,1707.0,2888.0
9914,14807.0,1346.0,1168.0,10561.0
9915,212719.0,54296.0,186764.0,79932.0
9916,30040.0,1695.0,2372.0,5937.0
9917,5685.0,605.0,644.0,6207.0
9918,4169.0,976.0,2156.0,5209.0
9919,5160.0,651.0,398.0,13571.0
9920,3576.0,603.0,584.0,5218.0
9921,12843.0,2576.0,2957.0,13872.0
9922,4112.0,1228.0,1764.0,2285.0
9923,7021.0,918.0,2280.0,7700.0
9924,28891.0,4034.0,1768.0,7572.0
9925,5855.0,626.0,1926.0,9962.0
9926,3807.0,1411.0,2201.0,6969.0
9927,5787.0,654.0,808.0,8393.0
9928,12678.0,474.0,2225.0,10278.0
9929,2525.0,1024.0,1205.0,4004.0
9930,14917.0,2277.0,2229.0,9404.0
9931,4338.0,764.0,1388.0,7806.0
9932,2635.0,389.0,987.0,7135.0
9933,25920.0,2641.0,5093.0,15950.0
9934,6232.0,1004.0,1451.0,11121.0
9935,2869.0,1206.0,3010.0,8804.0
9936,3205.0,303.0,1444.0,5328.0
9937,3437.0,815.0,1534.0,4457.0
9938,29313.0,2952.0,1900.0,5208.0
9939,8486.0,626.0,1037.0,2956.0
9940,3105.0,283.0,426.0,11100.0
9941,54206.0,3948.0,2083.0,3157.0
9942,2667.0,339.0,-0.0,6205.0
9943,7923.0,835.0,5111.0,8610.0
9944,3073.0,557.0,930.0,3085.0
9945,14859.0,1411.0,3795.0,4872.0
9946,5547.0,959.0,1832.0,4647.0
9947,5175.0,1305.0,1894.0,5650.0
9948,6071.0,817.0,2697.0,15100.0
9949,4168.0,193.0,1774.0,14135.0
9950,20037.0,1797.0,1666.0,13859.0
9951,3590.0,339.0,715.0,62.0
9952,24206.0,5189.0,2589.0,7179.0
9953,6108.0,1694.0,1159.0,5367.0
9954,4648.0,454.0,2368.0,4064.0
9955,35481.0,3057.0,3410.0,4176.0
9956,22068.0,1638.0,2178.0,9698.0
9957,34734.0,1852.0,2931.0,8763.0
9958,4005.0,254.0,933.0,7496.0
9959,9184.0,1074.0,1138.0,13245.0
9960,16649.0,843.0,3089.0,1059.0
9961,7426.0,598.0,2039.0,11450.0
9962,15319.0,1230.0,1238.0,9279.0
9963,6549.0,714.0,2372.0,7453.0
9964,14033.0,2791.0,2444.0,4035.0
9965,18334.0,1031.0,1176.0,5112.0
9966,4084.0,746.0,1316.0,10372.0
9967,2646.0,240.0,1008.0,11342.0
9968,4439.0,963.0,2158.0,4403.0
9969,4332.0,797.0,631.0,6166.0
9970,4491.0,1101.0,2823.0,7033.0
9971,5968.0,560.0,721.0,4664.0
9972,6980.0,879.0,2220.0,8095.0
9973,4544.0,704.0,1865.0,8246.0
9974,6230.0,769.0,1595.0,5161.0
9975,4419.0,678.0,1856.0,5662.0
9976,4243.0,981.0,1811.0,7589.0
9977,6803.0,479.0,1635.0,9988.0
9978,4100.0,182.0,488.0,9029.0
9979,5517.0,773.0,724.0,1027.0
9980,8166.0,172.0,537.0,5601.0
9981,5276.0,652.0,1569.0,9088.0
9982,9469.0,917.0,3529.0,19295.0
9983,2825.0,276.0,937.0,4051.0
9984,3056.0,336.0,2321.0,9701.0
9985,9411.0,1123.0,3088.0,3101.0
9986,4474.0,925.0,2977.0,8573.0
9987,9307.0,920.0,2190.0,11095.0
9988,4889.0,605.0,1052.0,4708.0
9989,10327.0,929.0,1708.0,2005.0
9990,4197.0,564.0,183.0,7947.0
9991,3376.0,232.0,584.0,9367.0
9992,4859.0,782.0,2221.0,10334.0
9993,3459.0,436.0,808.0,2699.0
9994,8463.0,731.0,1510.0,4654.0
9995,6903.0,906.0,1081.0,5051.0
9996,23311.0,2369.0,2257.0,8817.0
9997,4198.0,988.0,1569.0,6190.0
9998,4435.0,538.0,1725.0,504.0
9999,4792.0,689.0,595.0,2520.0
10000,42361.0,3236.0,1784.0,2979.0
10001,2577.0,120.0,1508.0,9172.0
10002,2931.0,790.0,-0.0,4672.0
10003,25199.0,2959.0,1737.0,11277.0
10004,7457.0,1315.0,1604.0,9732.0
10005,3453.0,342.0,2826.0,2455.0
10006,2533.0,371.0,2652.0,14301.0
10007,10240.0,667.0,2220.0,7458.0
10008,7652.0,824.0,3591.0,7462.0
10009,5560.0,988.0,1685.0,14854.0
10010,4302.0,512.0,2459.0,13675.0
10011,14118.0,1394.0,2407.0,12822.0
10012,4203.0,819.0,1578.0,5196.0
10013,3930.0,423.0,1688.0,4524.0
10014,3345.0,592.0,1072.0,8143.0
10015,8575.0,712.0,142.0,3947.0
10016,18897.0,1165.0,2100.0,9157.0
10017,24441.0,1522.0,2416.0,8665.0
10018,5600.0,497.0,2340.0,3773.0
10019,14249.0,722.0,3106.0,11144.0
10020,25791.0,4866.0,283750.0,226359.0
10021,21807.0,1985.0,1640.0,10351.0
10022,6076.0,1065.0,1555.0,8207.0
10023,5273.0,994.0,781.0,5240.0
10024,11077.0,1550.0,1087.0,6626.0
10025,2633.0,293.0,1004.0,9510.0
10026,7131.0,771.0,2368.0,6943.0
10027,2490.0,377.0,458.0,-0.0
10028,3614.0,595.0,3436.0,4681.0
10029,16478.0,2007.0,1070.0,8611.0
10030,4063.0,865.0,1409.0,6962.0
10031,7711.0,1516.0,2773.0,3723.0
10032,5982.0,1577.0,2222.0,10989.0
10033,22403.0,2363.0,1310.0,7809.0
10034,5297.0,782.0,936.0,6644.0
10035,4110.0,554.0,1584.0,7145.0
10036,24623.0,2904.0,4058.0,13751.0
10037,6506.0,398.0,2365.0,8268.0
10038,22837.0,909.0,1741.0,12409.0
10039,7169.0,1744.0,1461.0,13373.0
10040,17261.0,2007.0,3499.0,9712.0
10041,30764.0,847.0,2638.0,14188.0
10042,10258.0,1010.0,1425.0,9572.0
10043,22612.0,2445.0,38648.0,43637.0
10044,8974.0,1012.0,552.0,16469.0
10045,7623.0,1235.0,2003.0,10958.0
10046,3413.0,406.0,2585.0,17086.0
10047,8382.0,421.0,2841.0,7065.0
10048,21723.0,2615.0,2593.0,19840.0
10049,11606.0,933.0,2979.0,5701.0
10050,26429.0,2255.0,532.0,2741.0
10051,3467.0,755.0,125.0,4327.0
10052,8982.0,1297.0,4721.0,6718.0
10053,41275.0,3182.0,19206.0,27548.0
10054,3975.0,978.0,1482.0,7085.0
10055,3010.0,419.0,2054.0,6124.0
10056,2893.0,347.0,734.0,2537.0
10057,4764.0,503.0,727.0,10187.0
10058,5814.0,455.0,478.0,5123.0
10059,2939.0,418.0,2754.0,14391.0
10060,2900.0,255.0,-0.0,11461.0
10061,4612.0,1224.0,2507.0,8218.0
10062,21038.0,1547.0,1156.0,6341.0
10063,10415.0,1368.0,3836.0,10856.0
10064,29146.0,2664.0,2146.0,8224.0
10065,5919.0,1088.0,1420.0,10574.0
10066,7871.0,669.0,1708.0,11275.0
10067,6309.0,947.0,2084.0,8838.0
10068,44413.0,2003.0,5866.0,14988.0
10069,16954.0,1625.0,1216.0,11746.0
10070,4960.0,1233.0,2759.0,10400.0
10071,22151.0,1860.0,2218.0,6020.0
10072,3073.0,416.0,1020.0,6139.0
10073,30304.0,9586.0,26530.0,20200.0
10074,5028.0,1252.0,2330.0,8231.0
10075,3034.0,125.0,2474.0,3249.0
10076,9549.0,1415.0,1056.0,8720.0
10077,3372.0,631.0,1723.0,3394.0
10078,4726.0,695.0,1863.0,7834.0
10079,9688.0,1133.0,1301.0,424.0
10080,10593.0,1616.0,3022.0,9971.0
10081,4014.0,112.0,478.0,7541.0
10082,4459.0,716.0,1166.0,-0.0
10083,20111.0,1751.0,2198.0,12262.0
10084,21273.0,1992.0,-0.0,4695.0
10085,3747.0,710.0,3255.0,7479.0
10086,4533.0,729.0,3424.0,12926.0
10087,2517.0,84.0,1089.0,7884.0
10088,4277.0,1506.0,2232.0,11383.0
10089,13971.0,2480.0,4525.0,11749.0
10090,10999.0,488.0,1723.0,9346.0
10091,5941.0,459.0,2651.0,4996.0
10092,4081.0,391.0,1217.0,10783.0
10093,12082.0,1044.0,1534.0,16868.0
10094,7858.0,877.0,1717.0,9866.0
10095,6985.0,766.0,2422.0,5075.0
10096,18107.0,1711.0,3899.0,7099.0
10097,28873.0,3761.0,3290.0,8041.0
10098,2808.0,232.0,-0.0,2754.0
10099,4101.0,1529.0,2022.0,10255.0
10100,4069.0,540.0,336.0,18271.0
10101,2910.0,1602.0,14429.0,10477.0
10102,3917.0,673.0,3016.0,15627.0
10103,2863.0,507.0,674.0,8661.0
10104,4804.0,197.0,359.0,4986.0
10105,157625.0,11991.0,118192.0,203075.0
10106,10417.0,1476.0,3278.0,6630.0
10107,12809.0,822.0,2144.0,15564.0
10108,4514.0,738.0,1910.0,2549.0
10109,10462.0,1212.0,5378.0,11162.0
10110,3575.0,614.0,1760.0,3800.0
10111,4495.0,870.0,2634.0,9321.0
10112,3439.0,751.0,2821.0,11326.0
10113,2501.0,882.0,1332.0,10222.0
10114,4444.0,912.0,1628.0,12259.0
10115,4274.0,832.0,1258.0,6210.0
10116,4672.0,1175.0,2548.0,5774.0
10117,30585.0,2729.0,1744.0,6036.0
10118,7273.0,1267.0,3135.0,4249.0
10119,7319.0,1287.0,1520.0,3556.0
10120,5107.0,1139.0,1740.0,3868.0
10121,5073.0,970.0,973.0,7677.0
10122,21907.0,890.0,2983.0,13556.0
10123,7353.0,1623.0,1864.0,6821.0
10124,3706.0,497.0,3216.0,4874.0
10125,6207.0,1110.0,1021.0,5005.0
10126,3862.0,758.0,1745.0,16035.0
10127,11477.0,3226.0,8340.0,16591.0
10128,9240.0,793.0,1626.0,9550.0
10129,5112.0,655.0,204.0,8035.0
10130,11354.0,1175.0,4592.0,6815.0
10131,4766.0,551.0,1287.0,2263.0
10132,24235.0,1994.0,1417.0,9189.0
10133,5018.0,308.0,3063.0,1764.0
10134,5421.0,1034.0,716.0,5868.0
10135,15136.0,1516.0,1239.0,13712.0
10136,3480.0,271.0,1669.0,3823.0
10137,5901.0,920.0,2481.0,7058.0
10138,3881.0,861.0,3563.0,4726.0
10139,6907.0,419.0,1714.0,8285.0
10140,6994.0,642.0,2015.0,4653.0
10141,20568.0,1133.0,2165.0,15797.0
10142,9156.0,1374.0,3016.0,15067.0
10143,6293.0,334.0,772.0,12218.0
10144,4908.0,500.0,2079.0,1220.0
10145,3370.0,826.0,1931.0,7756.0
10146,2827.0,429.0,679.0,11226.0
10147,49537.0,3250.0,1272.0,7375.0
10148,5496.0,465.0,4589.0,5007.0
10149,9433.0,816.0,580.0,8805.0
10150,5568.0,1032.0,1496.0,4245.0
10151,3195.0,1217.0,1457.0,11979.0
10152,48870.0,2665.0,4603.0,6879.0
10153,3392.0,598.0,1652.0,5287.0
10154,21860.0,2003.0,2747.0,6756.0
10155,25609.0,1432.0,2185.0,8575.0
10156,4027.0,564.0,2129.0,9710.0
10157,4341.0,395.0,1856.0,10005.0
10158,2725.0,467.0,1351.0,3901.0
10159,5661.0,667.0,2935.0,7425.0
10160,20033.0,1993.0,1352.0,11492.0
10161,7343.0,531.0,2975.0,8925.0
10162,4116.0,616.0,674.0,17445.0
10163,34263.0,2021.0,1974.0,3313.0
10164,5628.0,596.0,2715.0,11159.0
10165,17736.0,1087.0,1098.0,6748.0
10166,6040.0,451.0,2163.0,8418.0
10167,7903.0,698.0,1135.0,7468.0
10168,6530.0,1723.0,1932.0,2325.0
10169,3116.0,902.0,1430.0,3953.0
10170,26296.0,2508.0,1506.0,5285.0
10171,23438.0,2898.0,2801.0,15499.0
10172,2653.0,76.0,182.0,7247.0
10173,9628.0,1387.0,1665.0,5436.0
10174,10794.0,912.0,1427.0,4154.0
10175,28049.0,1634.0,2594.0,10109.0
10176,32671.0,2953.0,680.0,11072.0
10177,29066.0,2666.0,2353.0,10761.0
10178,3047.0,423.0,-0.0,6152.0
10179,10030.0,1117.0,2542.0,5447.0
10180,4348.0,857.0,2489.0,10767.0
10181,2836.0,381.0,944.0,4801.0
10182,5434.0,533.0,2149.0,6633.0
10183,4278.0,223.0,2593.0,12771.0
10184,10690.0,1372.0,1883.0,7261.0
10185,2821.0,276.0,1765.0,19052.0
10186,23180.0,1646.0,3213.0,11892.0
10187,17463.0,1490.0,2599.0,6492.0
10188,26606.0,3001.0,2578.0,3096.0
10189,4537.0,506.0,2321.0,5686.0
10190,3866.0,651.0,654.0,8144.0
10191,6923.0,854.0,269.0,6678.0
10192,17326.0,2004.0,2865.0,22007.0
10193,6620.0,1226.0,2670.0,11917.0
10194,3203.0,62.0,2209.0,3373.0
10195,29884.0,2659.0,1247.0,12241.0
10196,10139.0,2080.0,2753.0,4486.0
10197,4610.0,552.0,2528.0,4901.0
10198,8402.0,262.0,1796.0,5560.0
10199,41031.0,3200.0,7233.0,6742.0
10200,2617.0,240.0,645.0,7432.0
10201,44866.0,4414.0,4681.0,4634.0
10202,22390.0,2453.0,2853.0,11757.0
10203,28839.0,2958.0,991.0,7567.0
10204,2743.0,518.0,1592.0,8620.0
10205,7612.0,563.0,4195.0,3134.0
10206,28569.0,3005.0,1996.0,12519.0
10207,5076.0,876.0,3821.0,3313.0
10208,4912.0,422.0,3784.0,17491.0
10209,4327.0,176.0,2194.0,10707.0
10210,4523.0,723.0,1189.0,1087.0
10211,7120.0,520.0,1205.0,4424.0
10212,7894.0,595.0,1787.0,4528.0
10213,8056.0,1989.0,2435.0,9680.0
10214,28898.0,1860.0,3141.0,10852.0
10215,3907.0,986.0,2445.0,4713.0
10216,7042.0,1079.0,473.0,4948.0
10217,3747.0,1412.0,900.0,5692.0
10218,5426.0,1378.0,760.0,9446.0
10219,6302.0,897.0,1599.0,5645.0
10220,3914.0,391.0,2749.0,6619.0
10221,5760.0,286.0,2085.0,3278.0
10222,9494.0,1210.0,1747.0,8013.0
10223,5259.0,1409.0,2457.0,11891.0
10224,3608.0,1039.0,1524.0,10500.0
10225,2615.0,129.0,1607.0,6581.0
10226,36735.0,12595.0,4195.0,23763.0
10227,9943.0,1137.0,435.0,9708.0
10228,7994.0,698.0,2273.0,13550.0
10229,3177.0,690.0,1167.0,10126.0
10230,4174.0,1038.0,4514.0,15016.0
10231,3735.0,1138.0,1651.0,5816.0
10232,4311.0,487.0,1628.0,7082.0
10233,3102.0,957.0,231.0,7271.0
10234,2984.0,948.0,1557.0,9317.0
10235,4703.0,1017.0,2449.0,7915.0
10236,3318.0,599.0,2555.0,5252.0
10237,44777.0,3413.0,3458.0,11343.0
10238,11104.0,965.0,-0.0,3250.0
10239,2461.0,1459.0,11521.0,5784.0
10240,6502.0,1214.0,755.0,6664.0
10241,9980.0,1276.0,2562.0,9947.0
10242,10924.0,695.0,3459.0,7955.0
10243,3088.0,546.0,831.0,4173.0
10244,17228.0,2063.0,151.0,9137.0
10245,4261.0,806.0,3590.0,4148.0
10246,15475.0,5820.0,9035.0,19981.0
10247,6127.0,823.0,1037.0,6156.0
10248,41425.0,4838.0,7940.0,12946.0
10249,17734.0,1313.0,3528.0,8649.0
10250,2872.0,714.0,592.0,7701.0
10251,6527.0,614.0,1782.0,10171.0
10252,4696.0,1234.0,2511.0,10897.0
10253,23363.0,8673.0,20508.0,31078.0
10254,3638.0,712.0,1431.0,11622.0
10255,28417.0,3729.0,6643.0,12674.0
10256,7984.0,1262.0,3720.0,7303.0
10257,11361.0,1671.0,1230.0,11473.0
10258,58413.0,3597.0,3270.0,11027.0
10259,5501.0,487.0,764.0,6390.0
10260,4518.0,1029.0,1359.0,15684.0
10261,3987.0,475.0,1181.0,9869.0
10262,3119.0,859.0,3114.0,3494.0
10263,3769.0,128.0,3970.0,11678.0
10264,3013.0,221.0,2433.0,-0.0
10265,2845.0,326.0,434.0,-0.0
10266,5889.0,760.0,1215.0,8862.0
10267,24575.0,1614.0,710.0,1734.0
10268,4988.0,1083.0,1941.0,4627.0
10269,24467.0,2582.0,1719.0,15473.0
10270,7530.0,1142.0,1671.0,12672.0
10271,5569.0,654.0,1113.0,16645.0
10272,3299.0,684.0,942.0,4016.0
10273,33947.0,1824.0,5468.0,2654.0
10274,4446.0,547.0,1262.0,1239.0
10275,6559.0,393.0,2038.0,5988.0
10276,5538.0,627.0,2113.0,4702.0
10277,8442.0,2008.0,5202.0,12539.0
10278,10710.0,825.0,2466.0,7948.0
10279,3802.0,399.0,3327.0,6279.0
10280,39482.0,3818.0,4275.0,12223.0
10281,6270.0,963.0,959.0,6591.0
10282,15101.0,2571.0,1018.0,6945.0
10283,11441.0,821.0,2259.0,606.0
10284,5236.0,766.0,2335.0,14531.0
10285,7953.0,529.0,940.0,3774.0
10286,3461.0,360.0,2537.0,15552.0
10287,8482.0,259.0,639.0,3759.0
10288,3095.0,610.0,1369.0,11814.0
10289,5343.0,475.0,2162.0,8749.0
10290,59669.0,3500.0,41172.0,18401.0
10291,14437.0,463.0,2447.0,8229.0
10292,3758.0,712.0,1746.0,6129.0
10293,3719.0,592.0,1631.0,3641.0
10294,4462.0,573.0,4246.0,7768.0
10295,7823.0,694.0,2874.0,7945.0
10296,26082.0,1573.0,4247.0,12828.0
10297,6800.0,1296.0,2172.0,2018.0
10298,4562.0,292.0,3459.0,10467.0
10299,3674.0,1091.0,1931.0,7402.0
10300,6032.0,1475.0,1809.0,3955.0
10301,18108.0,1377.0,897.0,5360.0
10302,5396.0,417.0,2198.0,2700.0
10303,5406.0,461.0,2168.0,3901.0
10304,6881.0,176.0,1827.0,10557.0
10305,4088.0,452.0,2876.0,13093.0
10306,9379.0,1580.0,1833.0,12157.0
10307,7329.0,782.0,794.0,4973.0
10308,3656.0,741.0,2812.0,8782.0
10309,12196.0,910.0,1541.0,6726.0
10310,8167.0,562.0,5333.0,2018.0
10311,19894.0,1452.0,2627.0,12641.0
10312,6729.0,429.0,1039.0,3093.0
10313,3592.0,972.0,1414.0,6690.0
10314,8348.0,910.0,2384.0,9116.0
10315,14354.0,1572.0,2254.0,9696.0
10316,3194.0,877.0,1184.0,6956.0
10317,2719.0,694.0,1113.0,6124.0
10318,4404.0,240.0,1934.0,4149.0
10319,11898.0,1974.0,641.0,3170.0
10320,5755.0,1795.0,3396.0,8832.0
10321,33223.0,2813.0,3083.0,9860.0
10322,2564.0,587.0,2968.0,11317.0
10323,16670.0,1556.0,3685.0,9611.0
10324,10281.0,945.0,42.0,11361.0
10325,3439.0,520.0,2800.0,8014.0
10326,5256.0,576.0,606.0,6740.0
10327,3115.0,625.0,3513.0,16126.0
10328,4766.0,767.0,2725.0,9633.0
10329,3249.0,277.0,952.0,276.0
10330,4866.0,98.0,2567.0,8594.0
10331,13732.0,2398.0,3498.0,4134.0
10332,9146.0,1585.0,3105.0,10306.0
10333,10134.0,919.0,1818.0,8417.0
10334,6416.0,756.0,1437.0,3703.0
10335,22165.0,943.0,2104.0,7384.0
10336,3521.0,524.0,2048.0,8221.0
10337,9560.0,1590.0,3064.0,4044.0
10338,8543.0,1458.0,2201.0,11331.0
10339,4991.0,670.0,2248.0,6691.0
10340,6941.0,622.0,3966.0,4902.0
10341,2977.0,829.0,368.0,1180.0
10342,22239.0,3190.0,1393.0,6993.0
10343,21037.0,3686.0,847338.0,376110.0
10344,43908.0,1741.0,2419.0,5902.0
10345,34561.0,2440.0,2133.0,12094.0
10346,7314.0,348.0,4152.0,13906.0
10347,5802.0,493.0,1633.0,15046.0
10348,4838.0,1714.0,1443.0,10816.0
10349,3768.0,411.0,885.0,2244.0
10350,4105.0,1022.0,1103.0,5905.0
10351,7661.0,911.0,1336.0,10164.0
10352,4170.0,1141.0,614.0,10323.0
10353,31491.0,3615.0,3298.0,9660.0
10354,5836.0,824.0,1615.0,3968.0
10355,6986.0,671.0,637.0,2185.0
10356,16366.0,2056.0,3027.0,6134.0
10357,3038.0,1064.0,3194.0,5853.0
10358,6653.0,1045.0,2920.0,13897.0
10359,8940.0,883.0,1520.0,12285.0
10360,5170.0,536.0,3187.0,15404.0
10361,641211.0,114507.0,45255.0,376439.0
10362,5050.0,1814.0,871.0,-0.0
10363,33612.0,1771.0,1842.0,12931.0
10364,3100.0,929.0,1316.0,9947.0
10365,42809.0,4776.0,1176.0,8306.0
10366,35141.0,8937.0,37075.0,22197.0
10367,4144.0,831.0,4004.0,9255.0
10368,13449.0,908.0,2010.0,10490.0
10369,9628.0,2212.0,2295.0,6177.0
10370,2529.0,1041.0,1632.0,11042.0
10371,2849.0,671.0,2818.0,10110.0
10372,4711.0,942.0,986.0,6180.0
10373,2703.0,378.0,560.0,5325.0
10374,3775.0,811.0,2334.0,7808.0
10375,37813.0,3196.0,3044.0,8809.0
10376,4712.0,291.0,956.0,8589.0
10377,11264.0,3082.0,6376.0,13592.0
10378,3807.0,1059.0,2238.0,3479.0
10379,22051.0,926.0,2238.0,4518.0
10380,4061.0,1073.0,1988.0,2654.0
10381,9548.0,993.0,2047.0,10836.0
10382,30554.0,2032.0,2528.0,17229.0
10383,7058.0,1460.0,680.0,8976.0
10384,8474.0,469.0,416.0,9608.0
10385,4488.0,662.0,2088.0,2747.0
10386,6777.0,991.0,1580.0,5260.0
10387,5739.0,344.0,1819.0,3174.0
10388,5266.0,398.0,1312.0,7408.0
10389,3282.0,488.0,-0.0,15441.0
10390,5939.0,461.0,1985.0,6841.0
10391,18100.0,1167.0,146.0,7866.0
10392,4866.0,1204.0,2230.0,2797.0
10393,5521.0,440.0,2092.0,6662.0
10394,26184.0,2376.0,4564.0,13855.0
10395,4697.0,737.0,2055.0,7896.0
10396,6369.0,934.0,658.0,10956.0
10397,5495.0,614.0,1734.0,12998.0
10398,4809.0,576.0,237.0,7967.0
10399,4145.0,1099.0,1928.0,1812.0
10400,14982.0,2032.0,2663.0,14499.0
10401,5073.0,471.0,1185.0,8449.0
10402,7859.0,756.0,3309.0,6395.0
10403,16148.0,1804.0,2633.0,7672.0
10404,4278.0,719.0,912.0,12819.0
10405,15655.0,1297.0,2088.0,8760.0
10406,5590.0,761.0,758.0,5807.0
10407,4690.0,1186.0,512.0,4725.0
10408,25374.0,1739.0,2420.0,14260.0
10409,6798.0,1295.0,817.0,2317.0
10410,6537.0,654.0,1500.0,4028.0
10411,7309.0,650.0,3353.0,9765.0
10412,2702.0,1257.0,1013.0,4176.0
10413,4542.0,836.0,1660.0,10230.0
10414,6919.0,437.0,1756.0,-0.0
10415,14686.0,973.0,1199.0,3507.0
10416,31995.0,1350.0,1752.0,15549.0
10417,29903.0,1995.0,4438.0,2334.0
10418,3247.0,558.0,1322.0,7952.0
10419,6718.0,782.0,1048.0,2047.0
10420,2699.0,1107.0,4427.0,8218.0
10421,5051.0,716.0,1997.0,4675.0
10422,4313.0,346.0,1092.0,-0.0
10423,4049.0,677.0,2181.0,3362.0
10424,6899.0,789.0,5862.0,9235.0
10425,5685.0,492.0,1573.0,987.0
10426,7026.0,1432.0,1229.0,3967.0
10427,24939.0,2283.0,7834.0,10477.0
10428,3357.0,633.0,1241.0,602.0
10429,9381.0,992.0,2157.0,6784.0
10430,8009.0,1268.0,3487.0,8066.0
10431,34951.0,2158.0,2448.0,10945.0
10432,3251.0,458.0,420.0,8132.0
10433,5185.0,1132.0,241.0,6050.0
10434,2976.0,274.0,2335.0,4035.0
10435,7760.0,857.0,3348.0,13039.0
10436,5755.0,495.0,2023.0,6903.0
10437,8303.0,1333.0,2584.0,3592.0
10438,4671.0,576.0,4321.0,13200.0
10439,3003.0,390.0,452.0,8203.0
10440,9857.0,923.0,604.0,4928.0
10441,26983.0,2060.0,1638.0,9646.0
10442,4057.0,1353.0,2235.0,8028.0
10443,12317.0,1686.0,2470.0,1572.0
10444,5644.0,736.0,1442.0,9778.0
10445,7812.0,1355.0,2904.0,3712.0
10446,5265.0,1040.0,1136.0,11743.0
10447,3055.0,683.0,600.0,-0.0
10448,10081.0,678.0,2170.0,7883.0
10449,9947.0,1552.0,1309.0,10166.0
10450,5403.0,631.0,2117.0,8816.0
10451,15268.0,953.0,2338.0,9899.0
10452,8913.0,1888.0,1922.0,6369.0
10453,4497.0,1193.0,1848.0,6352.0
10454,4558.0,772.0,2156.0,9513.0
10455,19638.0,2440.0,1568.0,7702.0
10456,31219.0,3073.0,3205.0,5932.0
10457,4518.0,716.0,2553.0,367.0
10458,5382.0,1209.0,1292.0,7014.0
10459,19582.0,1723.0,5552.0,14327.0
10460,26912.0,2064.0,2993.0,8112.0
10461,8696.0,541.0,2482.0,11277.0
10462,8515.0,901.0,1205.0,11048.0
10463,2652.0,995.0,1152.0,12841.0
10464,5426.0,263.0,2855.0,4356.0
10465,5302.0,1122.0,-0.0,6505.0
10466,3020.0,137.0,6242.0,9676.0
10467,29810.0,3078.0,1517.0,6113.0
10468,4133.0,432.0,1633.0,6657.0
10469,7304.0,994.0,1110.0,1150.0
10470,7222.0,517.0,1553.0,11201.0
10471,3777.0,705.0,3088.0,7326.0
10472,6164.0,637.0,2134.0,4156.0
10473,3989.0,1602.0,1900.0,6209.0
10474,6723.0,315.0,1629.0,9593.0
10475,4280.0,934.0,3603.0,7813.0
10476,4670.0,337.0,3593.0,7671.0
10477,2592.0,359.0,2603.0,7949.0
10478,4587.0,1079.0,830.0,6382.0
10479,14759.0,1334.0,2723.0,8309.0
10480,22881.0,1744.0,659.0,10229.0
10481,2906.0,905.0,1296.0,15410.0
10482,9391.0,1796.0,1845.0,9252.0
10483,6640.0,1231.0,1423.0,4378.0
10484,3384.0,873.0,1577.0,7104.0
10485,21434.0,1568.0,2178.0,6463.0
10486,6578.0,315.0,1461.0,11134.0
10487,3590.0,1080.0,1684.0,8525.0
10488,2494.0,657.0,1782.0,14044.0
10489,5999.0,426.0,2453.0,526.0
10490,32752.0,2972.0,15478.0,21412.0
10491,4878.0,348.0,1562.0,1840.0
10492,16551.0,1382.0,1673.0,5356.0
10493,2659.0,444.0,2631.0,10789.0
10494,5815.0,1249.0,1464.0,220.0
10495,6021.0,1036.0,1073.0,4055.0
10496,7874.0,1420.0,3264.0,8922.0
10497,11453.0,982.0,3063.0,5429.0
10498,5544.0,578.0,2136.0,3895.0
10499,14143.0,994.0,1492.0,11269.0
10500,28856.0,2725.0,2127.0,13086.0
10501,28892.0,3137.0,1911.0,11603.0
10502,4844.0,491.0,3869.0,5825.0
10503,2951.0,297.0,-0.0,14179.0
10504,5265.0,275.0,632.0,6310.0
10505,2797.0,619.0,1943.0,1662.0
10506,2746.0,722.0,1575.0,5422.0
10507,26894.0,1787.0,4024.0,9767.0
10508,3234.0,1179.0,2970.0,12609.0
10509,38754.0,11619.0,61521.0,126882.0
10510,2853.0,851.0,1184.0,8364.0
10511,7400.0,1373.0,3431.0,5206.0
10512,17421.0,784.0,2194.0,4026.0
10513,4998.0,344.0,1804.0,2597.0
10514,6041.0,1075.0,2027.0,4023.0
10515,3982.0,827.0,1633.0,4373.0
10516,2827.0,86.0,1251.0,1615.0
10517,7011.0,940.0,1195.0,10086.0
10518,24485.0,1435.0,2972.0,5491.0
10519,20029.0,1262.0,1685.0,14067.0
10520,44439.0,2445.0,1587.0,3989.0
10521,6603.0,504.0,1516.0,1141.0
10522,3216.0,720.0,1281.0,8958.0
10523,8095.0,596.0,2893.0,9272.0
10524,4499.0,611.0,4699.0,4694.0
10525,5249.0,1215.0,1239.0,4846.0
10526,4467.0,512.0,1645.0,8170.0
10527,3370.0,1077.0,1657.0,11231.0
10528,6731.0,877.0,1500.0,4627.0
10529,6576.0,503.0,2250.0,16112.0
10530,2615.0,1155.0,1336.0,21363.0
10531,6221.0,788.0,1672.0,8229.0
10532,4498.0,382.0,2819.0,6269.0
10533,6172.0,1231.0,-0.0,6524.0
10534,11532.0,1524.0,3161.0,7850.0
10535,7371.0,563.0,1072.0,4195.0
10536,9777.0,990.0,1559.0,-0.0
10537,17146.0,1417.0,2810.0,8552.0
10538,9514.0,406.0,1624.0,1168.0
10539,23047.0,3204.0,1282.0,13498.0
10540,2815.0,1220.0,2562.0,12835.0
10541,3262.0,988.0,2741.0,13205.0
10542,4136.0,968.0,880.0,1145.0
10543,3024.0,374.0,1530.0,6821.0
10544,3417.0,735.0,2372.0,9797.0
10545,2916.0,364.0,1633.0,5733.0
10546,27778.0,3406.0,3827.0,5802.0
10547,34703.0,2647.0,7198.0,9839.0
10548,5427.0,1241.0,2139.0,7742.0
10549,6590.0,1060.0,1378.0,3967.0
10550,2631.0,814.0,1868.0,18597.0
10551,2733.0,485.0,3344.0,4240.0
10552,4009.0,443.0,2261.0,4948.0
10553,4598.0,636.0,1790.0,5430.0
10554,3102.0,539.0,2121.0,4151.0
10555,3171.0,851.0,1702.0,9394.0
10556,20646.0,2643.0,450.0,3944.0
10557,8647.0,224.0,124.0,-0.0
10558,3725.0,761.0,1138.0,5797.0
10559,3600.0,931.0,2114.0,5231.0
10560,12064.0,1172.0,1842.0,1300.0
10561,6203.0,771.0,1141.0,2985.0
10562,12421.0,455.0,3322.0,2484.0
10563,4740.0,569.0,1472.0,8932.0
10564,23413.0,2070.0,1721.0,6592.0
10565,7250.0,725.0,1716.0,2575.0
10566,4449.0,964.0,1950.0,3812.0
10567,7296.0,507.0,3319.0,7364.0
10568,5835.0,853.0,2850.0,4976.0
10569,2509.0,470.0,2353.0,8195.0
10570,2645.0,542.0,439.0,13232.0
10571,5841.0,296.0,1288.0,7950.0
10572,7194.0,838.0,2004.0,5499.0
10573,5956.0,563.0,2127.0,6152.0
10574,2639.0,144.0,1639.0,15079.0
10575,5543.0,516.0,4225.0,15323.0
10576,11361.0,598.0,1944.0,8144.0
10577,4807.0,715.0,1764.0,2334.0
10578,4121.0,477.0,3247.0,1726.0
10579,4312.0,471.0,876.0,9735.0
10580,4637.0,75.0,1332.0,14046.0
10581,5061.0,999.0,1851.0,5079.0
10582,3603.0,227.0,599.0,13833.0
10583,29153.0,2736.0,2702.0,14493.0
10584,3119.0,584.0,1509.0,9842.0
10585,2898.0,1234.0,232.0,6435.0
10586,20101.0,2508.0,465.0,3673.0
10587,12711.0,739.0,1404.0,11482.0
10588,22119.0,730.0,1753.0,2359.0
10589,20798.0,2019.0,1277.0,3316.0
10590,8306.0,1529.0,1975.0,8095.0
10591,3544.0,381.0,2270.0,5176.0
10592,28980.0,2097.0,51298.0,48950.0
10593,5522.0,904.0,2129.0,8112.0
10594,9205.0,648.0,428.0,6376.0
10595,5734.0,59.0,1437.0,10485.0
10596,10406.0,1344.0,1686.0,5917.0
10597,4980.0,854.0,1183.0,4817.0
10598,5186.0,90.0,1659.0,7231.0
10599,2621.0,513.0,1565.0,4846.0
10600,4923.0,970.0,754.0,13858.0
10601,20311.0,2227.0,325.0,10575.0
10602,45586.0,7736.0,7236.0,17809.0
10603,3201.0,934.0,3291.0,3785.0
10604,6165.0,746.0,3488.0,5297.0
10605,4201.0,702.0,2187.0,10036.0
10606,45139.0,3716.0,2525.0,15085.0
10607,48743.0,2919.0,3117.0,7528.0
10608,3859.0,363.0,2037.0,9598.0
10609,26477.0,2202.0,3672.0,5705.0
10610,81646.0,5595.0,5717.0,17525.0
10611,4174.0,406.0,2493.0,7772.0
10612,14428.0,1074.0,2790.0,4559.0
10613,10470.0,1138.0,1989.0,8676.0
10614,11158.0,834.0,1432.0,4287.0
10615,6746.0,437.0,2299.0,2078.0
10616,32044.0,4603.0,63524.0,41483.0
10617,4790.0,454.0,533.0,5735.0
10618,4342.0,630.0,2299.0,15383.0
10619,33700.0,3163.0,1137.0,9721.0
10620,5728.0,316.0,1715.0,5015.0
10621,9606.0,786.0,1356.0,13550.0
10622,3296.0,352.0,2222.0,10328.0
10623,23865.0,2903.0,3173.0,17946.0
10624,2592.0,203.0,1168.0,-0.0
10625,5294.0,372.0,1737.0,3044.0
10626,3680.0,647.0,3418.0,12778.0
10627,80773.0,46797.0,9235.0,133433.0
10628,2700.0,522.0,219.0,7606.0
10629,5369.0,581.0,1885.0,5938.0
10630,10522.0,699.0,2095.0,5907.0
10631,5283.0,1043.0,1461.0,9997.0
10632,2622.0,724.0,2714.0,13102.0
10633,4180.0,527.0,2497.0,13564.0
10634,4623.0,363.0,938.0,5405.0
10635,3859.0,822.0,1285.0,9293.0
10636,3528.0,808.0,1757.0,7388.0
10637,5275.0,837.0,1289.0,4000.0
10638,23440.0,2470.0,2102.0,6719.0
10639,4470.0,460.0,1338.0,3342.0
10640,10231.0,466.0,2944.0,6373.0
10641,25376.0,2907.0,3786.0,7761.0
10642,7523.0,1490.0,3735.0,4753.0
10643,6577.0,172.0,1249.0,5221.0
10644,3474.0,153.0,966.0,3597.0
10645,2805.0,239.0,1475.0,11362.0
10646,4302.0,642.0,2076.0,6722.0
10647,15277.0,1466.0,2701.0,11982.0
10648,9752.0,1206.0,2360.0,7246.0
10649,24788.0,3555.0,1946.0,6531.0
10650,22858.0,1811.0,1806.0,9968.0
10651,4041.0,313.0,950.0,3535.0
10652,4628.0,239.0,2617.0,5953.0
10653,3794.0,794.0,1869.0,7951.0
10654,5721.0,961.0,2741.0,9474.0
10655,9703.0,866.0,1334.0,7237.0
10656,3078.0,100.0,429.0,54.0
10657,3287.0,237.0,3065.0,9574.0
10658,5005.0,368.0,2259.0,6493.0
10659,11051.0,1661.0,1723.0,7278.0
10660,4898.0,1008.0,1329.0,9317.0
10661,3034.0,700.0,553.0,4502.0
10662,5185.0,1754.0,2276.0,6382.0
10663,4484.0,498.0,1907.0,9490.0
10664,6057.0,966.0,2655.0,7464.0
10665,3860.0,552.0,2382.0,11640.0
10666,18360.0,1385.0,2977.0,13147.0
10667,4042.0,882.0,626.0,2187.0
10668,2544.0,458.0,1870.0,9581.0
10669,3609.0,698.0,2447.0,9373.0
10670,27498.0,3479.0,1813.0,10596.0
10671,10154.0,674.0,1348.0,1250.0
10672,6172.0,162.0,2576.0,10302.0
10673,29867.0,2490.0,2506.0,4875.0
10674,4669.0,558.0,2383.0,12626.0
10675,2547.0,152.0,2388.0,5896.0
10676,4130.0,580.0,2768.0,6621.0
10677,2513.0,972.0,1017.0,5226.0
10678,4111.0,889.0,2063.0,3273.0
10679,12263.0,998.0,698.0,2051.0
10680,27232.0,2575.0,23045.0,10379.0
10681,125826.0,23306.0,225384.0,123911.0
10682,3829.0,1215.0,2083.0,4958.0
10683,4499.0,991.0,1411.0,6049.0
10684,41672.0,4576.0,3319.0,12979.0
10685,4077.0,747.0,1911.0,7276.0
10686,5088.0,742.0,3601.0,16796.0
10687,4474.0,23.0,638.0,7885.0
10688,6932.0,1139.0,611.0,3958.0
10689,34536.0,2333.0,3839.0,12502.0
10690,3600.0,649.0,1747.0,4621.0
10691,7659.0,666.0,1760.0,3035.0
10692,4759.0,154.0,2859.0,5039.0
10693,3803.0,692.0,2109.0,958.0
10694,5151.0,244.0,1566.0,5444.0
10695,3559.0,443.0,1185.0,6112.0
10696,3118.0,404.0,922.0,8042.0
10697,7251.0,1282.0,1067.0,13994.0
10698,4229.0,505.0,2435.0,6550.0
10699,7270.0,1617.0,1274.0,13688.0
10700,4724.0,859.0,1632.0,2606.0
10701,8824.0,594.0,982.0,7565.0
10702,7398.0,558.0,902.0,11363.0
10703,7668.0,978.0,1701.0,3371.0
10704,4494.0,551.0,3075.0,11811.0
10705,26932.0,7439.0,16665.0,16861.0
10706,6875.0,698.0,2664.0,4604.0
10707,5451.0,1004.0,2551.0,15452.0
10708,3248.0,279.0,896.0,4134.0
10709,30158.0,2810.0,1934.0,8271.0
10710,39103.0,2885.0,2428.0,9749.0
10711,6476.0,1344.0,613.0,5725.0
10712,18390.0,2314.0,3256.0,2347.0
10713,30648.0,2705.0,2346.0,8888.0
10714,7411.0,731.0,3938.0,12314.0
10715,2561.0,603.0,2485.0,6478.0
10716,2749.0,1100.0,1861.0,3554.0
10717,4825.0,991.0,1518.0,2529.0
10718,8510.0,967.0,63.0,4808.0
10719,2701.0,335.0,1093.0,4903.0
10720,3543.0,462.0,330.0,4692.0
10721,22126.0,1184.0,2431.0,7306.0
10722,8715.0,569.0,1763.0,19095.0
10723,26784.0,1665.0,891.0,2905.0
10724,2803.0,1706.0,1420.0,5826.0
10725,3213.0,483.0,691.0,9623.0
10726,41392.0,3257.0,3329.0,10291.0
10727,4702.0,821.0,1067.0,6074.0
10728,7583.0,1359.0,674.0,3022.0
10729,4800.0,1062.0,899.0,9322.0
10730,4000.0,1018.0,1882.0,7998.0
10731,12488.0,662.0,1531.0,7766.0
10732,75866.0,52051.0,6530.0,40259.0
10733,14456.0,872.0,1402.0,9510.0
10734,4199.0,868.0,1365.0,3138.0
10735,4988.0,218.0,1660.0,2607.0
10736,12434.0,913.0,2921.0,11650.0
10737,2538.0,588.0,1692.0,5961.0
10738,12561.0,673.0,579.0,8117.0
10739,6001.0,1060.0,2890.0,6674.0
10740,6217.0,364.0,1592.0,10748.0
10741,9698.0,906.0,3732.0,803.0
10742,3531.0,1686.0,1920.0,3184.0
10743,146915.0,27446.0,54207.0,45254.0
10744,11986.0,1237.0,449.0,4516.0
10745,3658.0,633.0,1068.0,7260.0
10746,11035.0,1157.0,1854.0,14995.0
10747,3293.0,514.0,582.0,1463.0
10748,27437.0,1460.0,2391.0,5042.0
10749,5366.0,963.0,1472.0,1593.0
10750,22401.0,1435.0,1631.0,3706.0
10751,3701.0,748.0,2454.0,6542.0
10752,2544.0,666.0,1462.0,7781.0
10753,18211.0,2612.0,389.0,9144.0
10754,12731.0,477.0,2539.0,7659.0
10755,11553.0,290.0,902.0,6685.0
10756,6516.0,1422.0,2104.0,9007.0
10757,41683.0,6259.0,14647.0,15999.0
10758,80398.0,29719.0,47551.0,151013.0
10759,14458.0,1546.0,2103.0,5343.0
10760,8176.0,866.0,3321.0,9611.0
10761,14485.0,1734.0,570.0,1387.0
10762,4970.0,535.0,397.0,9153.0
10763,8871.0,367.0,182.0,487.0
10764,5659.0,578.0,1574.0,-0.0
10765,30348.0,4106.0,44591.0,28471.0
10766,25257.0,1895.0,1497.0,8501.0
10767,6448.0,447.0,740.0,9693.0
10768,7707.0,1045.0,1948.0,10434.0
10769,48437.0,10149.0,43787.0,70281.0
10770,2623.0,821.0,1492.0,8936.0
10771,2776.0,259.0,871.0,7404.0
10772,20406.0,1437.0,2840.0,6098.0
10773,2787.0,175.0,1540.0,7673.0
10774,18578.0,1434.0,1323.0,6834.0
10775,8943.0,1008.0,588.0,9282.0
10776,3791.0,718.0,1664.0,4125.0
10777,6487.0,570.0,2121.0,10627.0
10778,10355.0,1608.0,3180.0,5397.0
10779,4197.0,1443.0,-0.0,4370.0
10780,4083.0,237.0,419.0,4721.0
10781,47714.0,9917.0,13319.0,24785.0
10782,4204.0,1232.0,1676.0,4052.0
10783,7764.0,863.0,842.0,3166.0
10784,50831.0,3245.0,28013.0,14157.0
10785,7550.0,853.0,1710.0,3034.0
10786,31132.0,2800.0,2628.0,6170.0
10787,44801.0,2280.0,1567.0,17114.0
10788,2574.0,1388.0,1158.0,1566.0
10789,13228.0,1096.0,1509.0,10197.0
10790,4188.0,503.0,2113.0,10229.0
10791,128011.0,9066.0,8786.0,23379.0
10792,16091.0,889.0,695.0,4123.0
10793,2538.0,432.0,1368.0,9160.0
10794,18692.0,2340.0,2681.0,6041.0
10795,8789.0,910.0,-0.0,5925.0
10796,18172.0,1123.0,2900.0,8404.0
10797,62412.0,5659.0,4265.0,6999.0
10798,4594.0,283.0,1688.0,16640.0
10799,2690.0,243.0,1745.0,5480.0
10800,6760.0,956.0,2276.0,9208.0
10801,32045.0,3318.0,4364.0,18906.0
10802,8550.0,1489.0,2329.0,6621.0
10803,2545.0,1498.0,3129.0,7372.0
10804,17685.0,942.0,3391.0,7013.0
10805,39585.0,2681.0,1867.0,10032.0
10806,5721.0,745.0,3139.0,8133.0
10807,25481.0,900.0,1617.0,9737.0
10808,15449.0,1557.0,2871.0,8046.0
10809,3264.0,493.0,1238.0,8559.0
10810,4079.0,299.0,1224.0,8854.0
10811,25885.0,2059.0,1698.0,6997.0
10812,8720.0,560.0,1064.0,1661.0
10813,23384.0,2804.0,2043.0,16709.0
10814,2584.0,873.0,2754.0,6151.0
10815,17188.0,1587.0,2107.0,10461.0
10816,28448.0,2877.0,1614.0,11113.0
10817,20235.0,1643.0,2752.0,5810.0
10818,34264.0,3002.0,2406.0,11254.0
10819,10868.0,1098.0,4424.0,9476.0
10820,4376.0,1269.0,594.0,3285.0
10821,6054.0,709.0,2971.0,8706.0
10822,12028.0,1462.0,1098.0,1605.0
10823,4856.0,383.0,1452.0,5144.0
10824,16967.0,1512.0,2766.0,8350.0
10825,59129.0,5264.0,2050.0,8975.0
10826,3096.0,1014.0,2817.0,6663.0
10827,5211.0,829.0,1324.0,9029.0
10828,3550.0,841.0,2170.0,2123.0
10829,19266.0,1142.0,1210.0,3156.0
10830,5258.0,96.0,1301.0,11034.0
10831,4977.0,171.0,3001.0,3756.0
10832,4532.0,966.0,423.0,8920.0
10833,5226.0,550.0,2269.0,6796.0
10834,5064.0,630.0,2293.0,19175.0
10835,5178.0,389.0,1910.0,8046.0
10836,6932.0,767.0,1762.0,8551.0
10837,2702.0,408.0,2151.0,4991.0
10838,8301.0,1298.0,2276.0,8454.0
10839,7982.0,1145.0,642.0,1157.0
10840,3662.0,555.0,1802.0,10389.0
10841,6735.0,442.0,3123.0,2219.0
10842,5520.0,960.0,552.0,7621.0
10843,5657.0,577.0,2117.0,13404.0
10844,4252.0,423.0,2630.0,1078.0
10845,5449.0,1906.0,1155.0,3006.0
10846,6984.0,567.0,1240.0,5361.0
10847,4492.0,351.0,1693.0,10153.0
10848,3718.0,282.0,1956.0,7329.0
10849,14713.0,1528.0,2736.0,6074.0
10850,48557.0,5387.0,12320.0,20083.0
10851,3417.0,1029.0,2201.0,11438.0
10852,5598.0,943.0,1882.0,4934.0
10853,7720.0,868.0,1943.0,5585.0
10854,5606.0,1278.0,3295.0,15420.0
10855,7778.0,1058.0,1573.0,10261.0
10856,2852.0,269.0,2538.0,2945.0
10857,31045.0,2288.0,1909.0,5771.0
10858,8128.0,1071.0,1393.0,11784.0
10859,6777.0,1376.0,2690.0,8170.0
10860,58720.0,3916.0,6372.0,5359.0
10861,30690.0,3273.0,2658.0,13520.0
10862,2632.0,169.0,1315.0,9267.0
10863,5554.0,1146.0,666.0,3837.0
10864,5788.0,202.0,833.0,8559.0
10865,26026.0,3281.0,2013.0,6634.0
10866,2458.0,53.0,1997.0,11240.0
10867,6155.0,2839.0,5771.0,13929.0
10868,7225.0,766.0,3065.0,9944.0
10869,4365.0,807.0,3001.0,4755.0
10870,20057.0,1261.0,203.0,8881.0
10871,32554.0,2631.0,2519.0,8527.0
10872,7205.0,3658.0,1472.0,7997.0
10873,7124.0,616.0,1959.0,7442.0
10874,20463.0,1870.0,2361.0,13353.0
10875,4669.0,866.0,2700.0,10583.0
10876,4188.0,1294.0,784.0,8804.0
10877,5236.0,861.0,1975.0,2581.0
10878,2954.0,607.0,521.0,12328.0
10879,32619.0,3344.0,3303.0,8565.0
10880,4707.0,633.0,3153.0,10769.0
10881,4152.0,646.0,1411.0,6933.0
10882,3897.0,962.0,2595.0,7821.0
10883,16999.0,504.0,2729.0,6563.0
10884,63374.0,7606.0,9084.0,32724.0
10885,7174.0,1320.0,2792.0,7300.0
10886,2955.0,471.0,1776.0,7373.0
10887,12988.0,1236.0,1271.0,10381.0
10888,26529.0,3558.0,4202.0,10752.0
10889,5028.0,360.0,1916.0,5286.0
10890,5377.0,827.0,1107.0,10447.0
10891,3124.0,460.0,1943.0,3066.0
10892,25853.0,2545.0,3311.0,13326.0
10893,5745.0,935.0,888.0,17223.0
10894,36633.0,2820.0,1825.0,14175.0
10895,19080.0,1656.0,2170.0,5904.0
10896,6569.0,439.0,2176.0,4475.0
10897,7287.0,856.0,3441.0,4706.0
10898,17212.0,1093.0,1439.0,16651.0
10899,4439.0,307.0,1509.0,6756.0
10900,4250.0,346.0,1801.0,11024.0
10901,47926.0,4201.0,1568.0,11259.0
10902,8394.0,1147.0,2679.0,8720.0
10903,2556.0,551.0,3798.0,12320.0
10904,3388.0,764.0,741.0,5092.0
10905,4538.0,507.0,2769.0,8314.0
10906,4172.0,337.0,1136.0,10606.0
10907,2478.0,1175.0,1286.0,6846.0
10908,7422.0,1537.0,2275.0,7839.0
10909,8451.0,1178.0,3286.0,8620.0
10910,26980.0,2394.0,2559.0,10192.0
10911,4434.0,1173.0,1023.0,6743.0
10912,4728.0,800.0,1216.0,3675.0
10913,5197.0,186.0,768.0,12984.0
10914,22120.0,2298.0,1491.0,5268.0
10915,6747.0,1282.0,1543.0,10212.0
10916,6690.0,1060.0,1671.0,1510.0
10917,4792.0,767.0,2633.0,-0.0
10918,4358.0,708.0,838.0,11495.0
10919,9033.0,775.0,696.0,3760.0
10920,7695.0,785.0,1690.0,1827.0
10921,30420.0,3051.0,2786.0,7911.0
10922,3877.0,612.0,889.0,8382.0
10923,3454.0,173.0,2496.0,6560.0
10924,23270.0,1484.0,2299.0,-0.0
10925,5611.0,716.0,3252.0,10846.0
10926,2873.0,627.0,1373.0,12015.0
10927,2702.0,671.0,1310.0,12898.0
10928,2976.0,424.0,2439.0,6121.0
10929,2607.0,85.0,1275.0,2845.0
10930,6177.0,773.0,938.0,3073.0
10931,10953.0,1592.0,2320.0,6131.0
10932,6176.0,886.0,1260.0,9813.0
10933,6248.0,999.0,2383.0,6212.0
10934,2557.0,690.0,1848.0,12934.0
10935,6460.0,494.0,4326.0,4400.0
10936,7710.0,1334.0,2640.0,8116.0
10937,22084.0,1703.0,2605.0,11539.0
10938,3680.0,224.0,3089.0,11701.0
10939,24257.0,1969.0,3363.0,7127.0
10940,6605.0,847.0,2234.0,8585.0
10941,17533.0,861.0,1954.0,7948.0
10942,7889.0,599.0,2333.0,6459.0
10943,5875.0,890.0,2780.0,13329.0
10944,7825.0,1327.0,1402.0,11900.0
10945,2938.0,536.0,2416.0,8746.0
10946,14189.0,930.0,2700.0,5195.0
10947,4978.0,614.0,2054.0,7480.0
10948,5322.0,676.0,354.0,-0.0
10949,5572.0,809.0,803.0,2903.0
10950,8632.0,1178.0,1183.0,13033.0
10951,4783.0,1388.0,2482.0,5914.0
10952,14479.0,1534.0,1487.0,2417.0
10953,2816.0,560.0,2664.0,6092.0
10954,5372.0,831.0,1726.0,9598.0
10955,4253.0,630.0,1455.0,7170.0
10956,7400.0,871.0,2688.0,6365.0
10957,58548.0,2870.0,1723.0,7774.0
10958,4390.0,97.0,2608.0,5569.0
10959,2514.0,459.0,2790.0,6991.0
10960,4876.0,342.0,1405.0,12449.0
10961,4536.0,664.0,2431.0,11895.0
10962,2495.0,241.0,2079.0,12246.0
10963,5360.0,1137.0,1513.0,3867.0
10964,3394.0,494.0,3653.0,11573.0
10965,3761.0,700.0,1062.0,4369.0
10966,5853.0,1589.0,1596.0,6042.0
10967,4601.0,1498.0,1426.0,2691.0
10968,3368.0,1103.0,902.0,8543.0
10969,3594.0,322.0,2996.0,8008.0
10970,8156.0,3272.0,5549.0,8832.0
10971,5607.0,712.0,2688.0,5658.0
10972,25785.0,1104.0,2595.0,10558.0
10973,18044.0,1691.0,1300.0,3413.0
10974,5774.0,1432.0,1449.0,5675.0
10975,3417.0,1124.0,2495.0,7241.0
10976,4383.0,1376.0,3479.0,7647.0
10977,5910.0,790.0,1953.0,5968.0
10978,10569.0,761.0,1730.0,8905.0
10979,9078.0,1261.0,963.0,6815.0
10980,9013.0,862.0,2470.0,15722.0
10981,4078.0,645.0,483.0,9704.0
10982,30713.0,1558.0,2119.0,8813.0
10983,2995.0,272.0,550.0,4948.0
10984,5786.0,1887.0,2743.0,11377.0
10985,2855.0,563.0,2051.0,479.0
10986,2904.0,788.0,764.0,8713.0
10987,3371.0,315.0,2569.0,8567.0
10988,8217.0,1171.0,1620.0,5871.0
10989,5233.0,704.0,4658.0,6964.0
10990,3620.0,395.0,2948.0,6685.0
10991,6186.0,925.0,2020.0,5550.0
10992,4335.0,53.0,1641.0,11517.0
10993,9008.0,992.0,950.0,6525.0
10994,5202.0,250.0,1364.0,10733.0
10995,41039.0,15334.0,2768.0,19648.0
10996,5948.0,1065.0,-0.0,6855.0
10997,5731.0,302.0,779.0,7832.0
10998,17322.0,1886.0,1595.0,10446.0
10999,14380.0,2004.0,2816.0,17552.0
11000,10729.0,782.0,3144.0,5856.0
11001,11909.0,838.0,3846.0,3530.0
11002,9223.0,470.0,3145.0,4209.0
11003,4143.0,274.0,1552.0,6685.0
11004,9857.0,892.0,2754.0,5240.0
11005,7403.0,1869.0,1596.0,10103.0
11006,22601.0,2353.0,3053.0,9570.0
11007,4384.0,736.0,1825.0,6563.0
11008,10079.0,2052.0,3715.0,10909.0
11009,71301.0,5285.0,22761.0,25177.0
11010,4600.0,772.0,3359.0,15351.0
11011,7308.0,670.0,2152.0,7598.0
11012,28732.0,2222.0,-0.0,2934.0
11013,92938.0,6728.0,13353.0,26789.0
11014,14463.0,758.0,1997.0,6699.0
11015,6815.0,1294.0,2091.0,5204.0
11016,4656.0,689.0,2165.0,3091.0
11017,8485.0,1284.0,1463.0,14568.0
11018,4329.0,393.0,1621.0,8426.0
11019,3399.0,737.0,2436.0,7306.0
11020,25906.0,1027.0,1646.0,10170.0
11021,4868.0,1338.0,488.0,5344.0
11022,6855.0,672.0,2588.0,8051.0
11023,4144.0,1002.0,1728.0,9174.0
11024,6510.0,782.0,2375.0,9273.0
11025,28711.0,11952.0,94284.0,76317.0
11026,20398.0,1947.0,3118.0,5005.0
11027,2867.0,792.0,1430.0,11562.0
11028,6230.0,1092.0,2207.0,2194.0
11029,19576.0,2121.0,3785.0,6567.0
11030,6083.0,768.0,1667.0,4889.0
11031,5891.0,965.0,2521.0,8781.0
11032,5417.0,135.0,2797.0,8809.0
11033,2752.0,282.0,-0.0,12783.0
11034,4206.0,1048.0,1536.0,8673.0
11035,3597.0,310.0,2158.0,8400.0
11036,4540.0,576.0,2087.0,-0.0
11037,8564.0,1034.0,759.0,837.0
11038,6986.0,957.0,1251.0,3294.0
11039,3141.0,1307.0,926.0,9597.0
11040,81520.0,6010.0,11463.0,8385.0
11041,13951.0,1487.0,4151.0,11019.0
11042,15479.0,1493.0,2013.0,4526.0
11043,6132.0,248.0,1767.0,4268.0
11044,5897.0,1686.0,1677.0,7163.0
11045,16905.0,2086.0,3270.0,5351.0
11046,20005.0,1514.0,1792.0,10397.0
11047,4103.0,107.0,2041.0,9771.0
11048,4118.0,722.0,692.0,228.0
11049,8227.0,1156.0,1931.0,14577.0
11050,25053.0,9287.0,7627.0,34181.0
11051,14412.0,1979.0,2313.0,5364.0
11052,3036.0,191.0,728.0,9526.0
11053,6547.0,962.0,2616.0,8025.0
11054,4785.0,1512.0,2962.0,5781.0
11055,3022.0,324.0,1429.0,3965.0
11056,7650.0,3221.0,7570.0,14630.0
11057,3839.0,604.0,2029.0,12368.0
11058,4566.0,1349.0,631.0,2289.0
11059,6099.0,762.0,2622.0,7475.0
11060,2556.0,316.0,1690.0,9229.0
11061,5656.0,1229.0,2595.0,10583.0
11062,2874.0,574.0,1055.0,5867.0
11063,6709.0,381.0,713.0,8571.0
11064,9699.0,701.0,655.0,6100.0
11065,8297.0,436.0,1110.0,13564.0
11066,9257.0,748.0,3121.0,9284.0
11067,4918.0,1152.0,1040.0,6350.0
11068,14770.0,643.0,158.0,8705.0
11069,5990.0,496.0,2948.0,4708.0
11070,5712.0,438.0,2723.0,7281.0
11071,10897.0,1462.0,721.0,751.0
11072,3536.0,402.0,1789.0,5448.0
11073,7571.0,1993.0,-0.0,-0.0
11074,6788.0,691.0,1445.0,5633.0
11075,69851.0,6419.0,11443.0,25970.0
11076,6013.0,248.0,1236.0,10835.0
11077,5128.0,800.0,2280.0,4909.0
11078,41808.0,6674.0,42284.0,17726.0
11079,4436.0,736.0,1296.0,11160.0
11080,3775.0,574.0,1216.0,10034.0
11081,30393.0,2546.0,3101.0,6218.0
11082,5609.0,541.0,1312.0,5450.0
11083,6536.0,600.0,692.0,10326.0
11084,23328.0,847.0,1889.0,7313.0
11085,3065.0,282.0,1764.0,8541.0
11086,77958.0,11038.0,104718.0,170288.0
11087,6765.0,754.0,5008.0,11153.0
11088,55290.0,5154.0,2976.0,10267.0
11089,3957.0,494.0,1165.0,2668.0
11090,3889.0,304.0,-0.0,5357.0
11091,5400.0,969.0,1783.0,6119.0
11092,5658.0,513.0,1072.0,8734.0
11093,6429.0,1318.0,1478.0,4939.0
11094,20420.0,2052.0,2028.0,3878.0
11095,2849.0,258.0,1549.0,8619.0
11096,4387.0,704.0,2159.0,8137.0
11097,3652.0,449.0,1744.0,16293.0
11098,32165.0,3340.0,2900.0,14887.0
11099,6307.0,1273.0,2481.0,10365.0
11100,10666.0,1240.0,3303.0,12129.0
11101,2564.0,114.0,762.0,3560.0
11102,7461.0,823.0,969.0,13956.0
11103,4299.0,741.0,1984.0,11331.0
11104,21421.0,1605.0,3301.0,9145.0
11105,24318.0,2340.0,348.0,4403.0
11106,33728.0,4026.0,2641.0,6668.0
11107,4312.0,869.0,704.0,14845.0
11108,3198.0,282.0,-0.0,7152.0
11109,3468.0,942.0,1319.0,3129.0
11110,3153.0,777.0,2556.0,7330.0
11111,2686.0,692.0,1841.0,2121.0
11112,3269.0,1704.0,2526.0,13655.0
11113,28376.0,2743.0,15127.0,15462.0
11114,2936.0,684.0,2091.0,13542.0
11115,7176.0,521.0,2428.0,3565.0
11116,2998.0,1228.0,2448.0,10250.0
11117,10846.0,1681.0,1352.0,8712.0
11118,3669.0,898.0,2070.0,2544.0
11119,9920.0,947.0,1965.0,8630.0
11120,23760.0,2587.0,2391.0,15716.0
11121,34630.0,3014.0,2346.0,8874.0
11122,7018.0,790.0,1031.0,5503.0
11123,2494.0,765.0,993.0,5758.0
11124,16151.0,1535.0,3377.0,12893.0
11125,7489.0,842.0,-0.0,996.0
11126,3867.0,636.0,3458.0,8741.0
11127,2488.0,290.0,2914.0,12132.0
11128,40851.0,8375.0,6051.0,36090.0
11129,40446.0,2398.0,2924.0,11127.0
11130,12495.0,1150.0,1259.0,4601.0
11131,6035.0,1358.0,2126.0,9952.0
11132,2526.0,391.0,2377.0,11773.0
11133,4753.0,943.0,2817.0,14491.0
11134,5435.0,423.0,3006.0,13456.0
11135,5565.0,317.0,1400.0,6563.0
11136,8170.0,1300.0,2061.0,10264.0
11137,3532.0,1252.0,1142.0,5857.0
11138,8054.0,1376.0,2269.0,10690.0
11139,2505.0,74.0,1783.0,6414.0
11140,23438.0,2751.0,1315.0,10736.0
11141,4534.0,1232.0,1939.0,12669.0
11142,5238.0,1111.0,943.0,9313.0
11143,3174.0,645.0,2446.0,6554.0
11144,17683.0,1474.0,4219.0,8945.0
11145,3275.0,805.0,1701.0,11873.0
11146,12912.0,1180.0,2284.0,3769.0
11147,5293.0,604.0,3035.0,9523.0
11148,10683.0,850.0,230.0,5110.0
11149,6344.0,323.0,2823.0,7394.0
11150,4744.0,1458.0,3246.0,4903.0
11151,40757.0,2936.0,1445.0,14337.0
11152,6692.0,1094.0,1565.0,4332.0
11153,5740.0,970.0,2914.0,8938.0
11154,4757.0,662.0,3000.0,10761.0
11155,14146.0,966.0,1882.0,9318.0
11156,14929.0,1167.0,1056.0,7125.0
11157,24923.0,1977.0,2111.0,11460.0
11158,6108.0,1605.0,3354.0,14795.0
11159,4457.0,730.0,1488.0,-0.0
11160,4840.0,472.0,2989.0,5747.0
11161,24311.0,1046.0,2864.0,6054.0
11162,30849.0,3336.0,1344.0,12782.0
11163,2680.0,754.0,1094.0,4945.0
11164,4766.0,1640.0,1844.0,322.0
11165,2797.0,790.0,1333.0,6012.0
11166,3814.0,683.0,1298.0,13061.0
11167,121696.0,11116.0,10725.0,46263.0
11168,22261.0,1763.0,1261.0,5793.0
11169,12992.0,815.0,2229.0,4839.0
11170,8709.0,3759.0,3156.0,12960.0
11171,57148.0,4332.0,2676.0,7749.0
11172,3328.0,641.0,-0.0,-0.0
11173,4623.0,1479.0,2765.0,8645.0
11174,13650.0,2203.0,3020.0,9434.0
11175,3096.0,387.0,1968.0,30.0
11176,14106.0,962.0,1998.0,2689.0
11177,2475.0,1013.0,932.0,7339.0
11178,6499.0,578.0,2568.0,4580.0
11179,3057.0,591.0,1430.0,3353.0
11180,4910.0,755.0,848.0,1409.0
11181,4095.0,413.0,1546.0,8165.0
11182,3994.0,354.0,1302.0,2711.0
11183,14197.0,1544.0,3114.0,9828.0
11184,3842.0,609.0,1973.0,17193.0
11185,5451.0,831.0,1323.0,5445.0
11186,5983.0,524.0,1566.0,3566.0
11187,13175.0,2266.0,1175.0,8129.0
11188,2650.0,123.0,895.0,2599.0
11189,20395.0,1927.0,1667.0,14944.0
11190,3484.0,725.0,305.0,5911.0
11191,7734.0,1153.0,1523.0,5826.0
11192,3540.0,1172.0,2897.0,10126.0
11193,3569.0,856.0,1187.0,2819.0
11194,36827.0,3001.0,2181.0,4793.0
11195,5623.0,1370.0,3850.0,10412.0
11196,2683.0,407.0,547.0,1885.0
11197,4728.0,429.0,1447.0,5378.0
11198,3099.0,113.0,685.0,1380.0
11199,12848.0,886.0,1863.0,4634.0
11200,2980.0,349.0,1525.0,2278.0
11201,2923.0,693.0,2455.0,12358.0
11202,5580.0,384.0,807.0,275.0
11203,2930.0,156.0,1090.0,9015.0
11204,38550.0,3812.0,3518.0,10854.0
11205,3622.0,1168.0,1233.0,8027.0
11206,26060.0,1385.0,2175.0,9333.0
11207,21051.0,1692.0,2249.0,15837.0
11208,3091.0,394.0,3786.0,10407.0
11209,4859.0,933.0,2041.0,8539.0
11210,4810.0,877.0,551.0,4597.0
11211,35151.0,2495.0,1658.0,11458.0
11212,3342.0,724.0,2397.0,1602.0
11213,5909.0,775.0,219.0,-0.0
11214,22770.0,1734.0,2158.0,10808.0
11215,5161.0,844.0,1677.0,6673.0
11216,22301.0,1747.0,1806.0,5951.0
11217,5346.0,1151.0,1399.0,5316.0
11218,15886.0,1696.0,1259.0,3932.0
11219,4806.0,916.0,3196.0,10519.0
11220,26472.0,2299.0,1290.0,15667.0
11221,4157.0,1032.0,924.0,6097.0
11222,6354.0,628.0,3761.0,6270.0
11223,4654.0,605.0,2594.0,6686.0
11224,75520.0,7948.0,4559.0,10112.0
11225,7024.0,885.0,1702.0,4180.0
11226,4719.0,1019.0,766.0,9037.0
11227,7451.0,1435.0,3434.0,20542.0
11228,3331.0,672.0,1208.0,3545.0
11229,36097.0,2878.0,1833.0,18369.0
11230,9192.0,1180.0,2597.0,5386.0
11231,6792.0,475.0,2537.0,8818.0
11232,26104.0,1875.0,2773.0,14092.0
11233,5587.0,746.0,1081.0,2462.0
11234,36924.0,2391.0,2311.0,10096.0
11235,3483.0,301.0,2357.0,6257.0
11236,6941.0,763.0,2160.0,9714.0
11237,3782.0,505.0,1821.0,3177.0
11238,13667.0,2798.0,3776.0,9277.0
11239,14025.0,784.0,1546.0,7363.0
11240,5151.0,758.0,2953.0,11302.0
11241,24837.0,1862.0,236.0,6019.0
11242,9093.0,1285.0,995.0,562.0
11243,2943.0,646.0,1090.0,12205.0
11244,5224.0,503.0,1399.0,4361.0
11245,42150.0,3980.0,4127.0,12843.0
11246,8740.0,1264.0,2802.0,7870.0
11247,6571.0,1164.0,5114.0,12289.0
11248,17012.0,1028.0,1607.0,9054.0
11249,2612.0,192.0,334.0,10742.0
11250,36406.0,5002.0,4917.0,10372.0
11251,7460.0,300.0,1770.0,6279.0
11252,5068.0,932.0,1782.0,5601.0
11253,13252.0,2245.0,2880.0,11758.0
11254,3153.0,452.0,1649.0,3705.0
11255,9570.0,1400.0,3457.0,6721.0
11256,2565.0,574.0,1529.0,2131.0
11257,5480.0,682.0,877.0,4159.0
11258,23738.0,1412.0,3908.0,10861.0
11259,4146.0,2298.0,2444.0,9072.0
11260,5935.0,768.0,2939.0,13854.0
11261,3265.0,444.0,613.0,12046.0
11262,7352.0,996.0,2843.0,3856.0
11263,4085.0,1728.0,2602.0,10885.0
11264,3421.0,286.0,448.0,6101.0
11265,6006.0,587.0,2059.0,8746.0
11266,3876.0,1045.0,741.0,12125.0
11267,3836.0,327.0,1932.0,5013.0
11268,11975.0,2192.0,1138.0,13271.0
11269,3373.0,407.0,2129.0,1997.0
11270,57015.0,4226.0,2347.0,15867.0
11271,50272.0,2839.0,8658.0,18437.0
11272,29501.0,2191.0,5239.0,6623.0
11273,7070.0,394.0,852.0,4470.0
11274,5109.0,510.0,3456.0,6648.0
11275,3077.0,663.0,865.0,6713.0
11276,4132.0,368.0,2050.0,748.0
11277,50114.0,4700.0,2094.0,11456.0
11278,46726.0,3065.0,8314.0,8376.0
11279,6654.0,532.0,1352.0,9945.0
11280,10224.0,521.0,2073.0,9952.0
11281,6444.0,897.0,1044.0,4862.0
11282,18677.0,2145.0,1286.0,9275.0
11283,4061.0,766.0,1205.0,2916.0
11284,4108.0,721.0,1163.0,4883.0
11285,10571.0,782.0,1695.0,7998.0
11286,11465.0,797.0,4982.0,8913.0
11287,2672.0,247.0,2970.0,7677.0
11288,3737.0,893.0,2082.0,6679.0
11289,8433.0,1172.0,3393.0,8843.0
11290,124267.0,11353.0,195629.0,442610.0
11291,5726.0,916.0,2461.0,4666.0
11292,72214.0,5704.0,2251.0,8618.0
11293,4543.0,378.0,2824.0,3622.0
11294,2487.0,277.0,204.0,7515.0
11295,16597.0,1799.0,2045.0,12132.0
11296,4001.0,951.0,1099.0,2887.0
11297,3068.0,588.0,3122.0,15242.0
11298,41638.0,1899.0,3011.0,8682.0
11299,3852.0,863.0,383.0,9917.0
11300,3766.0,500.0,1037.0,5684.0
11301,4678.0,1049.0,1041.0,7690.0
11302,2787.0,922.0,2090.0,5685.0
11303,6748.0,1031.0,1537.0,4992.0
11304,5277.0,423.0,1303.0,4231.0
11305,3985.0,556.0,1994.0,3777.0
11306,2561.0,278.0,715.0,11952.0
11307,7427.0,862.0,1683.0,8058.0
11308,69217.0,7725.0,144861.0,74718.0
11309,7709.0,862.0,2588.0,10999.0
11310,28445.0,2918.0,2520.0,10957.0
11311,15504.0,1250.0,979.0,10302.0
11312,4181.0,2042.0,765.0,1173.0
11313,12927.0,945.0,2257.0,9572.0
11314,19040.0,1532.0,2412.0,10277.0
11315,5592.0,707.0,475.0,9230.0
11316,3317.0,171.0,2581.0,8484.0
11317,5238.0,200.0,2377.0,6232.0
11318,13791.0,1363.0,1877.0,6349.0
11319,3572.0,755.0,2046.0,8870.0
11320,3711.0,1108.0,679.0,8196.0
11321,24510.0,1893.0,2151.0,6340.0
11322,5914.0,695.0,2685.0,4579.0
11323,9119.0,406.0,2082.0,1838.0
11324,16213.0,1430.0,1463.0,5593.0
11325,26772.0,1439.0,2443.0,12386.0
11326,5398.0,856.0,1443.0,9400.0
11327,2788.0,708.0,1522.0,7813.0
11328,5177.0,487.0,1664.0,7549.0
11329,5834.0,1094.0,1510.0,1886.0
11330,5444.0,719.0,1627.0,2277.0
11331,4283.0,806.0,2666.0,8785.0
11332,33542.0,4765.0,5770.0,11803.0
11333,29601.0,1997.0,2087.0,12197.0
11334,5000.0,598.0,1872.0,5165.0
11335,4932.0,436.0,2094.0,1949.0
11336,20857.0,6003.0,3722.0,12223.0
11337,10599.0,1389.0,1924.0,8345.0
11338,8871.0,746.0,1027.0,10772.0
11339,20220.0,876.0,1545.0,9698.0
11340,230947.0,62001.0,1712483.0,407203.0
11341,7829.0,643.0,2356.0,5681.0
11342,4276.0,462.0,1835.0,7521.0
11343,6588.0,319.0,3257.0,10934.0
11344,3069.0,913.0,1444.0,7091.0
11345,14732.0,1492.0,857.0,6847.0
11346,5696.0,1312.0,706.0,5150.0
11347,4421.0,1139.0,1837.0,8511.0
11348,8353.0,827.0,2038.0,7996.0
11349,7651.0,1308.0,1297.0,4722.0
11350,4277.0,604.0,1579.0,7269.0
11351,2991.0,469.0,697.0,8250.0
11352,4213.0,605.0,1382.0,4755.0
11353,14999.0,1311.0,1404.0,8517.0
11354,8970.0,1085.0,2439.0,5958.0
11355,3287.0,947.0,2001.0,4255.0
11356,4559.0,18.0,1579.0,4475.0
11357,7278.0,1355.0,3388.0,9168.0
11358,5291.0,201.0,2017.0,5145.0
11359,6207.0,476.0,1786.0,4667.0
11360,4463.0,371.0,272.0,3541.0
11361,3244.0,637.0,-0.0,6275.0
11362,18432.0,1169.0,3102.0,7341.0
11363,6486.0,521.0,1795.0,5141.0
11364,4127.0,633.0,65.0,5921.0
11365,15279.0,1326.0,1127.0,3312.0
11366,11514.0,1784.0,3573.0,3509.0
11367,5451.0,1078.0,918.0,10875.0
11368,2723.0,284.0,920.0,3937.0
11369,2944.0,405.0,1221.0,6598.0
11370,26325.0,2023.0,1956.0,8168.0
11371,10637.0,810.0,2886.0,9205.0
11372,29330.0,2069.0,2394.0,6354.0
11373,11808.0,1370.0,1938.0,9582.0
11374,2714.0,1394.0,612.0,9426.0
11375,4105.0,1212.0,2814.0,12085.0
11376,25198.0,2049.0,1394.0,3240.0
11377,3727.0,390.0,3711.0,8607.0
11378,33404.0,2177.0,3228.0,6882.0
11379,2641.0,325.0,2405.0,12848.0
11380,10888.0,1754.0,1396.0,7358.0
11381,6641.0,1310.0,5129.0,9701.0
11382,3974.0,473.0,2688.0,-0.0
11383,3057.0,753.0,3508.0,7667.0
11384,5016.0,285.0,4000.0,6350.0
11385,10357.0,1185.0,711.0,10352.0
11386,16531.0,1780.0,1111.0,4747.0
11387,19294.0,2924.0,1039.0,11968.0
11388,5292.0,981.0,2045.0,10524.0
11389,7014.0,675.0,2535.0,8696.0
11390,4303.0,1734.0,2456.0,998.0
11391,19686.0,6155.0,6505.0,19499.0
11392,7372.0,940.0,1364.0,2962.0
11393,3943.0,840.0,2014.0,6839.0
11394,17569.0,542.0,2248.0,8519.0
11395,4577.0,414.0,2195.0,6807.0
11396,17582.0,947.0,2072.0,9503.0
11397,7366.0,2045.0,3690.0,12544.0
11398,8588.0,1247.0,3166.0,7058.0
11399,6447.0,1334.0,2396.0,12677.0
11400,3398.0,597.0,1447.0,3981.0
11401,2478.0,496.0,1604.0,5489.0
11402,4633.0,469.0,2644.0,9676.0
11403,4763.0,823.0,2026.0,6876.0
11404,7043.0,1080.0,1248.0,6400.0
11405,28408.0,2315.0,1471.0,7124.0
11406,9164.0,1175.0,1811.0,12809.0
11407,10554.0,1171.0,1482.0,3270.0
11408,3538.0,1179.0,1991.0,11050.0
11409,5037.0,262.0,1532.0,3261.0
11410,7140.0,1150.0,121.0,7110.0
11411,13618.0,3086.0,3160.0,8384.0
11412,5439.0,972.0,2729.0,6768.0
11413,108491.0,8026.0,128719.0,121550.0
11414,6193.0,205.0,1133.0,7008.0
11415,2767.0,330.0,1466.0,8742.0
11416,3281.0,517.0,1894.0,10850.0
11417,5899.0,354.0,1446.0,5290.0
11418,13611.0,1376.0,2378.0,8832.0
11419,4919.0,383.0,2683.0,1891.0
11420,3440.0,390.0,794.0,2428.0
11421,34747.0,3042.0,1652.0,12137.0
11422,109687.0,33115.0,66547.0,123975.0
11423,7417.0,550.0,2856.0,8635.0
11424,7421.0,1368.0,3221.0,15231.0
11425,24538.0,2920.0,3836.0,8645.0
11426,41354.0,3823.0,2288.0,11632.0
11427,3708.0,784.0,2156.0,17018.0
11428,7317.0,817.0,2459.0,15135.0
11429,2854.0,400.0,818.0,5510.0
11430,33035.0,2262.0,4564.0,8652.0
11431,2912.0,1010.0,3273.0,3165.0
11432,5288.0,615.0,1799.0,6237.0
11433,3484.0,386.0,3417.0,8527.0
11434,3410.0,911.0,1501.0,9464.0
11435,5893.0,282.0,2618.0,10600.0
11436,25009.0,2336.0,12134.0,16520.0
11437,6612.0,1291.0,3825.0,5660.0
11438,2670.0,553.0,3506.0,9792.0
11439,6112.0,641.0,1974.0,17572.0
11440,5929.0,427.0,2472.0,7147.0
11441,3673.0,47.0,2541.0,11972.0
11442,5890.0,779.0,2754.0,8445.0
11443,18619.0,1371.0,5219.0,6718.0
11444,32587.0,2805.0,6865.0,16269.0
11445,5348.0,330.0,4227.0,7385.0
11446,15776.0,1172.0,1619.0,9855.0
11447,8103.0,645.0,1883.0,8907.0
11448,21951.0,2310.0,3552.0,5135.0
11449,3062.0,322.0,3136.0,7235.0
11450,4247.0,935.0,44.0,8857.0
11451,3735.0,982.0,830.0,7482.0
11452,4382.0,731.0,1844.0,9959.0
11453,4720.0,415.0,828.0,7559.0
11454,6093.0,1251.0,1088.0,3783.0
11455,3152.0,347.0,1199.0,4978.0
11456,82609.0,5493.0,2080.0,5651.0
11457,2975.0,780.0,1241.0,8883.0
11458,3492.0,649.0,1337.0,4202.0
11459,10765.0,654.0,2553.0,12906.0
11460,3143.0,1045.0,1938.0,2709.0
11461,6658.0,768.0,2036.0,5182.0
11462,4512.0,1266.0,1721.0,507.0
11463,6096.0,858.0,2116.0,9803.0
11464,8052.0,666.0,302.0,6885.0
11465,5514.0,466.0,1479.0,5415.0
11466,3789.0,629.0,2013.0,11038.0
11467,4466.0,752.0,2182.0,9855.0
11468,18848.0,3237.0,2287.0,6116.0
11469,7598.0,768.0,1397.0,11988.0
11470,47492.0,3159.0,2434.0,14727.0
11471,2898.0,568.0,2445.0,8526.0
11472,38365.0,4532.0,3979.0,7775.0
11473,3639.0,921.0,151.0,1291.0
11474,4277.0,590.0,1159.0,7350.0
11475,37833.0,2571.0,9277.0,31461.0
11476,5014.0,899.0,1657.0,6818.0
11477,4943.0,517.0,2471.0,10204.0
11478,3120.0,748.0,462.0,2286.0
11479,37433.0,12565.0,2939.0,18926.0
11480,14679.0,2209.0,1781.0,4810.0
11481,2778.0,838.0,1129.0,5301.0
11482,4063.0,341.0,2423.0,5350.0
11483,32216.0,1868.0,29579.0,45575.0
11484,4106.0,691.0,774.0,3664.0
11485,6196.0,696.0,1333.0,7919.0
11486,7218.0,430.0,2538.0,9669.0
11487,3392.0,710.0,1446.0,4870.0
11488,3609.0,395.0,131.0,7535.0
11489,6418.0,491.0,1364.0,5352.0
11490,3638.0,577.0,1671.0,3901.0
11491,6342.0,884.0,2560.0,9356.0
11492,5627.0,938.0,80.0,7743.0
11493,4044.0,959.0,994.0,4484.0
11494,5688.0,741.0,1425.0,4227.0
11495,25095.0,1484.0,1638.0,5615.0
11496,3800.0,452.0,2605.0,9339.0
11497,45925.0,2148.0,2639.0,6009.0
11498,6507.0,1142.0,553.0,9274.0
11499,5125.0,593.0,5007.0,11766.0
11500,30122.0,2757.0,5171.0,11140.0
11501,6734.0,1139.0,3412.0,4518.0
11502,3483.0,844.0,2225.0,8589.0
11503,10424.0,1388.0,2163.0,10092.0
11504,3515.0,362.0,1408.0,11335.0
11505,5097.0,204.0,1261.0,6322.0
11506,3051.0,443.0,-0.0,9669.0
11507,8823.0,1092.0,3046.0,13237.0
11508,5401.0,773.0,4986.0,9483.0
11509,33657.0,2492.0,1804.0,7346.0
11510,21634.0,2336.0,1255.0,3504.0
11511,3494.0,185.0,1410.0,3911.0
11512,7181.0,925.0,980.0,6793.0
11513,13838.0,451.0,1060.0,10061.0
11514,5674.0,995.0,1466.0,10201.0
11515,21932.0,3995.0,2277.0,3390.0
11516,7677.0,618.0,854.0,1049.0
11517,3326.0,245.0,2933.0,5577.0
11518,3522.0,716.0,1393.0,7983.0
11519,4397.0,411.0,1627.0,9033.0
11520,6261.0,709.0,1735.0,5911.0
11521,3831.0,314.0,943.0,4713.0
11522,3224.0,337.0,1304.0,8223.0
11523,21907.0,1310.0,3499.0,14203.0
11524,8010.0,1746.0,3804.0,4214.0
11525,16571.0,2224.0,1814.0,9539.0
11526,5786.0,833.0,1290.0,11898.0
11527,25788.0,2126.0,3022.0,9561.0
11528,9430.0,1521.0,2816.0,8238.0
11529,45223.0,3053.0,58247.0,81015.0
11530,2498.0,620.0,1824.0,8770.0
11531,109503.0,7805.0,187065.0,215818.0
11532,27278.0,1519.0,3274.0,5606.0
11533,2730.0,495.0,1839.0,9348.0
11534,2535.0,339.0,-0.0,631.0
11535,3471.0,252.0,1306.0,5014.0
11536,31670.0,2247.0,1451.0,5574.0
11537,2578.0,152.0,2406.0,11564.0
11538,22066.0,1394.0,2119.0,3896.0
11539,20175.0,2436.0,1960.0,10196.0
11540,5341.0,622.0,1530.0,4856.0
11541,4968.0,1534.0,1329.0,4905.0
11542,6329.0,1197.0,3326.0,6806.0
11543,15380.0,2027.0,2705.0,7612.0
11544,3645.0,1053.0,610.0,7130.0
11545,8079.0,1998.0,2650.0,16835.0
11546,3662.0,218.0,379.0,1833.0
11547,8344.0,917.0,2816.0,4317.0
11548,3812.0,225.0,2468.0,8668.0
11549,8881.0,1542.0,2397.0,14860.0
11550,4525.0,746.0,1749.0,7831.0
11551,4879.0,696.0,2272.0,12082.0
11552,32844.0,2504.0,3457.0,2883.0
11553,43403.0,2306.0,2223.0,7219.0
11554,16710.0,1556.0,724.0,5530.0
11555,24089.0,1588.0,1915.0,10421.0
11556,3393.0,400.0,1719.0,-0.0
11557,41247.0,2832.0,5922.0,11368.0
11558,26495.0,10995.0,6414.0,27484.0
11559,7967.0,758.0,2559.0,6686.0
11560,6488.0,632.0,708.0,2888.0
11561,3514.0,832.0,1675.0,3713.0
11562,3973.0,1097.0,982.0,2137.0
11563,13604.0,1474.0,982.0,9668.0
11564,36815.0,3091.0,3090.0,12912.0
11565,14304.0,1759.0,1931.0,8796.0
11566,32299.0,1652.0,1432.0,4483.0
11567,10855.0,333.0,2934.0,6138.0
11568,4052.0,361.0,3537.0,8754.0
11569,55676.0,4040.0,1679.0,16013.0
11570,11986.0,1524.0,2136.0,12181.0
11571,7764.0,842.0,1904.0,9500.0
11572,7463.0,575.0,1764.0,8119.0
11573,2943.0,332.0,798.0,10149.0
11574,6375.0,719.0,2021.0,4284.0
11575,4244.0,1160.0,2480.0,10832.0
11576,14473.0,1366.0,2698.0,10851.0
11577,2577.0,286.0,1119.0,9119.0
11578,3818.0,398.0,2397.0,-0.0
11579,7539.0,1252.0,1723.0,5517.0
11580,2558.0,380.0,831.0,6264.0
11581,4101.0,761.0,595.0,10258.0
11582,3320.0,179.0,789.0,5053.0
11583,9815.0,1284.0,1507.0,13488.0
11584,9948.0,1101.0,2138.0,4921.0
11585,5518.0,1317.0,2399.0,7554.0
11586,4166.0,1068.0,3111.0,6729.0
11587,4796.0,194.0,2057.0,7306.0
11588,3089.0,268.0,4186.0,6132.0
11589,42918.0,2383.0,4019.0,6952.0
11590,5559.0,574.0,276.0,8919.0
11591,6155.0,967.0,3876.0,7954.0
11592,7054.0,550.0,1027.0,10578.0
11593,6927.0,288.0,1555.0,6782.0
11594,3022.0,385.0,2261.0,3807.0
11595,8660.0,281.0,3531.0,7842.0
11596,4971.0,315.0,1134.0,9954.0
11597,5089.0,474.0,2033.0,10661.0
11598,31686.0,2403.0,3235.0,12368.0
11599,7245.0,997.0,1604.0,7911.0
11600,11460.0,947.0,5156.0,6898.0
11601,3070.0,392.0,902.0,8786.0
11602,19795.0,1868.0,2609.0,7378.0
11603,6032.0,1386.0,820.0,2300.0
11604,11565.0,1143.0,2330.0,7733.0
11605,7677.0,1579.0,2790.0,643.0
11606,13675.0,2688.0,4144.0,11507.0
11607,32934.0,2115.0,1017.0,6947.0
11608,7750.0,1205.0,1325.0,7797.0
11609,7425.0,558.0,2214.0,11410.0
11610,6436.0,922.0,2853.0,1364.0
11611,5757.0,1325.0,934.0,5068.0
11612,4684.0,212.0,1374.0,11506.0
11613,8698.0,521.0,3321.0,16284.0
11614,3409.0,447.0,1890.0,8162.0
11615,26448.0,1870.0,4837.0,12121.0
11616,2809.0,1118.0,1869.0,10889.0
11617,5804.0,561.0,1345.0,3777.0
11618,67803.0,25629.0,53319.0,173166.0
11619,5015.0,106.0,2900.0,-0.0
11620,4167.0,295.0,3705.0,12821.0
11621,6028.0,486.0,-0.0,2460.0
11622,3629.0,337.0,1689.0,7205.0
11623,2574.0,211.0,1244.0,1257.0
11624,11990.0,795.0,2268.0,8022.0
11625,28286.0,4425.0,5217.0,7485.0
11626,5391.0,477.0,3222.0,18691.0
11627,3402.0,632.0,1574.0,4128.0
11628,6494.0,345.0,2310.0,2765.0
11629,3354.0,667.0,897.0,9131.0
11630,4798.0,965.0,3120.0,5053.0
11631,3667.0,830.0,-0.0,6857.0
11632,4476.0,251.0,1905.0,7615.0
11633,4973.0,1096.0,1700.0,9641.0
11634,4457.0,443.0,2063.0,2494.0
11635,109618.0,28306.0,33953.0,92330.0
11636,3975.0,755.0,1977.0,8273.0
11637,3900.0,370.0,-0.0,5856.0
11638,17796.0,725.0,2242.0,6671.0
11639,4438.0,1280.0,1780.0,7781.0
11640,4608.0,249.0,2017.0,10719.0
11641,2978.0,462.0,1935.0,13831.0
11642,10288.0,1110.0,3181.0,13536.0
11643,15087.0,525.0,1603.0,9870.0
11644,4698.0,646.0,3590.0,12740.0
11645,5048.0,546.0,1829.0,8731.0
11646,29094.0,2888.0,20231.0,7909.0
11647,4037.0,332.0,1758.0,16147.0
11648,6480.0,533.0,2548.0,5051.0
11649,2483.0,389.0,4048.0,12493.0
11650,5443.0,760.0,2360.0,7383.0
11651,5009.0,558.0,2664.0,16626.0
11652,27194.0,2234.0,2039.0,8476.0
11653,17193.0,1392.0,24488.0,20758.0
11654,3778.0,474.0,2312.0,2134.0
11655,4063.0,908.0,1879.0,6765.0
11656,24645.0,2527.0,2357.0,11438.0
11657,2645.0,415.0,1008.0,5448.0
11658,30415.0,3100.0,1571.0,11515.0
11659,19433.0,1806.0,2556.0,4049.0
11660,9318.0,2604.0,3028.0,6288.0
11661,23897.0,1698.0,3033.0,9871.0
11662,2880.0,382.0,774.0,5171.0
11663,4964.0,1273.0,3176.0,10134.0
11664,7120.0,140.0,1569.0,9206.0
11665,12924.0,1502.0,3488.0,10771.0
11666,7091.0,1455.0,1726.0,6792.0
11667,4284.0,881.0,424.0,6061.0
11668,2463.0,181.0,1920.0,8862.0
11669,21939.0,2877.0,2632.0,18503.0
11670,5115.0,684.0,3697.0,7436.0
11671,6579.0,161.0,1237.0,-0.0
11672,9920.0,1306.0,3095.0,11129.0
11673,7501.0,36.0,934.0,7464.0
11674,3548.0,1144.0,1400.0,5756.0
11675,39792.0,4211.0,4344.0,12192.0
11676,8232.0,835.0,1459.0,7407.0
11677,19317.0,1794.0,2240.0,8855.0
11678,3143.0,494.0,2187.0,3352.0
11679,45579.0,4495.0,3430.0,7428.0
11680,30614.0,1460.0,2328.0,9634.0
11681,4387.0,538.0,1856.0,6053.0
11682,17951.0,1963.0,829.0,9704.0
11683,7191.0,692.0,1020.0,5495.0
11684,9324.0,739.0,2986.0,7019.0
11685,37094.0,2810.0,1257.0,15466.0
11686,19464.0,1209.0,2169.0,6753.0
11687,2960.0,72.0,2727.0,5734.0
11688,4923.0,963.0,2140.0,10679.0
11689,7529.0,854.0,3339.0,13416.0
11690,21882.0,1446.0,2403.0,8812.0
11691,6489.0,1503.0,1003.0,6943.0
11692,5567.0,547.0,1725.0,5499.0
11693,7072.0,999.0,2266.0,6159.0
11694,2646.0,1296.0,1528.0,5681.0
11695,2745.0,596.0,1742.0,10992.0
11696,29420.0,1973.0,4970.0,6907.0
11697,11033.0,1187.0,1336.0,6724.0
11698,7335.0,634.0,2233.0,4468.0
11699,22247.0,1526.0,4492.0,8262.0
11700,5121.0,633.0,2767.0,13972.0
11701,5073.0,1159.0,1692.0,8693.0
11702,4545.0,919.0,2554.0,10059.0
11703,16465.0,2482.0,5391.0,8994.0
11704,2886.0,1172.0,1517.0,3226.0
11705,3741.0,606.0,1909.0,13713.0
11706,6848.0,576.0,3270.0,8812.0
11707,4797.0,466.0,2728.0,1641.0
11708,3495.0,717.0,1770.0,8922.0
11709,13561.0,1424.0,1289.0,4761.0
11710,5228.0,680.0,1456.0,6588.0
11711,4792.0,636.0,1692.0,9366.0
11712,3881.0,599.0,2039.0,11280.0
11713,18263.0,1785.0,1988.0,7129.0
11714,2715.0,540.0,1066.0,2632.0
11715,27644.0,1197.0,2703.0,11063.0
11716,21408.0,1474.0,2417.0,4996.0
11717,3852.0,358.0,1209.0,7733.0
11718,8340.0,1319.0,3165.0,3924.0
11719,3800.0,331.0,2382.0,11261.0
11720,6963.0,647.0,1470.0,7550.0
11721,3004.0,556.0,1590.0,7195.0
11722,4606.0,714.0,1695.0,3342.0
11723,4017.0,986.0,2639.0,9195.0
11724,7557.0,758.0,924.0,1246.0
11725,158841.0,54376.0,24799.0,176421.0
11726,4676.0,417.0,1376.0,5283.0
11727,4850.0,1082.0,1251.0,2870.0
11728,2665.0,1135.0,642.0,14550.0
11729,5364.0,1285.0,2407.0,4810.0
11730,2634.0,730.0,891.0,13163.0
11731,2705.0,885.0,4594.0,5161.0
11732,5052.0,1187.0,1981.0,5857.0
11733,3374.0,665.0,275.0,11807.0
11734,23072.0,1468.0,1886.0,3001.0
11735,3793.0,449.0,2046.0,11034.0
11736,2553.0,403.0,1978.0,8351.0
11737,3241.0,604.0,4866.0,7316.0
11738,4692.0,704.0,1659.0,10850.0
11739,6480.0,1438.0,1253.0,10473.0
11740,7294.0,1019.0,3648.0,6137.0
11741,24077.0,2385.0,1497.0,4922.0
11742,31890.0,1878.0,1901.0,4117.0
11743,31042.0,2088.0,1085.0,5978.0
11744,28391.0,7655.0,24440.0,14592.0
11745,4435.0,1488.0,2710.0,12479.0
11746,28982.0,6067.0,18362.0,15363.0
11747,5643.0,913.0,1882.0,2599.0
11748,5240.0,293.0,2390.0,607.0
11749,8120.0,1098.0,2947.0,3614.0
11750,7650.0,1332.0,2347.0,9574.0
11751,25142.0,1946.0,2382.0,9161.0
11752,9930.0,1582.0,3872.0,8798.0
11753,13679.0,1681.0,2378.0,15041.0
11754,5694.0,428.0,-0.0,338.0
11755,7667.0,607.0,4142.0,8621.0
11756,4169.0,448.0,1210.0,7091.0
11757,67966.0,8136.0,48116.0,150396.0
11758,3562.0,511.0,411.0,7937.0
11759,7946.0,886.0,3088.0,9988.0
11760,4737.0,897.0,4239.0,7232.0
11761,8203.0,1407.0,4231.0,3097.0
11762,5137.0,1163.0,1753.0,8153.0
11763,2806.0,469.0,187.0,3813.0
11764,6608.0,467.0,1631.0,7962.0
11765,36837.0,1992.0,4953.0,8408.0
11766,4387.0,517.0,2004.0,3177.0
11767,17743.0,1020.0,1472.0,13138.0
11768,16311.0,1252.0,3295.0,9290.0
11769,4453.0,491.0,2871.0,7403.0
11770,4267.0,797.0,1433.0,6974.0
11771,39269.0,2543.0,3309.0,7753.0
11772,35429.0,2240.0,2408.0,9546.0
11773,7251.0,1548.0,2071.0,8436.0
11774,9363.0,650.0,2064.0,4384.0
11775,12842.0,1076.0,966.0,13461.0
11776,46034.0,3270.0,2135.0,3596.0
11777,46231.0,4648.0,5728.0,19217.0
11778,24925.0,3723.0,6511.0,14102.0
11779,9087.0,1378.0,4734.0,15183.0
11780,6414.0,740.0,4036.0,6774.0
11781,5169.0,620.0,2366.0,11862.0
11782,66777.0,5850.0,7078.0,25474.0
11783,7053.0,1368.0,2070.0,3252.0
11784,18636.0,2248.0,1369.0,15957.0
11785,11517.0,1043.0,2712.0,6762.0
11786,5352.0,709.0,1021.0,7619.0
11787,7294.0,952.0,194.0,2561.0
11788,4797.0,1155.0,2437.0,6760.0
11789,24517.0,1943.0,1606.0,17800.0
11790,3215.0,130.0,592.0,5790.0
11791,3234.0,766.0,1026.0,3497.0
11792,2491.0,611.0,1620.0,8881.0
11793,4265.0,1736.0,2451.0,6931.0
11794,3383.0,868.0,574.0,5826.0
11795,8056.0,1255.0,2381.0,11168.0
11796,8848.0,906.0,2963.0,1386.0
11797,6822.0,2453.0,4430.0,6514.0
11798,3947.0,393.0,-0.0,-0.0
11799,5697.0,1386.0,1988.0,3313.0
11800,2790.0,1074.0,3084.0,8465.0
11801,32832.0,2579.0,1802.0,15149.0
11802,6824.0,1091.0,3192.0,7091.0
11803,4967.0,580.0,1654.0,3218.0
11804,6144.0,817.0,1423.0,-0.0
11805,11282.0,1811.0,2587.0,6931.0
11806,4668.0,913.0,1645.0,2397.0
11807,7041.0,547.0,1534.0,7179.0
11808,11742.0,1149.0,3289.0,5898.0
11809,152554.0,9664.0,13764.0,20311.0
11810,6032.0,357.0,724.0,5571.0
11811,5742.0,970.0,2484.0,16689.0
11812,3480.0,657.0,1583.0,8208.0
11813,5267.0,564.0,3142.0,8657.0
11814,17068.0,2329.0,1646.0,10011.0
11815,3843.0,119.0,2619.0,5977.0
11816,8033.0,711.0,1633.0,4330.0
11817,8072.0,1456.0,1463.0,6959.0
11818,8994.0,574.0,3732.0,5894.0
11819,10300.0,1609.0,1742.0,11966.0
11820,4764.0,1267.0,477.0,6259.0
11821,5402.0,633.0,2550.0,5541.0
11822,43467.0,3182.0,6579.0,9278.0
11823,15116.0,1703.0,2083.0,6553.0
11824,5685.0,544.0,1790.0,9190.0
11825,2522.0,419.0,3005.0,8127.0
11826,2675.0,183.0,1386.0,4693.0
11827,3285.0,463.0,1939.0,14163.0
11828,24697.0,2484.0,1775.0,8603.0
11829,5082.0,679.0,1419.0,4937.0
11830,5624.0,329.0,630.0,4588.0
11831,2995.0,818.0,2358.0,5415.0
11832,5130.0,1084.0,651.0,5514.0
11833,4896.0,888.0,1189.0,3210.0
11834,5483.0,611.0,1951.0,9472.0
11835,4661.0,504.0,2830.0,5039.0
11836,6300.0,275.0,1589.0,5781.0
11837,3935.0,779.0,3510.0,2948.0
11838,7874.0,935.0,2281.0,10437.0
11839,4984.0,571.0,1238.0,12842.0
11840,4145.0,283.0,1106.0,2980.0
11841,3559.0,283.0,2630.0,3127.0
11842,34087.0,3366.0,3397.0,10379.0
11843,9349.0,864.0,1902.0,6858.0
11844,15425.0,1378.0,2140.0,7463.0
11845,3550.0,955.0,1400.0,2323.0
11846,3040.0,725.0,3565.0,8552.0
11847,4989.0,1022.0,2905.0,9486.0
11848,5917.0,558.0,1960.0,3967.0
11849,12025.0,799.0,3614.0,7735.0
11850,20738.0,1822.0,3394.0,6192.0
11851,8284.0,608.0,2137.0,8639.0
11852,2536.0,776.0,1337.0,6534.0
11853,16455.0,2059.0,3826.0,1085.0
11854,46116.0,4806.0,2199.0,13012.0
11855,9385.0,635.0,1226.0,8145.0
11856,3073.0,196.0,415.0,7988.0
11857,3497.0,2003.0,694.0,9336.0
11858,9539.0,655.0,469.0,7927.0
11859,8351.0,1270.0,2295.0,4954.0
11860,3252.0,616.0,2777.0,301.0
11861,14892.0,1318.0,2322.0,12897.0
11862,3316.0,190.0,1192.0,7374.0
11863,42692.0,2208.0,1903.0,10321.0
11864,3120.0,1262.0,2280.0,2084.0
11865,5043.0,1629.0,2817.0,11284.0
11866,72403.0,41339.0,82577.0,213728.0
11867,3108.0,290.0,552.0,7777.0
11868,3794.0,566.0,3796.0,10528.0
11869,4051.0,1205.0,1624.0,7430.0
11870,5540.0,290.0,1486.0,6557.0
11871,2653.0,132.0,1954.0,6368.0
11872,3604.0,798.0,2151.0,11539.0
11873,6398.0,767.0,3012.0,2137.0
11874,4091.0,735.0,1189.0,5431.0
11875,20886.0,1694.0,2435.0,4684.0
11876,16215.0,1111.0,2226.0,6786.0
11877,4869.0,669.0,3744.0,11846.0
11878,12672.0,1483.0,1963.0,4138.0
11879,12359.0,596.0,2603.0,6444.0
11880,8367.0,1131.0,2027.0,4999.0
11881,3711.0,304.0,-0.0,7175.0
11882,3055.0,558.0,2646.0,5959.0
11883,3437.0,294.0,264.0,-0.0
11884,2620.0,473.0,939.0,3418.0
11885,3752.0,639.0,875.0,6196.0
11886,10393.0,1482.0,1635.0,9231.0
11887,38291.0,2049.0,876.0,10404.0
11888,3887.0,196.0,967.0,4464.0
11889,8488.0,795.0,1725.0,5251.0
11890,4451.0,778.0,823.0,1682.0
11891,4837.0,195.0,1294.0,5056.0
11892,18499.0,1874.0,2010.0,9528.0
11893,21883.0,1544.0,2891.0,9146.0
11894,7160.0,1456.0,2003.0,6116.0
11895,3364.0,529.0,1027.0,6877.0
11896,5213.0,236.0,2483.0,3942.0
11897,5259.0,1022.0,1910.0,4230.0
11898,23672.0,2507.0,2345.0,18162.0
11899,5536.0,734.0,2132.0,5447.0
11900,12377.0,1553.0,793.0,9026.0
11901,3392.0,992.0,2233.0,5046.0
11902,2713.0,476.0,263.0,7631.0
11903,4596.0,1018.0,2552.0,16044.0
11904,5316.0,613.0,1741.0,9344.0
11905,3011.0,610.0,1485.0,7243.0
11906,4258.0,692.0,882.0,6478.0
11907,3024.0,750.0,1927.0,6878.0
11908,4043.0,1431.0,1174.0,4804.0
11909,3100.0,98.0,-0.0,9650.0
11910,4379.0,502.0,1668.0,-0.0
11911,6211.0,809.0,2358.0,4190.0
11912,4406.0,752.0,2634.0,7506.0
11913,3895.0,920.0,1439.0,13844.0
11914,12551.0,544.0,421.0,4072.0
11915,3446.0,890.0,2047.0,5043.0
11916,5068.0,696.0,1116.0,5294.0
11917,21434.0,1264.0,2323.0,11257.0
11918,12906.0,1836.0,1790.0,4823.0
11919,9949.0,829.0,6503.0,-0.0
11920,13337.0,1310.0,2529.0,7378.0
11921,7126.0,680.0,1827.0,8796.0
11922,5758.0,698.0,1536.0,7774.0
11923,2798.0,230.0,718.0,2731.0
11924,2632.0,273.0,2121.0,6390.0
11925,4038.0,691.0,2095.0,6236.0
11926,20623.0,1452.0,555.0,3882.0
11927,4497.0,959.0,885.0,5085.0
11928,5520.0,591.0,2593.0,16358.0
11929,2652.0,402.0,1668.0,8440.0
11930,5133.0,1153.0,1451.0,13866.0
11931,24799.0,1805.0,-0.0,5975.0
11932,7770.0,1070.0,2467.0,4333.0
11933,18225.0,1183.0,392.0,7012.0
11934,3506.0,495.0,2979.0,6397.0
11935,8682.0,1014.0,3110.0,14874.0
11936,2870.0,462.0,4824.0,9747.0
11937,50878.0,4167.0,2363.0,6485.0
11938,6192.0,978.0,1013.0,8628.0
11939,6434.0,811.0,510.0,6634.0
11940,13309.0,749.0,2833.0,8287.0
11941,22881.0,2076.0,2907.0,7090.0
11942,10715.0,1145.0,2222.0,3186.0
11943,3605.0,923.0,-0.0,3231.0
11944,4570.0,210.0,698.0,9792.0
11945,3541.0,617.0,3165.0,14177.0
11946,4028.0,446.0,2726.0,5981.0
11947,13215.0,1533.0,2685.0,13659.0
11948,32274.0,2406.0,859.0,7375.0
11949,2528.0,491.0,144.0,5117.0
11950,4277.0,423.0,4578.0,12727.0
11951,11344.0,650.0,2954.0,11384.0
11952,4099.0,577.0,1489.0,-0.0
11953,2699.0,307.0,1322.0,3250.0
11954,7542.0,1180.0,2141.0,9794.0
11955,4308.0,440.0,1520.0,5914.0
11956,4198.0,873.0,2210.0,10570.0
11957,9719.0,726.0,1421.0,9735.0
11958,13211.0,1385.0,2182.0,9548.0
11959,11469.0,691.0,1376.0,7773.0
11960,4949.0,897.0,2468.0,3920.0
11961,5705.0,572.0,1626.0,19110.0
11962,26130.0,1621.0,1823.0,5763.0
11963,6356.0,882.0,400.0,11346.0
11964,17896.0,1471.0,2305.0,8698.0
11965,5839.0,332.0,1446.0,14727.0
11966,2732.0,1147.0,1910.0,2974.0
11967,11614.0,5090.0,4492.0,20152.0
11968,6994.0,703.0,1264.0,9449.0
11969,6826.0,781.0,2457.0,13859.0
11970,6131.0,730.0,1756.0,11919.0
11971,79629.0,15224.0,86340.0,35688.0
11972,22742.0,1823.0,3249.0,7936.0
11973,13431.0,905.0,1070.0,2314.0
11974,3621.0,333.0,-0.0,6621.0
11975,6510.0,2082.0,2067.0,5813.0
11976,8901.0,1443.0,1448.0,4399.0
11977,37304.0,4603.0,5772.0,16881.0
11978,3827.0,1021.0,841.0,14390.0
11979,12206.0,947.0,2212.0,10493.0
11980,5297.0,827.0,1011.0,160.0
11981,2672.0,272.0,1938.0,9287.0
11982,9467.0,1216.0,1639.0,9643.0
11983,136362.0,18483.0,41410.0,47496.0
11984,6630.0,949.0,803.0,5586.0
11985,3361.0,235.0,674.0,8761.0
11986,24519.0,2105.0,2308.0,5393.0
11987,21991.0,2596.0,3058.0,8799.0
11988,2577.0,727.0,1141.0,4821.0
11989,12869.0,1280.0,2834.0,2461.0
11990,11417.0,1333.0,1676.0,8259.0
11991,8130.0,874.0,1544.0,4801.0
11992,13978.0,1196.0,2078.0,15795.0
11993,8985.0,946.0,1237.0,5854.0
11994,5539.0,1204.0,445.0,9144.0
11995,14324.0,6064.0,19121.0,39835.0
11996,2683.0,345.0,2109.0,9934.0
11997,3324.0,110.0,784.0,15228.0
11998,39452.0,5110.0,2558.0,11260.0
11999,6111.0,1230.0,2208.0,10960.0
12000,4405.0,400.0,1783.0,6897.0
12001,30341.0,1796.0,2572.0,11903.0
12002,2792.0,616.0,2685.0,1349.0
12003,6198.0,247.0,868.0,7055.0
12004,4962.0,572.0,661.0,11467.0
12005,3821.0,740.0,3918.0,8631.0
12006,4758.0,1076.0,1288.0,8580.0
12007,5473.0,724.0,1168.0,3514.0
12008,12561.0,1529.0,2439.0,9070.0
12009,28310.0,2990.0,1790.0,16270.0
12010,3633.0,515.0,3310.0,11377.0
12011,4270.0,339.0,472.0,2781.0
12012,13574.0,1290.0,420.0,3484.0
12013,3303.0,393.0,1689.0,4836.0
12014,4503.0,546.0,3628.0,16978.0
12015,7238.0,459.0,2301.0,12163.0
12016,3489.0,990.0,2343.0,5455.0
12017,2999.0,270.0,1436.0,3280.0
12018,3816.0,1133.0,1147.0,8154.0
12019,11067.0,1133.0,1793.0,4716.0
12020,5570.0,877.0,1978.0,5135.0
12021,4829.0,487.0,2522.0,3816.0
12022,32567.0,3223.0,3167.0,4052.0
12023,12549.0,964.0,2522.0,9905.0
12024,8415.0,708.0,656.0,6454.0
12025,34647.0,1994.0,3364.0,9968.0
12026,22413.0,3275.0,986.0,10270.0
12027,7810.0,1164.0,1695.0,9241.0
12028,13693.0,1294.0,1552.0,7313.0
12029,6644.0,635.0,318.0,8643.0
12030,5534.0,452.0,3168.0,10816.0
12031,23206.0,2096.0,723.0,7539.0
12032,5596.0,418.0,3413.0,3313.0
12033,20329.0,2285.0,2888.0,15374.0
12034,5464.0,108.0,2147.0,6157.0
12035,2521.0,310.0,797.0,8468.0
12036,3635.0,577.0,2798.0,5584.0
12037,4217.0,1168.0,1723.0,5717.0
12038,7995.0,1113.0,2030.0,8818.0
12039,34804.0,1487.0,7372.0,8359.0
12040,10694.0,1080.0,1628.0,2041.0
12041,16794.0,2315.0,1756.0,10903.0
12042,2852.0,311.0,16.0,5807.0
12043,6015.0,651.0,1749.0,9638.0
12044,13725.0,984.0,2354.0,5498.0
12045,13009.0,2245.0,3674.0,5957.0
12046,23548.0,2054.0,2513.0,6810.0
12047,2807.0,1202.0,870.0,9307.0
12048,32577.0,4052.0,4454.0,4173.0
12049,6881.0,672.0,2092.0,8064.0
12050,8744.0,769.0,2146.0,5703.0
12051,2949.0,290.0,2174.0,6357.0
12052,5903.0,727.0,749.0,5521.0
12053,62050.0,3551.0,2785.0,10222.0
12054,4027.0,749.0,1135.0,5151.0
12055,10207.0,1210.0,2811.0,7158.0
12056,3574.0,710.0,1983.0,16153.0
12057,4960.0,1406.0,2023.0,20722.0
12058,4161.0,852.0,2639.0,7345.0
12059,12548.0,843.0,1931.0,14928.0
12060,3464.0,955.0,1779.0,7711.0
12061,7993.0,1065.0,607.0,10501.0
12062,4462.0,1911.0,1595.0,-0.0
12063,2830.0,540.0,806.0,13360.0
12064,3687.0,1185.0,416.0,7927.0
12065,17686.0,1281.0,2591.0,4311.0
12066,4963.0,1299.0,2176.0,8988.0
12067,4443.0,785.0,2199.0,6328.0
12068,7080.0,595.0,1163.0,7023.0
12069,5491.0,1370.0,792.0,6473.0
12070,3465.0,592.0,2411.0,3596.0
12071,8542.0,509.0,2625.0,8070.0
12072,14710.0,1274.0,1701.0,15816.0
12073,12482.0,893.0,1578.0,7530.0
12074,13558.0,880.0,1272.0,10603.0
12075,40971.0,4162.0,4111.0,11166.0
12076,30486.0,1554.0,2381.0,11386.0
12077,4302.0,626.0,879.0,5322.0
12078,23423.0,1731.0,2195.0,10797.0
12079,4110.0,977.0,3163.0,7605.0
12080,17341.0,174.0,3379.0,7879.0
12081,15290.0,986.0,2150.0,8131.0
12082,17294.0,3349.0,5759.0,14644.0
12083,39073.0,3455.0,11706.0,23693.0
12084,17750.0,1181.0,1363.0,3958.0
12085,13013.0,729.0,2637.0,3357.0
12086,6581.0,548.0,2113.0,6564.0
12087,3870.0,1058.0,860.0,9183.0
12088,4495.0,599.0,949.0,8761.0
12089,3716.0,255.0,1265.0,4863.0
12090,20966.0,1314.0,2101.0,5941.0
12091,16289.0,1159.0,1114.0,1619.0
12092,5753.0,551.0,1402.0,7277.0
12093,2876.0,1371.0,1017.0,1301.0
12094,12732.0,1201.0,2191.0,10633.0
12095,5791.0,1239.0,1956.0,6950.0
12096,7626.0,1368.0,1341.0,7823.0
12097,2589.0,405.0,7062.0,2623.0
12098,6987.0,788.0,1310.0,8505.0
12099,53898.0,3923.0,1614.0,3041.0
12100,27118.0,3017.0,1434.0,7416.0
12101,3967.0,574.0,950.0,11746.0
12102,9322.0,948.0,2837.0,5158.0
12103,8384.0,558.0,1907.0,6493.0
12104,2664.0,805.0,1311.0,5011.0
12105,4465.0,311.0,1579.0,4031.0
12106,15447.0,966.0,1404.0,8147.0
12107,333944.0,87029.0,93241.0,279084.0
12108,5480.0,1169.0,1840.0,7256.0
12109,5159.0,987.0,2489.0,7511.0
12110,5147.0,1328.0,2277.0,4293.0
12111,3510.0,609.0,1825.0,1594.0
12112,6066.0,841.0,-0.0,8693.0
12113,6628.0,732.0,2791.0,7535.0
12114,2947.0,275.0,2579.0,7319.0
12115,31148.0,2454.0,754.0,3205.0
12116,7739.0,848.0,1709.0,3378.0
12117,18799.0,739.0,3412.0,7569.0
12118,3714.0,726.0,1484.0,5204.0
12119,24620.0,1969.0,2483.0,5997.0
12120,8975.0,2072.0,3855.0,10868.0
12121,7200.0,831.0,1915.0,7960.0
12122,8228.0,1347.0,2011.0,7759.0
12123,2483.0,326.0,878.0,7378.0
12124,2743.0,749.0,435.0,3972.0
12125,5546.0,753.0,2229.0,11814.0
12126,3933.0,816.0,860.0,6380.0
12127,6715.0,777.0,2124.0,3893.0
12128,3702.0,227.0,1137.0,7148.0
12129,4311.0,365.0,1939.0,1867.0
12130,22120.0,1251.0,1985.0,10433.0
12131,3283.0,1385.0,835.0,6536.0
12132,7462.0,434.0,2892.0,4951.0
12133,8571.0,1419.0,3306.0,12959.0
12134,9145.0,1718.0,2461.0,13635.0
12135,2471.0,163.0,3220.0,3714.0
12136,2741.0,642.0,217.0,9294.0
12137,4180.0,650.0,1764.0,4669.0
12138,16974.0,786.0,2558.0,3764.0
12139,2680.0,351.0,654.0,9658.0
12140,4526.0,649.0,1536.0,8471.0
12141,2994.0,1251.0,2766.0,14652.0
12142,4605.0,674.0,729.0,4668.0
12143,4281.0,629.0,1783.0,7750.0
12144,6850.0,1226.0,2001.0,6307.0
12145,5173.0,304.0,2022.0,4506.0
12146,3936.0,764.0,939.0,3797.0
12147,4229.0,307.0,1245.0,5081.0
12148,4797.0,355.0,1950.0,7338.0
12149,5532.0,377.0,2087.0,7151.0
12150,5990.0,319.0,1347.0,4210.0
12151,24251.0,2650.0,39118.0,21974.0
12152,3684.0,952.0,710.0,17781.0
12153,16545.0,984.0,2553.0,4482.0
12154,22313.0,2111.0,2119.0,6788.0
12155,23970.0,3172.0,1992.0,7363.0
12156,4671.0,830.0,2474.0,10531.0
12157,16652.0,4512.0,8944.0,7198.0
12158,7275.0,1319.0,2882.0,8616.0
12159,2607.0,392.0,510.0,4930.0
12160,2683.0,550.0,1073.0,4513.0
12161,2712.0,1166.0,43215.0,122792.0
12162,4521.0,914.0,967.0,7338.0
12163,3202.0,1075.0,2082.0,2105.0
12164,8353.0,1590.0,1290.0,7634.0
12165,4018.0,359.0,903.0,8504.0
12166,5103.0,1222.0,5938.0,12872.0
12167,3442.0,553.0,29.0,9990.0
12168,8988.0,296.0,3589.0,6670.0
12169,6749.0,860.0,1456.0,9411.0
12170,26728.0,1675.0,1188.0,14399.0
12171,3691.0,117.0,2312.0,7163.0
12172,6803.0,1281.0,2202.0,6153.0
12173,24801.0,1594.0,2189.0,2457.0
12174,7013.0,719.0,2398.0,5952.0
12175,3238.0,1284.0,2252.0,6722.0
12176,7105.0,1303.0,502.0,7597.0
12177,14669.0,1910.0,1961.0,8171.0
12178,8271.0,1643.0,4517.0,10336.0
12179,9170.0,847.0,1899.0,3816.0
12180,5705.0,1073.0,2466.0,7762.0
12181,8106.0,422.0,3248.0,2535.0
12182,3433.0,421.0,2101.0,9259.0
12183,4992.0,407.0,1915.0,5490.0
12184,3308.0,274.0,1295.0,3127.0
12185,3264.0,486.0,-0.0,8299.0
12186,6671.0,1159.0,2114.0,7313.0
12187,18267.0,1319.0,3209.0,16108.0
12188,2673.0,965.0,584.0,5055.0
12189,2881.0,288.0,1381.0,9443.0
12190,7242.0,643.0,2621.0,2402.0
12191,7744.0,530.0,1606.0,8447.0
12192,4756.0,898.0,1519.0,8400.0
12193,20508.0,2357.0,702.0,6553.0
12194,8557.0,865.0,4193.0,6636.0
12195,21247.0,3533.0,4383.0,11101.0
12196,2816.0,619.0,740.0,7705.0
12197,6504.0,888.0,1696.0,11028.0
12198,4701.0,424.0,2189.0,2153.0
12199,7067.0,753.0,2391.0,6653.0
12200,8528.0,699.0,1794.0,9775.0
12201,4012.0,509.0,2658.0,11991.0
12202,17160.0,2224.0,1959.0,3769.0
12203,18271.0,3418.0,4713.0,12510.0
12204,16298.0,1059.0,2456.0,8969.0
12205,42831.0,4865.0,2441.0,14305.0
12206,3749.0,391.0,1555.0,5741.0
12207,2824.0,306.0,-0.0,5592.0
12208,4662.0,408.0,1730.0,6960.0
12209,3629.0,269.0,1700.0,9128.0
12210,5873.0,286.0,1004.0,5232.0
12211,17194.0,2065.0,2386.0,6665.0
12212,7222.0,1359.0,645.0,15176.0
12213,5351.0,840.0,3710.0,15305.0
12214,3219.0,372.0,921.0,11463.0
12215,5022.0,903.0,2420.0,6878.0
12216,52639.0,3779.0,2556.0,14156.0
12217,13305.0,706.0,1864.0,7165.0
12218,2572.0,1249.0,2124.0,8518.0
12219,3171.0,98.0,2201.0,7051.0
12220,5442.0,829.0,2187.0,7751.0
12221,6868.0,971.0,1755.0,12266.0
12222,3077.0,462.0,2435.0,9234.0
12223,3390.0,332.0,1671.0,1387.0
12224,2531.0,1103.0,815.0,3747.0
12225,7794.0,390.0,1313.0,7026.0
12226,3211.0,487.0,2165.0,8215.0
12227,7842.0,342.0,1781.0,2632.0
12228,2591.0,798.0,2481.0,4299.0
12229,14908.0,922.0,957.0,7241.0
12230,7558.0,1824.0,1976.0,4416.0
12231,5160.0,759.0,1757.0,12165.0
12232,3676.0,482.0,1284.0,4588.0
12233,7650.0,361.0,2275.0,7124.0
12234,8290.0,665.0,3020.0,9833.0
12235,4902.0,1274.0,485.0,12137.0
12236,6341.0,1029.0,1916.0,6371.0
12237,3273.0,402.0,1254.0,3546.0
12238,10492.0,603.0,2342.0,9467.0
12239,20789.0,2134.0,1750.0,9272.0
12240,7505.0,803.0,2473.0,17008.0
12241,4654.0,608.0,2819.0,3142.0
12242,2882.0,625.0,1671.0,8367.0
12243,5343.0,796.0,2445.0,10933.0
12244,7534.0,655.0,-0.0,5600.0
12245,12817.0,1968.0,1277.0,13620.0
12246,4984.0,765.0,1375.0,4212.0
12247,21348.0,3182.0,2834.0,8873.0
12248,2723.0,1190.0,1935.0,9945.0
12249,40466.0,8579.0,8180.0,19973.0
12250,13074.0,526.0,556.0,908.0
12251,13998.0,1628.0,2345.0,9538.0
12252,56487.0,9474.0,13014.0,47669.0
12253,14993.0,872.0,2360.0,8571.0
12254,7265.0,992.0,2562.0,4734.0
12255,15027.0,1265.0,2718.0,12896.0
12256,3984.0,426.0,2098.0,10162.0
12257,2580.0,51.0,421.0,5509.0
12258,4205.0,878.0,976.0,3742.0
12259,9232.0,1235.0,-0.0,2056.0
12260,12939.0,1898.0,1624.0,8324.0
12261,3835.0,639.0,1235.0,-0.0
12262,7876.0,1885.0,1928.0,9670.0
12263,5264.0,578.0,224.0,6395.0
12264,5047.0,330.0,5082.0,5673.0
12265,15678.0,1480.0,100.0,3524.0
12266,9749.0,1432.0,3163.0,8654.0
12267,3318.0,243.0,1697.0,6894.0
12268,7645.0,1042.0,1509.0,10700.0
12269,25687.0,2628.0,1557.0,5922.0
12270,18742.0,1360.0,1092.0,15280.0
12271,5707.0,631.0,169.0,6551.0
12272,3804.0,1035.0,1803.0,8541.0
12273,3412.0,1016.0,1387.0,2130.0
12274,2512.0,335.0,1704.0,3631.0
12275,30885.0,3134.0,2979.0,8868.0
12276,26256.0,3303.0,3052.0,7447.0
12277,4699.0,295.0,1329.0,5016.0
12278,18127.0,1586.0,2695.0,6883.0
12279,11026.0,885.0,2287.0,14962.0
12280,3939.0,370.0,1167.0,5429.0
12281,9628.0,1326.0,2187.0,2805.0
12282,24202.0,2009.0,1883.0,8880.0
12283,2746.0,221.0,442.0,3370.0
12284,7600.0,1719.0,1651.0,7276.0
12285,22768.0,2775.0,2559.0,7156.0
12286,2568.0,795.0,536.0,8288.0
12287,12560.0,776.0,747.0,6395.0
12288,10023.0,777.0,2611.0,13753.0
12289,4225.0,514.0,1561.0,9580.0
12290,5290.0,565.0,523.0,5465.0
12291,14803.0,1194.0,3484.0,5132.0
12292,16196.0,1253.0,299.0,4382.0
12293,20874.0,1732.0,2366.0,10685.0
12294,7781.0,1726.0,2387.0,9581.0
12295,2999.0,1278.0,479.0,5576.0
12296,44295.0,3360.0,3012.0,5217.0
12297,4523.0,843.0,1530.0,8664.0
12298,22221.0,2950.0,1609.0,6064.0
12299,7096.0,329.0,2618.0,3831.0
12300,4547.0,382.0,2737.0,9483.0
12301,12126.0,1212.0,1060.0,7636.0
12302,7324.0,879.0,2526.0,9908.0
12303,26502.0,1913.0,2997.0,20028.0
12304,4674.0,183.0,3581.0,15868.0
12305,21294.0,2137.0,441.0,7281.0
12306,2737.0,243.0,934.0,1653.0
12307,6313.0,845.0,1926.0,6485.0
12308,2729.0,140.0,2570.0,12913.0
12309,37762.0,3144.0,2227.0,7630.0
12310,3170.0,655.0,1329.0,2933.0
12311,2780.0,561.0,2945.0,4267.0
12312,6605.0,695.0,3236.0,7038.0
12313,4386.0,1221.0,1979.0,12561.0
12314,2605.0,836.0,1020.0,8516.0
12315,3159.0,194.0,260.0,-0.0
12316,8561.0,1700.0,3389.0,8676.0
12317,6974.0,399.0,1626.0,3287.0
12318,2994.0,115.0,-0.0,5574.0
12319,7422.0,1430.0,2958.0,11799.0
12320,3118.0,1418.0,651.0,5206.0
12321,7766.0,1854.0,1627.0,8820.0
12322,7712.0,819.0,1085.0,5276.0
12323,27058.0,1263.0,3868.0,8125.0
12324,2671.0,595.0,2946.0,8118.0
12325,4938.0,370.0,2408.0,7791.0
12326,15731.0,1088.0,2064.0,7175.0
12327,3510.0,725.0,1591.0,5986.0
12328,15436.0,895.0,2762.0,8138.0
12329,8051.0,36.0,1438.0,7963.0
12330,3817.0,852.0,1555.0,7868.0
12331,24852.0,1740.0,2879.0,3451.0
12332,27211.0,5298.0,10199.0,13697.0
12333,44497.0,2605.0,3661.0,9155.0
12334,7130.0,882.0,2826.0,9475.0
12335,6614.0,492.0,4101.0,6341.0
12336,7952.0,481.0,771.0,8789.0
12337,49111.0,4714.0,14611.0,24340.0
12338,14152.0,1752.0,1838.0,11231.0
12339,13736.0,1249.0,2750.0,5283.0
12340,13484.0,872.0,411.0,2503.0
12341,29145.0,1663.0,1458.0,7943.0
12342,3338.0,601.0,2112.0,12015.0
12343,3208.0,450.0,2677.0,5215.0
12344,2921.0,1054.0,2165.0,7597.0
12345,8784.0,842.0,1319.0,1445.0
12346,18105.0,1201.0,1882.0,8611.0
12347,5904.0,833.0,1977.0,4688.0
12348,8924.0,1064.0,2377.0,7706.0
12349,29587.0,1681.0,1461.0,13622.0
12350,8143.0,739.0,475.0,2412.0
12351,15896.0,1957.0,2077.0,7342.0
12352,2675.0,478.0,2347.0,11812.0
12353,16674.0,832.0,1226.0,4201.0
12354,5856.0,950.0,200.0,2853.0
12355,4687.0,2253.0,4622.0,9439.0
12356,6451.0,656.0,1058.0,5255.0
12357,3677.0,691.0,2040.0,-0.0
12358,6398.0,1099.0,2276.0,6630.0
12359,4472.0,1055.0,477.0,454.0
12360,25540.0,1829.0,3668.0,8663.0
12361,6156.0,315.0,1912.0,8907.0
12362,10415.0,987.0,1010.0,13511.0
12363,15406.0,1393.0,1413.0,12011.0
12364,3720.0,632.0,713.0,8449.0
12365,6499.0,754.0,2466.0,3681.0
12366,4192.0,1371.0,822.0,507.0
12367,5974.0,775.0,2482.0,6589.0
12368,5003.0,237.0,3960.0,10643.0
12369,4773.0,857.0,1082.0,8996.0
12370,4397.0,867.0,2448.0,4884.0
12371,10065.0,1269.0,1396.0,2574.0
12372,7966.0,454.0,1475.0,8621.0
12373,37300.0,2928.0,12556.0,7644.0
12374,17927.0,1682.0,416.0,11374.0
12375,2529.0,449.0,1801.0,4185.0
12376,24122.0,1918.0,2016.0,11758.0
12377,5808.0,1192.0,1454.0,5347.0
12378,5025.0,639.0,2621.0,15015.0
12379,18395.0,1626.0,-0.0,8359.0
12380,11918.0,1223.0,3354.0,7297.0
12381,2922.0,1052.0,1967.0,5816.0
12382,50150.0,3879.0,445.0,6297.0
12383,2585.0,346.0,1577.0,796.0
12384,64370.0,7202.0,64619.0,46268.0
12385,4567.0,329.0,914.0,4378.0
12386,4695.0,775.0,1731.0,3830.0
12387,4277.0,124.0,622.0,7594.0
12388,5965.0,955.0,3369.0,609.0
12389,2492.0,34.0,-0.0,4636.0
12390,5262.0,820.0,2137.0,1940.0
12391,11233.0,2076.0,594.0,5087.0
12392,4067.0,600.0,2661.0,7497.0
12393,4351.0,626.0,3007.0,4266.0
12394,3563.0,729.0,2132.0,9301.0
12395,9832.0,1077.0,2854.0,8353.0
12396,12601.0,532.0,2310.0,3644.0
12397,41700.0,4358.0,3746.0,10699.0
12398,3010.0,926.0,1008.0,4641.0
12399,6709.0,720.0,2173.0,9695.0
12400,39174.0,2302.0,2025.0,5161.0
12401,6551.0,603.0,3143.0,10162.0
12402,3461.0,512.0,1709.0,8479.0
12403,3223.0,1350.0,27276.0,78918.0
12404,3619.0,185.0,458.0,4090.0
12405,19913.0,2332.0,2127.0,6715.0
12406,2562.0,124.0,1836.0,4529.0
12407,5411.0,729.0,2297.0,11376.0
12408,4941.0,512.0,1541.0,-0.0
12409,6780.0,358.0,-0.0,3330.0
12410,17286.0,2174.0,3165.0,7143.0
12411,3731.0,824.0,656.0,4382.0
12412,5573.0,644.0,1975.0,7846.0
12413,7809.0,818.0,3499.0,4501.0
12414,13800.0,1868.0,3265.0,6280.0
12415,28367.0,2428.0,936.0,8269.0
12416,18049.0,2048.0,2752.0,4918.0
12417,22642.0,1736.0,2727.0,10355.0
12418,4084.0,841.0,1684.0,6514.0
12419,6822.0,1226.0,2522.0,8368.0
12420,4452.0,945.0,1721.0,15575.0
12421,6363.0,275.0,2580.0,10681.0
12422,2830.0,765.0,100.0,5126.0
12423,9930.0,1036.0,2331.0,1680.0
12424,3537.0,352.0,1979.0,10398.0
12425,17069.0,1102.0,1535.0,11112.0
12426,13158.0,1126.0,2457.0,12911.0
12427,79236.0,5946.0,8438.0,12775.0
12428,4833.0,376.0,1252.0,10522.0
12429,6717.0,1774.0,2371.0,7664.0
12430,49310.0,3989.0,3543.0,11124.0
12431,4736.0,1699.0,2175.0,10177.0
12432,3318.0,139.0,927.0,15013.0
12433,13394.0,878.0,1358.0,1498.0
12434,4232.0,1342.0,1611.0,3329.0
12435,23615.0,3964.0,2242.0,1626.0
12436,5292.0,921.0,1468.0,3795.0
12437,2673.0,631.0,2284.0,11466.0
12438,2590.0,191.0,-0.0,-0.0
12439,24933.0,1302.0,2064.0,8546.0
12440,29027.0,2118.0,2078.0,7173.0
12441,6510.0,611.0,2917.0,8798.0
12442,4325.0,501.0,1107.0,4536.0
12443,5238.0,381.0,1360.0,10713.0
12444,6319.0,1307.0,1800.0,5339.0
12445,8249.0,727.0,1489.0,4555.0
12446,7489.0,667.0,2334.0,11011.0
12447,10866.0,658.0,1381.0,8312.0
12448,2947.0,439.0,463.0,5646.0
12449,18186.0,1214.0,1685.0,2587.0
12450,26981.0,6000.0,2226.0,3203.0
12451,13125.0,1497.0,516.0,3166.0
12452,3892.0,166.0,1375.0,6542.0
12453,2974.0,308.0,384.0,5768.0
12454,5201.0,1125.0,2946.0,9258.0
12455,5022.0,774.0,4584.0,7335.0
12456,21583.0,2067.0,2423.0,9927.0
12457,6942.0,944.0,1845.0,7280.0
12458,4347.0,787.0,796.0,-0.0
12459,3600.0,1100.0,1553.0,16188.0
12460,21211.0,2410.0,1954.0,5861.0
12461,8523.0,996.0,1010.0,12497.0
12462,27456.0,1895.0,2115.0,8235.0
12463,7741.0,1064.0,4922.0,14102.0
12464,8341.0,1087.0,465.0,6648.0
12465,8658.0,389.0,931.0,4765.0
12466,3339.0,1050.0,2405.0,4226.0
12467,2482.0,573.0,2595.0,5392.0
12468,5822.0,69.0,1410.0,9413.0
12469,3028.0,1046.0,1616.0,8871.0
12470,6597.0,794.0,1362.0,10095.0
12471,16702.0,1755.0,2382.0,7051.0
12472,3637.0,397.0,-0.0,6484.0
12473,27214.0,5966.0,12913.0,11492.0
12474,5523.0,1136.0,1199.0,2866.0
12475,4063.0,516.0,1505.0,9418.0
12476,8613.0,677.0,1698.0,8442.0
12477,5798.0,506.0,2026.0,2461.0
12478,75151.0,4926.0,15335.0,19234.0
12479,23350.0,4976.0,1734.0,6380.0
12480,4438.0,291.0,1626.0,1827.0
12481,6095.0,905.0,704.0,12712.0
12482,27198.0,1369.0,2486.0,9166.0
12483,10762.0,1644.0,2585.0,17851.0
12484,31228.0,1522.0,2691.0,5899.0
12485,19869.0,1268.0,653.0,7173.0
12486,8009.0,282.0,1585.0,5870.0
12487,43273.0,4066.0,3174.0,10161.0
12488,4358.0,343.0,2108.0,10602.0
12489,6157.0,678.0,475.0,3806.0
12490,3917.0,672.0,1776.0,13676.0
12491,26930.0,2691.0,1520.0,7771.0
12492,15194.0,1039.0,2846.0,12671.0
12493,27513.0,1234.0,2884.0,5647.0
12494,7552.0,1026.0,3504.0,8546.0
12495,34063.0,2220.0,4033.0,7264.0
12496,3015.0,319.0,3075.0,11515.0
12497,4461.0,619.0,1950.0,6073.0
12498,5042.0,511.0,2839.0,4043.0
12499,4862.0,1002.0,2454.0,5778.0
12500,2984.0,530.0,-0.0,6001.0
12501,27321.0,1820.0,2148.0,11754.0
12502,3607.0,370.0,1214.0,10670.0
12503,27819.0,1980.0,2686.0,8587.0
12504,8215.0,702.0,404.0,6646.0
12505,2765.0,691.0,94.0,1666.0
12506,6368.0,543.0,2838.0,9374.0
12507,4650.0,1406.0,3410.0,9504.0
12508,3004.0,477.0,1670.0,5721.0
12509,4350.0,355.0,2256.0,6056.0
12510,11231.0,1029.0,1685.0,7015.0
12511,6339.0,572.0,3618.0,5326.0
12512,6822.0,616.0,1521.0,4528.0
12513,2735.0,1253.0,1195.0,10277.0
12514,4571.0,1087.0,2543.0,8301.0
12515,3560.0,513.0,1387.0,4459.0
12516,53859.0,3800.0,3804.0,11731.0
12517,2625.0,595.0,2420.0,671.0
12518,3925.0,1174.0,1729.0,7105.0
12519,20420.0,2141.0,1456.0,9607.0
12520,10155.0,1148.0,1491.0,7062.0
12521,5656.0,204.0,659.0,12957.0
12522,6668.0,1031.0,1341.0,12056.0
12523,3670.0,709.0,1314.0,1999.0
12524,8920.0,341.0,2177.0,3545.0
12525,30769.0,3352.0,96937.0,49875.0
12526,16211.0,890.0,1852.0,11735.0
12527,6524.0,681.0,3370.0,7501.0
12528,4397.0,2429.0,3550.0,10847.0
12529,6856.0,1106.0,2594.0,7447.0
12530,3028.0,385.0,2092.0,9645.0
12531,16447.0,1684.0,987.0,5454.0
12532,26784.0,2088.0,855.0,8487.0
12533,2797.0,228.0,1560.0,14245.0
12534,6791.0,907.0,1701.0,9686.0
12535,2818.0,622.0,-0.0,6844.0
12536,4515.0,1244.0,179.0,4852.0
12537,4806.0,987.0,2347.0,2367.0
12538,28518.0,2276.0,1234.0,3689.0
12539,5650.0,568.0,1355.0,4342.0
12540,3397.0,678.0,2107.0,4996.0
12541,3615.0,853.0,1210.0,10270.0
12542,13161.0,620.0,799.0,7148.0
12543,30961.0,1291.0,2424.0,5022.0
12544,5832.0,626.0,2357.0,9509.0
12545,5398.0,448.0,583.0,7788.0
12546,2972.0,326.0,313.0,7066.0
12547,4187.0,1043.0,4636.0,6031.0
12548,3634.0,371.0,2024.0,13813.0
12549,5570.0,480.0,945.0,1903.0
12550,7310.0,911.0,502.0,5512.0
12551,26375.0,1714.0,1423.0,11467.0
12552,11848.0,1193.0,1815.0,3709.0
12553,3329.0,2040.0,488169.0,172327.0
12554,62824.0,3962.0,43556.0,69859.0
12555,3944.0,755.0,2521.0,8433.0
12556,3597.0,331.0,-0.0,9048.0
12557,5821.0,795.0,2357.0,14200.0
12558,2565.0,265.0,2137.0,2830.0
12559,5625.0,972.0,2496.0,2897.0
12560,7985.0,959.0,-0.0,7116.0
12561,3579.0,810.0,2467.0,7638.0
12562,24590.0,2058.0,2866.0,10794.0
12563,6074.0,347.0,2843.0,2642.0
12564,4388.0,817.0,1272.0,11581.0
12565,4039.0,321.0,2082.0,3930.0
12566,5034.0,760.0,1237.0,14097.0
12567,7104.0,768.0,2275.0,4767.0
12568,4036.0,1453.0,3058.0,9058.0
12569,3089.0,555.0,2931.0,4157.0
12570,23668.0,1134.0,2360.0,6322.0
12571,4641.0,1167.0,1017.0,7873.0
12572,16119.0,1328.0,1829.0,2447.0
12573,3859.0,504.0,779.0,1170.0
12574,8922.0,768.0,2607.0,14017.0
12575,4027.0,441.0,1377.0,4517.0
12576,35453.0,3163.0,2088.0,12216.0
12577,6901.0,158.0,2048.0,12150.0
12578,3915.0,359.0,-0.0,-0.0
12579,2476.0,741.0,1365.0,7019.0
12580,3234.0,1331.0,1713.0,6918.0
12581,9331.0,355.0,654.0,7176.0
12582,3850.0,721.0,90.0,1268.0
12583,3508.0,805.0,116.0,11377.0
12584,15893.0,959.0,1186.0,11312.0
12585,7905.0,702.0,261.0,3746.0
12586,7515.0,700.0,2663.0,3984.0
12587,5925.0,972.0,2395.0,8628.0
12588,11751.0,1196.0,1286.0,9266.0
12589,5264.0,361.0,2261.0,7791.0
12590,6615.0,918.0,3420.0,2962.0
12591,9913.0,1135.0,1956.0,9522.0
12592,3095.0,405.0,656.0,5385.0
12593,8488.0,1637.0,3404.0,5472.0
12594,4405.0,529.0,1451.0,3357.0
12595,3934.0,334.0,1556.0,11703.0
12596,4233.0,598.0,2653.0,8958.0
12597,2801.0,94.0,2143.0,8271.0
12598,7304.0,1170.0,3293.0,3172.0
12599,7037.0,1136.0,986.0,2695.0
12600,3138.0,880.0,959.0,6704.0
12601,77763.0,9194.0,18823.0,77439.0
12602,29244.0,2020.0,915.0,9625.0
12603,9826.0,815.0,613.0,8886.0
12604,12656.0,1472.0,2739.0,8890.0
12605,11953.0,758.0,3664.0,6855.0
12606,15680.0,709.0,2618.0,9440.0
12607,4787.0,200.0,3462.0,10796.0
12608,8461.0,1256.0,2398.0,8354.0
12609,7673.0,1048.0,770.0,13069.0
12610,9671.0,1268.0,2212.0,22443.0
12611,5391.0,228.0,2269.0,12608.0
12612,8298.0,526.0,2180.0,2328.0
12613,3705.0,647.0,-0.0,4650.0
12614,7637.0,552.0,2605.0,8819.0
12615,25897.0,1771.0,892.0,5847.0
12616,18739.0,1937.0,2822.0,8295.0
12617,31003.0,1839.0,2271.0,3119.0
12618,22842.0,3357.0,1316.0,4793.0
12619,7394.0,751.0,582.0,8870.0
12620,16629.0,1056.0,4331.0,5824.0
12621,24723.0,1507.0,2741.0,8095.0
12622,4028.0,631.0,3082.0,16329.0
12623,3667.0,140.0,1180.0,2372.0
12624,6107.0,865.0,758.0,9421.0
12625,7743.0,1284.0,1210.0,6163.0
12626,5935.0,859.0,1101.0,9866.0
12627,3086.0,1171.0,2528.0,6880.0
12628,9363.0,350.0,1757.0,14651.0
12629,5403.0,364.0,836.0,3978.0
12630,4687.0,718.0,600.0,5993.0
12631,3676.0,637.0,1611.0,6352.0
12632,2727.0,580.0,1973.0,12515.0
12633,12740.0,1085.0,1911.0,8016.0
12634,4490.0,735.0,3902.0,9738.0
12635,6107.0,814.0,2069.0,2864.0
12636,11340.0,2566.0,3754.0,12824.0
12637,11252.0,1316.0,1234.0,6109.0
12638,5571.0,908.0,2563.0,7659.0
12639,4991.0,389.0,1553.0,3875.0
12640,13013.0,1678.0,1597.0,6652.0
12641,6592.0,1434.0,1252.0,7918.0
12642,5495.0,413.0,2247.0,7604.0
12643,6524.0,287.0,2402.0,6599.0
12644,6901.0,877.0,2725.0,7166.0
12645,7078.0,721.0,1805.0,4108.0
12646,29268.0,2161.0,734.0,6315.0
12647,4650.0,414.0,1421.0,5840.0
12648,15982.0,1582.0,1156.0,8558.0
12649,5461.0,670.0,1493.0,6763.0
12650,9155.0,1021.0,1335.0,6466.0
12651,14976.0,1041.0,2705.0,11072.0
12652,4573.0,425.0,2590.0,5658.0
12653,4414.0,481.0,742.0,1439.0
12654,7386.0,1928.0,4095.0,4580.0
12655,50167.0,4123.0,6332.0,15714.0
12656,4917.0,974.0,1291.0,9377.0
12657,7884.0,1267.0,331.0,5167.0
12658,14624.0,1490.0,1991.0,2235.0
12659,5474.0,893.0,1298.0,9153.0
12660,5117.0,466.0,1186.0,1031.0
12661,5177.0,386.0,2874.0,1421.0
12662,3362.0,875.0,2811.0,5539.0
12663,5136.0,1148.0,1513.0,6852.0
12664,7027.0,773.0,836.0,8978.0
12665,27802.0,2480.0,2178.0,6986.0
12666,6496.0,853.0,2781.0,6527.0
12667,3765.0,71.0,870.0,11501.0
12668,2996.0,682.0,2015.0,4462.0
12669,6268.0,1172.0,2064.0,5180.0
12670,29246.0,2406.0,1350.0,8409.0
12671,2635.0,332.0,-0.0,5598.0
12672,2715.0,425.0,1727.0,5154.0
12673,46794.0,5484.0,6211.0,14466.0
12674,8657.0,331.0,1472.0,4264.0
12675,4869.0,443.0,2202.0,11550.0
12676,5409.0,430.0,1715.0,5156.0
12677,9634.0,1730.0,1475.0,6374.0
12678,3348.0,594.0,-0.0,4271.0
12679,5501.0,527.0,1498.0,10565.0
12680,9489.0,942.0,1279.0,4054.0
12681,3964.0,189.0,1849.0,6463.0
12682,2516.0,865.0,1289.0,2591.0
12683,3039.0,179.0,784.0,6463.0
12684,5098.0,789.0,1853.0,14021.0
12685,3837.0,338.0,2749.0,12509.0
12686,4514.0,443.0,892.0,10644.0
12687,25372.0,2309.0,3241.0,5659.0
12688,5128.0,934.0,2911.0,2055.0
12689,2767.0,297.0,2207.0,3276.0
12690,3693.0,741.0,302.0,349.0
12691,21539.0,1905.0,2767.0,9578.0
12692,4169.0,420.0,733.0,1916.0
12693,2580.0,1037.0,3807.0,11208.0
12694,45129.0,3410.0,2298.0,4695.0
12695,4058.0,49.0,2476.0,8505.0
12696,6225.0,905.0,2618.0,15117.0
12697,42270.0,2928.0,2404.0,13563.0
12698,3146.0,905.0,655.0,13238.0
12699,3538.0,358.0,873.0,5187.0
12700,2995.0,269.0,1136.0,11119.0
12701,5200.0,1325.0,1300.0,8300.0
12702,13140.0,860.0,2409.0,11850.0
12703,16712.0,1460.0,1031.0,2216.0
12704,6053.0,457.0,2073.0,12483.0
12705,3538.0,1037.0,3166.0,627.0
12706,6557.0,701.0,2621.0,8435.0
12707,3305.0,1185.0,1425.0,3116.0
12708,2692.0,379.0,513.0,4570.0
12709,4431.0,691.0,1922.0,4131.0
12710,6959.0,1231.0,855.0,8550.0
12711,37656.0,1849.0,1507.0,10097.0
12712,6234.0,546.0,1762.0,7571.0
12713,6714.0,482.0,1436.0,10651.0
12714,6573.0,633.0,2611.0,15223.0
12715,6986.0,127.0,1064.0,768.0
12716,17381.0,1230.0,1004.0,9097.0
12717,3560.0,108.0,1856.0,2383.0
12718,22241.0,4085.0,5206.0,13424.0
12719,3895.0,480.0,2449.0,8970.0
12720,3111.0,205.0,1911.0,11117.0
12721,8501.0,1019.0,2519.0,11822.0
12722,2797.0,541.0,1422.0,7477.0
12723,3862.0,958.0,1232.0,7275.0
12724,16115.0,2313.0,3219.0,4953.0
12725,3688.0,835.0,1358.0,5848.0
12726,3218.0,240.0,2565.0,9603.0
12727,4618.0,1095.0,2054.0,3200.0
12728,6663.0,1739.0,2488.0,3692.0
12729,10954.0,1128.0,1622.0,7465.0
12730,11532.0,1930.0,442.0,3136.0
12731,6806.0,219.0,1439.0,9288.0
12732,13686.0,708.0,882.0,7072.0
12733,3171.0,533.0,777.0,5475.0
12734,7580.0,344.0,1489.0,5506.0
12735,32139.0,2604.0,1770.0,7438.0
12736,8297.0,610.0,2232.0,9814.0
12737,30446.0,2474.0,5330.0,8493.0
12738,39463.0,3148.0,3097.0,6687.0
12739,19803.0,2693.0,4786.0,18071.0
12740,10138.0,615.0,2558.0,7662.0
12741,2616.0,325.0,1565.0,4358.0
12742,13517.0,915.0,2979.0,6321.0
12743,48034.0,3414.0,1696.0,13259.0
12744,5642.0,1290.0,921.0,1786.0
12745,26942.0,3049.0,4818.0,10553.0
12746,2574.0,1510.0,3215.0,10858.0
12747,26130.0,2823.0,2708.0,8928.0
12748,6380.0,2552.0,3145.0,12687.0
12749,6991.0,761.0,2568.0,6495.0
12750,19247.0,2266.0,13358.0,7884.0
12751,4545.0,418.0,2022.0,1235.0
12752,4615.0,1046.0,3593.0,-0.0
12753,16873.0,6217.0,126975.0,88026.0
12754,11166.0,1064.0,3105.0,1810.0
12755,9851.0,1281.0,680.0,2990.0
12756,20683.0,2175.0,1504.0,15084.0
12757,4676.0,313.0,2885.0,8454.0
12758,3654.0,665.0,1273.0,4043.0
12759,6555.0,612.0,1176.0,12862.0
12760,23598.0,2911.0,1433.0,13636.0
12761,3629.0,476.0,1336.0,8981.0
12762,41112.0,3082.0,1509.0,11739.0
12763,3283.0,384.0,3400.0,7829.0
12764,6688.0,1192.0,3525.0,7409.0
12765,3350.0,368.0,1341.0,6148.0
12766,6931.0,469.0,2618.0,10283.0
12767,3264.0,558.0,1525.0,2116.0
12768,23115.0,2519.0,1573.0,15010.0
12769,5429.0,1258.0,111.0,9113.0
12770,6091.0,1299.0,1751.0,8871.0
12771,4227.0,394.0,1500.0,10911.0
12772,4508.0,1396.0,1419.0,16999.0
12773,4893.0,907.0,-0.0,1359.0
12774,4367.0,676.0,3232.0,9123.0
12775,4320.0,611.0,1054.0,13073.0
12776,3387.0,996.0,1860.0,6529.0
12777,3927.0,577.0,2086.0,16317.0
12778,17455.0,531.0,708.0,6842.0
12779,12375.0,1026.0,1939.0,8939.0
12780,40778.0,2711.0,5451.0,15727.0
12781,4973.0,1441.0,808.0,4641.0
12782,2879.0,311.0,645.0,8278.0
12783,4346.0,1183.0,2664.0,9386.0
12784,9084.0,1162.0,3306.0,4903.0
12785,4170.0,629.0,2071.0,16648.0
12786,13210.0,1798.0,3514.0,10918.0
12787,6914.0,1305.0,2581.0,5126.0
12788,3563.0,718.0,2515.0,5952.0
12789,3910.0,544.0,590.0,4535.0
12790,2534.0,1522.0,2981.0,9533.0
12791,3448.0,665.0,1153.0,8773.0
12792,11963.0,1502.0,1255.0,6341.0
12793,28620.0,1428.0,894.0,7524.0
12794,5441.0,142.0,932.0,2921.0
12795,22140.0,2386.0,1601.0,11697.0
12796,5105.0,1273.0,2091.0,4910.0
12797,9092.0,675.0,1100.0,3830.0
12798,2855.0,1118.0,1672.0,6829.0
12799,2620.0,613.0,1994.0,5724.0
12800,3564.0,1022.0,2248.0,6765.0
12801,6555.0,666.0,2472.0,14371.0
12802,10160.0,1084.0,2135.0,7820.0
12803,3374.0,822.0,3261.0,7367.0
12804,3895.0,404.0,4352.0,9672.0
12805,7117.0,417.0,4569.0,3374.0
12806,37629.0,2343.0,2149.0,10837.0
12807,2678.0,380.0,729.0,4351.0
12808,9907.0,1062.0,2662.0,10088.0
12809,5352.0,136.0,2788.0,4927.0
12810,3785.0,726.0,81.0,1938.0
12811,3436.0,737.0,2207.0,5575.0
12812,22451.0,1441.0,2072.0,8087.0
12813,21800.0,427.0,3082.0,11916.0
12814,20642.0,1439.0,2942.0,10316.0
12815,19883.0,2588.0,2789.0,18418.0
12816,2969.0,288.0,304.0,6858.0
12817,42390.0,3315.0,2248.0,13057.0
12818,7417.0,1914.0,2084.0,9765.0
12819,4138.0,701.0,2164.0,7603.0
12820,16463.0,999.0,2048.0,10589.0
12821,24892.0,1611.0,3404.0,10339.0
12822,7810.0,564.0,1913.0,8006.0
12823,213312.0,47162.0,131080.0,42423.0
12824,6322.0,920.0,169.0,5304.0
12825,7734.0,850.0,3910.0,11914.0
12826,2495.0,364.0,1344.0,19238.0
12827,4679.0,404.0,1304.0,15696.0
12828,2732.0,1088.0,3207.0,4931.0
12829,10708.0,822.0,2619.0,7452.0
12830,3514.0,377.0,2284.0,6407.0
12831,3209.0,1678.0,2814.0,16321.0
12832,6581.0,1142.0,1648.0,8095.0
12833,2801.0,469.0,1370.0,3937.0
12834,14962.0,1579.0,45288.0,24994.0
12835,3930.0,289.0,116.0,2677.0
12836,4959.0,810.0,3120.0,7063.0
12837,2632.0,721.0,1879.0,12461.0
12838,34597.0,4121.0,12784.0,8009.0
12839,2772.0,274.0,2027.0,9168.0
12840,20571.0,1614.0,1666.0,3050.0
12841,26828.0,1130.0,2091.0,10927.0
12842,5335.0,1021.0,1934.0,12223.0
12843,15154.0,1607.0,3848.0,8339.0
12844,4111.0,268.0,1763.0,3128.0
12845,21311.0,1349.0,2867.0,3928.0
12846,12629.0,409.0,2158.0,4707.0
12847,16572.0,857.0,3474.0,19669.0
12848,2518.0,414.0,2198.0,6940.0
12849,3979.0,1175.0,1021.0,4862.0
12850,5926.0,572.0,3289.0,6924.0
12851,8017.0,817.0,1222.0,3306.0
12852,11221.0,1594.0,2419.0,6669.0
12853,10839.0,1626.0,2194.0,13188.0
12854,16908.0,11251.0,13244.0,42746.0
12855,12316.0,1000.0,2225.0,7526.0
12856,6490.0,168.0,3409.0,7080.0
12857,3824.0,948.0,624.0,1650.0
12858,7956.0,869.0,2522.0,2518.0
12859,9921.0,1013.0,1638.0,4802.0
12860,2533.0,440.0,2153.0,4202.0
12861,6407.0,1862.0,741.0,6727.0
12862,3465.0,513.0,2038.0,6943.0
12863,5039.0,15.0,1190.0,9158.0
12864,5741.0,704.0,2649.0,12911.0
12865,4111.0,1017.0,2223.0,16126.0
12866,4543.0,903.0,312.0,3086.0
12867,3653.0,293.0,1629.0,4944.0
12868,25862.0,1472.0,792.0,13615.0
12869,3321.0,202.0,584.0,8718.0
12870,2471.0,359.0,1789.0,5419.0
12871,4344.0,769.0,1473.0,17129.0
12872,3545.0,969.0,1783.0,7994.0
12873,3580.0,235.0,3260.0,10253.0
12874,21935.0,2173.0,3188.0,7219.0
12875,4119.0,555.0,1018.0,3920.0
12876,2520.0,447.0,942.0,3609.0
12877,18434.0,979.0,2162.0,5026.0
12878,5340.0,491.0,2530.0,6800.0
12879,6878.0,1864.0,4819.0,7709.0
12880,9657.0,929.0,1110.0,17344.0
12881,2860.0,894.0,703.0,7605.0
12882,27296.0,1596.0,1826.0,7208.0
12883,13116.0,1479.0,1414.0,9773.0
12884,22451.0,1629.0,2624.0,5209.0
12885,8556.0,1022.0,2326.0,4010.0
12886,5091.0,768.0,3065.0,6555.0
12887,15328.0,1934.0,2344.0,16332.0
12888,9033.0,1238.0,3031.0,12326.0
12889,3859.0,363.0,1678.0,7577.0
12890,4466.0,128.0,2507.0,12792.0
12891,6828.0,1432.0,742.0,7873.0
12892,3712.0,1341.0,1240.0,2766.0
12893,50531.0,3199.0,1103.0,4484.0
12894,4440.0,569.0,1545.0,956.0
12895,2506.0,589.0,1333.0,994.0
12896,3941.0,317.0,1350.0,9678.0
12897,4065.0,468.0,2380.0,348.0
12898,9592.0,860.0,1307.0,7188.0
12899,3885.0,435.0,926.0,2650.0
12900,13906.0,2059.0,2817.0,8688.0
12901,4355.0,410.0,-0.0,3561.0
12902,9594.0,962.0,3056.0,7339.0
12903,4341.0,671.0,1586.0,8907.0
12904,5503.0,870.0,1115.0,5264.0
12905,6713.0,374.0,1084.0,3289.0
12906,6592.0,549.0,3802.0,522.0
12907,4716.0,522.0,910.0,10377.0
12908,15771.0,683.0,2753.0,7264.0
12909,3951.0,712.0,1357.0,6084.0
12910,3827.0,869.0,1741.0,12763.0
12911,15340.0,1236.0,1434.0,17613.0
12912,2786.0,617.0,17.0,8402.0
12913,3764.0,635.0,2002.0,6107.0
12914,32127.0,2760.0,1462.0,6101.0
12915,6582.0,736.0,4050.0,9850.0
12916,5663.0,525.0,1710.0,6492.0
12917,3968.0,513.0,2035.0,12626.0
12918,4506.0,866.0,2995.0,6115.0
12919,5131.0,691.0,3716.0,8907.0
12920,7515.0,458.0,1615.0,12643.0
12921,3982.0,645.0,624.0,14794.0
12922,9388.0,1443.0,1992.0,11229.0
12923,4366.0,1735.0,1645.0,10213.0
12924,24126.0,2141.0,2303.0,8854.0
12925,30124.0,2702.0,2742.0,17927.0
12926,8413.0,514.0,2061.0,12203.0
12927,25631.0,2724.0,2556.0,7868.0
12928,5281.0,3246.0,3786.0,14651.0
12929,4717.0,339.0,-0.0,8765.0
12930,20465.0,1666.0,1631.0,11821.0
12931,7839.0,733.0,1850.0,1322.0
12932,9438.0,1396.0,1091.0,7245.0
12933,11016.0,675.0,2442.0,3746.0
12934,7240.0,1888.0,963.0,1382.0
12935,14469.0,2473.0,3150.0,6579.0
12936,3730.0,856.0,1470.0,6668.0
12937,13587.0,803.0,4021.0,10954.0
12938,6906.0,1128.0,1122.0,5778.0
12939,13150.0,1888.0,2717.0,7082.0
12940,4999.0,636.0,1566.0,1929.0
12941,4348.0,238.0,2171.0,3563.0
12942,37035.0,6717.0,12494.0,60545.0
12943,43421.0,11061.0,19762.0,41332.0
12944,3245.0,1227.0,2287.0,3651.0
12945,27862.0,2539.0,5660.0,7493.0
12946,6529.0,1700.0,863.0,2578.0
12947,3219.0,283.0,1363.0,9952.0
12948,6008.0,539.0,3173.0,3784.0
12949,11452.0,1012.0,609.0,5787.0
12950,2540.0,553.0,-0.0,4143.0
12951,32351.0,1929.0,11596.0,17198.0
12952,4445.0,1059.0,1019.0,3086.0
12953,4112.0,344.0,1437.0,5969.0
12954,4025.0,1410.0,153.0,4750.0
12955,16235.0,1421.0,1676.0,6780.0
12956,3000.0,363.0,1646.0,4311.0
12957,5006.0,242.0,2949.0,12441.0
12958,28091.0,1217.0,2335.0,9315.0
12959,16075.0,1014.0,2527.0,13764.0
12960,2724.0,334.0,434.0,6905.0
12961,3340.0,511.0,1248.0,7236.0
12962,2610.0,730.0,1472.0,10846.0
12963,7345.0,799.0,1358.0,15184.0
12964,8044.0,1058.0,3087.0,10459.0
12965,5345.0,866.0,1058.0,4039.0
12966,2519.0,275.0,1719.0,6876.0
12967,21378.0,1294.0,7634.0,11533.0
12968,4066.0,1379.0,1559.0,6459.0
12969,3626.0,940.0,2434.0,13120.0
12970,3207.0,381.0,1041.0,10061.0
12971,2753.0,309.0,3503.0,2240.0
12972,4997.0,774.0,2864.0,2977.0
12973,10260.0,1857.0,1526.0,22506.0
12974,19586.0,1460.0,2333.0,10277.0
12975,48578.0,3715.0,3159.0,7945.0
12976,3521.0,428.0,1582.0,3524.0
12977,4129.0,35.0,1740.0,3179.0
12978,4251.0,1100.0,26.0,7683.0
12979,25630.0,2370.0,8079.0,10840.0
12980,4461.0,633.0,2016.0,6203.0
12981,71006.0,8731.0,10013.0,11775.0
12982,4040.0,424.0,2917.0,13043.0
12983,4942.0,821.0,1171.0,8798.0
12984,29236.0,5065.0,22159.0,17609.0
12985,9206.0,268.0,2977.0,11803.0
12986,25525.0,1853.0,2563.0,10364.0
12987,20005.0,2004.0,2565.0,7725.0
12988,33763.0,2119.0,1350.0,9083.0
12989,4295.0,60.0,1130.0,11015.0
12990,17919.0,1967.0,1538.0,5309.0
12991,3541.0,294.0,4271.0,5150.0
12992,3566.0,314.0,2160.0,7060.0
12993,122059.0,77518.0,267503.0,345401.0
12994,7435.0,644.0,2644.0,13548.0
12995,23034.0,1597.0,1615.0,12572.0
12996,5370.0,561.0,2786.0,6369.0
12997,17164.0,3287.0,722.0,5784.0
12998,3479.0,703.0,1143.0,6702.0
12999,4526.0,693.0,962.0,12209.0
13000,23107.0,1569.0,1686.0,15572.0
13001,6920.0,967.0,1368.0,9149.0
13002,3218.0,286.0,1230.0,8818.0
13003,8910.0,678.0,2834.0,6336.0
13004,26631.0,1295.0,436.0,6741.0
13005,11264.0,449.0,346.0,7519.0
13006,6712.0,496.0,2842.0,8702.0
13007,7421.0,1184.0,2711.0,15761.0
13008,5352.0,521.0,2929.0,5936.0
13009,3360.0,339.0,1362.0,2714.0
13010,3194.0,468.0,1102.0,7095.0
13011,5707.0,901.0,2476.0,2046.0
13012,13742.0,1611.0,3910.0,5689.0
13013,26651.0,2716.0,3587.0,6856.0
13014,8768.0,1109.0,3258.0,3291.0
13015,5434.0,1128.0,2628.0,6325.0
13016,12819.0,1380.0,3307.0,7026.0
13017,2471.0,731.0,2026.0,4811.0
13018,9433.0,854.0,4086.0,3714.0
13019,4836.0,1107.0,2939.0,6438.0
13020,21487.0,2826.0,65210.0,146684.0
13021,3809.0,474.0,952.0,8696.0
13022,4347.0,1060.0,2526.0,5664.0
13023,4701.0,398.0,6481.0,4418.0
13024,14339.0,1256.0,3999.0,11557.0
13025,8076.0,921.0,1951.0,9262.0
13026,4108.0,607.0,1993.0,7342.0
13027,4175.0,796.0,994.0,11154.0
13028,3959.0,150.0,2307.0,9784.0
13029,5341.0,907.0,1547.0,14566.0
13030,15347.0,1516.0,3681.0,8693.0
13031,4751.0,736.0,1751.0,5263.0
13032,4058.0,1486.0,229860.0,373671.0
13033,6637.0,447.0,1199.0,5736.0
13034,6747.0,694.0,2329.0,5079.0
13035,8467.0,683.0,2109.0,9081.0
13036,19051.0,1937.0,1596.0,8922.0
13037,5143.0,541.0,818.0,1763.0
13038,2958.0,837.0,1998.0,8188.0
13039,9065.0,1030.0,4463.0,14957.0
13040,11242.0,1084.0,1302.0,13272.0
13041,5399.0,877.0,1865.0,7231.0
13042,5921.0,2231.0,1892.0,2056.0
13043,9093.0,1044.0,2297.0,9494.0
13044,4350.0,632.0,1109.0,4180.0
13045,13987.0,1267.0,647.0,16458.0
13046,8210.0,1405.0,1587.0,7580.0
13047,8072.0,867.0,2787.0,4344.0
13048,21059.0,1928.0,21701.0,17848.0
13049,14089.0,1353.0,2920.0,14078.0
13050,6935.0,1372.0,1542.0,11025.0
13051,4612.0,488.0,1789.0,6723.0
13052,121340.0,35242.0,89730.0,82730.0
13053,4611.0,653.0,2016.0,2339.0
13054,33325.0,2151.0,819.0,2686.0
13055,8639.0,533.0,1513.0,11415.0
13056,4438.0,596.0,2640.0,8903.0
13057,4027.0,672.0,-0.0,7589.0
13058,31153.0,3921.0,40518.0,16630.0
13059,7577.0,659.0,1191.0,6483.0
13060,2678.0,96.0,1805.0,12160.0
13061,3341.0,244.0,365.0,11424.0
13062,3535.0,1398.0,1686.0,5734.0
13063,19616.0,1655.0,1055.0,12973.0
13064,4170.0,822.0,2124.0,8795.0
13065,16620.0,3119.0,2101.0,14621.0
13066,4731.0,926.0,2882.0,13929.0
13067,13173.0,1501.0,2096.0,9017.0
13068,4257.0,881.0,3480.0,15087.0
13069,37423.0,6582.0,6569.0,15630.0
13070,5868.0,1459.0,1511.0,5399.0
13071,4529.0,784.0,2225.0,3123.0
13072,5706.0,894.0,1999.0,2893.0
13073,4280.0,1021.0,2055.0,11174.0
13074,6628.0,638.0,2201.0,13138.0
13075,5479.0,1783.0,1448.0,8477.0
13076,13871.0,2012.0,1370.0,10757.0
13077,5512.0,781.0,1133.0,5408.0
13078,5915.0,600.0,1817.0,9329.0
13079,4048.0,268.0,2676.0,11134.0
13080,3177.0,558.0,1042.0,4046.0
13081,7219.0,229.0,2316.0,10382.0
13082,2798.0,148.0,-0.0,5620.0
13083,8192.0,1846.0,1460.0,8716.0
13084,22325.0,2133.0,2483.0,8258.0
13085,9923.0,1334.0,2809.0,4993.0
13086,7056.0,674.0,1548.0,2040.0
13087,4366.0,487.0,4184.0,11159.0
13088,16261.0,1257.0,1225.0,8924.0
13089,11435.0,1199.0,2834.0,2372.0
13090,19658.0,1774.0,1365.0,7831.0
13091,15587.0,2439.0,3175.0,4169.0
13092,5806.0,654.0,2307.0,4100.0
13093,36169.0,1465.0,2947.0,6766.0
13094,26808.0,2378.0,1652.0,14242.0
13095,2883.0,226.0,900.0,10678.0
13096,4958.0,505.0,-0.0,8774.0
13097,6501.0,407.0,2452.0,4413.0
13098,4879.0,430.0,2563.0,5019.0
13099,34550.0,5078.0,7814.0,7466.0
13100,4240.0,450.0,2106.0,451.0
13101,3972.0,601.0,1086.0,7562.0
13102,3913.0,305.0,3369.0,10409.0
13103,4408.0,543.0,746.0,-0.0
13104,24264.0,878.0,2841.0,11084.0
13105,59142.0,5652.0,3685.0,11146.0
13106,4758.0,353.0,2897.0,6105.0
13107,3327.0,408.0,3244.0,8661.0
13108,55516.0,3020.0,49511.0,38295.0
13109,17900.0,1800.0,366.0,2995.0
13110,5957.0,1071.0,530.0,3090.0
13111,7147.0,410.0,2362.0,12266.0
13112,56680.0,2563.0,3035.0,9356.0
13113,20085.0,1343.0,3410.0,12681.0
13114,7682.0,1030.0,2048.0,11420.0
13115,4048.0,872.0,1137.0,6021.0
13116,11801.0,706.0,1548.0,9861.0
13117,23513.0,1717.0,3097.0,14724.0
13118,3698.0,297.0,3881.0,8694.0
13119,4086.0,1195.0,3092.0,7499.0
13120,25517.0,3287.0,4989.0,39736.0
13121,3803.0,438.0,2752.0,13410.0
13122,2601.0,1255.0,3024.0,8069.0
13123,5651.0,1277.0,2212.0,5316.0
13124,4158.0,662.0,-0.0,4342.0
13125,4741.0,1216.0,951.0,5345.0
13126,3066.0,824.0,484.0,7643.0
13127,67902.0,5480.0,2060.0,7656.0
13128,37598.0,1981.0,2041.0,10532.0
13129,5274.0,359.0,3476.0,9313.0
13130,6746.0,1585.0,4247.0,11056.0
13131,14920.0,813.0,2620.0,10918.0
13132,3519.0,792.0,1577.0,6176.0
13133,3936.0,323.0,1617.0,11115.0
13134,14796.0,849.0,2822.0,3457.0
13135,5360.0,652.0,2258.0,9418.0
13136,4775.0,1091.0,1447.0,9975.0
13137,9104.0,1340.0,941.0,7673.0
13138,16424.0,1103.0,2632.0,3479.0
13139,3404.0,965.0,1710.0,9694.0
13140,14344.0,803.0,1905.0,7862.0
13141,11510.0,2071.0,1517.0,10272.0
13142,12379.0,1040.0,1815.0,1185.0
13143,4850.0,428.0,1655.0,10256.0
13144,4902.0,484.0,1787.0,5755.0
13145,3107.0,818.0,1998.0,6583.0
13146,73863.0,6161.0,3444.0,13217.0
13147,4560.0,269.0,2856.0,6093.0
13148,2552.0,331.0,3012.0,10132.0
13149,5298.0,1591.0,2208.0,10330.0
13150,4627.0,662.0,2332.0,14447.0
13151,6170.0,1017.0,3241.0,2051.0
13152,2701.0,62.0,1626.0,7677.0
13153,3560.0,637.0,1701.0,7822.0
13154,3460.0,428.0,2419.0,16294.0
13155,7567.0,749.0,-0.0,13817.0
13156,9408.0,1716.0,3028.0,4550.0
13157,8257.0,569.0,1063.0,10222.0
13158,18598.0,1652.0,2243.0,7717.0
13159,42880.0,2008.0,1986.0,11777.0
13160,12085.0,796.0,2384.0,12692.0
13161,22193.0,2239.0,867.0,4948.0
13162,17895.0,2425.0,2912.0,12808.0
13163,4365.0,632.0,389.0,4608.0
13164,4277.0,832.0,2756.0,8800.0
13165,64287.0,6162.0,2505.0,6187.0
13166,7269.0,643.0,1983.0,3633.0
13167,3983.0,253.0,266.0,7635.0
13168,6172.0,495.0,2358.0,8900.0
13169,13482.0,2196.0,2779.0,8860.0
13170,17862.0,1086.0,2342.0,4882.0
13171,3919.0,1000.0,1175.0,14534.0
13172,5660.0,503.0,1185.0,3427.0
13173,16949.0,1461.0,2362.0,10062.0
13174,27119.0,1616.0,4959.0,5740.0
13175,4432.0,705.0,879.0,15332.0
13176,8267.0,494.0,3191.0,4902.0
13177,31436.0,3326.0,2111.0,4053.0
13178,4668.0,768.0,1752.0,9229.0
13179,6963.0,747.0,1747.0,1469.0
13180,23506.0,1539.0,1602.0,13960.0
13181,7795.0,421.0,1137.0,8770.0
13182,9556.0,573.0,2933.0,8444.0
13183,4355.0,278.0,3999.0,5409.0
13184,7951.0,812.0,1024.0,6042.0
13185,23146.0,1469.0,3647.0,4354.0
13186,6993.0,333.0,4341.0,5636.0
13187,3552.0,444.0,374.0,1331.0
13188,7456.0,647.0,3851.0,13394.0
13189,43367.0,5431.0,10084.0,8082.0
13190,13139.0,800.0,3242.0,10284.0
13191,12403.0,749.0,1292.0,8556.0
13192,6232.0,558.0,3258.0,9356.0
13193,3909.0,575.0,1585.0,6607.0
13194,4773.0,458.0,472.0,8500.0
13195,4048.0,561.0,954.0,6633.0
13196,5707.0,469.0,1507.0,7955.0
13197,22343.0,2575.0,3558.0,11027.0
13198,3775.0,1387.0,382.0,3483.0
13199,8792.0,368.0,1255.0,2762.0
13200,3430.0,337.0,-0.0,14786.0
13201,11177.0,605.0,2340.0,18137.0
13202,15326.0,2203.0,2342.0,12192.0
13203,3918.0,515.0,1953.0,10049.0
13204,5744.0,475.0,1623.0,5840.0
13205,3572.0,575.0,2982.0,3099.0
13206,4677.0,1022.0,1451.0,4516.0
13207,15412.0,1796.0,3304.0,7561.0
13208,6044.0,1078.0,2424.0,9657.0
13209,24086.0,1980.0,3793.0,13344.0
13210,4617.0,637.0,1290.0,6804.0
13211,2952.0,70.0,597.0,14226.0
13212,2777.0,193.0,767.0,641.0
13213,4061.0,1006.0,4759.0,5059.0
13214,5491.0,1057.0,1961.0,9593.0
13215,4790.0,944.0,4045.0,6906.0
13216,4676.0,523.0,2858.0,5834.0
13217,15455.0,1690.0,3125.0,11958.0
13218,36595.0,3349.0,1907.0,6297.0
13219,7678.0,422.0,2184.0,6857.0
13220,15480.0,2829.0,3917.0,13094.0
13221,3190.0,234.0,760.0,11077.0
13222,4815.0,1095.0,370.0,5013.0
13223,15607.0,1689.0,623.0,4109.0
13224,8997.0,1027.0,1621.0,13590.0
13225,42564.0,4001.0,2346.0,9507.0
13226,3902.0,726.0,1288.0,6788.0
13227,20982.0,2249.0,3409.0,10646.0
13228,2512.0,457.0,764.0,4524.0
13229,6618.0,761.0,2069.0,6960.0
13230,8537.0,366.0,752.0,9959.0
13231,8140.0,1032.0,2299.0,6790.0
13232,6885.0,605.0,2675.0,5174.0
13233,5961.0,327.0,1925.0,5874.0
13234,6585.0,329.0,2309.0,9016.0
13235,7753.0,941.0,623.0,8607.0
13236,45869.0,4405.0,4062.0,13898.0
13237,7257.0,1176.0,2014.0,9321.0
13238,5482.0,933.0,3236.0,8269.0
13239,3739.0,701.0,507.0,6296.0
13240,5114.0,276.0,3783.0,6193.0
13241,5129.0,179.0,1911.0,5640.0
13242,8874.0,233.0,2951.0,6953.0
13243,20555.0,1679.0,749.0,13217.0
13244,42362.0,2619.0,3399.0,14141.0
13245,16535.0,1850.0,2711.0,9383.0
13246,4182.0,619.0,2030.0,14010.0
13247,5671.0,1011.0,1617.0,5474.0
13248,2578.0,458.0,2811.0,6740.0
13249,26739.0,1623.0,2889.0,13849.0
13250,38181.0,8234.0,33147.0,115877.0
13251,4458.0,1086.0,2716.0,7538.0
13252,2795.0,88.0,1882.0,14158.0
13253,4324.0,259.0,1079.0,8123.0
13254,4477.0,1627.0,1043.0,4491.0
13255,9039.0,969.0,711.0,1653.0
13256,11582.0,1907.0,2949.0,12976.0
13257,4310.0,1709.0,4240.0,19262.0
13258,5105.0,890.0,1234.0,8977.0
13259,5134.0,533.0,1288.0,2581.0
13260,5232.0,337.0,1324.0,3019.0
13261,5215.0,1492.0,1665.0,1914.0
13262,2786.0,129.0,2098.0,7573.0
13263,4079.0,310.0,937.0,12776.0
13264,3472.0,444.0,952.0,8348.0
13265,12780.0,2670.0,1849.0,1789.0
13266,2776.0,244.0,913.0,8682.0
13267,2794.0,205.0,1923.0,5626.0
13268,29984.0,2067.0,44361.0,25235.0
13269,3226.0,594.0,-0.0,6791.0
13270,8550.0,568.0,1094.0,1367.0
13271,3708.0,1885.0,1678.0,8019.0
13272,3793.0,339.0,575.0,7477.0
13273,4876.0,926.0,3354.0,3200.0
13274,2746.0,683.0,904.0,9172.0
13275,15798.0,960.0,1722.0,5086.0
13276,16628.0,1543.0,2659.0,7735.0
13277,10103.0,1611.0,2074.0,7179.0
13278,8082.0,1360.0,1505.0,6614.0
13279,4097.0,884.0,2882.0,3741.0
13280,4361.0,1140.0,1946.0,6657.0
13281,36512.0,2868.0,2756.0,7228.0
13282,2815.0,387.0,511.0,-0.0
13283,76788.0,6092.0,2084.0,13384.0
13284,44777.0,2927.0,6426.0,10501.0
13285,5355.0,166.0,1505.0,3685.0
13286,29523.0,2726.0,3627.0,9313.0
13287,2559.0,1044.0,2045.0,2933.0
13288,9967.0,1894.0,1530.0,7911.0
13289,5273.0,49.0,2779.0,7321.0
13290,8064.0,986.0,3479.0,13086.0
13291,9526.0,1320.0,2085.0,4749.0
13292,7626.0,780.0,509.0,7417.0
13293,4253.0,609.0,4121.0,15343.0
13294,4022.0,1209.0,936.0,2760.0
13295,11222.0,1707.0,1676.0,10341.0
13296,4590.0,283.0,2871.0,4030.0
13297,4547.0,328.0,2181.0,840.0
13298,4594.0,995.0,2885.0,6028.0
13299,3911.0,803.0,-0.0,6300.0
13300,31080.0,1394.0,2443.0,10148.0
13301,3618.0,557.0,3222.0,8965.0
13302,20023.0,2463.0,1594.0,8840.0
13303,3184.0,486.0,790.0,3895.0
13304,7068.0,621.0,3726.0,6858.0
13305,29781.0,2898.0,3282.0,5158.0
13306,5873.0,666.0,2246.0,11438.0
13307,4571.0,580.0,2079.0,13216.0
13308,11681.0,765.0,2523.0,6904.0
13309,3349.0,332.0,3454.0,8011.0
13310,3375.0,693.0,1279.0,7389.0
13311,4368.0,405.0,834.0,2510.0
13312,4474.0,1027.0,3675.0,9255.0
13313,104304.0,27404.0,4979.0,92642.0
13314,5962.0,862.0,883.0,210.0
13315,2583.0,361.0,2556.0,10616.0
13316,4302.0,410.0,2098.0,9844.0
13317,23744.0,1596.0,922.0,-0.0
13318,2605.0,612.0,217.0,5836.0
13319,6892.0,809.0,3972.0,2749.0
13320,2481.0,740.0,376.0,3424.0
13321,32777.0,1592.0,3416.0,8583.0
13322,4347.0,1531.0,3748.0,4013.0
13323,144859.0,20700.0,6289.0,45310.0
13324,20287.0,2043.0,1499.0,7496.0
13325,4165.0,472.0,1671.0,5431.0
13326,4741.0,875.0,1481.0,16569.0
13327,8448.0,946.0,1764.0,5506.0
13328,3820.0,418.0,2518.0,-0.0
13329,5890.0,517.0,927.0,1254.0
13330,5530.0,597.0,2880.0,11173.0
13331,2621.0,834.0,2300.0,9506.0
13332,3810.0,515.0,1457.0,1771.0
13333,3710.0,539.0,1579.0,12181.0
13334,4804.0,1347.0,1949.0,11002.0
13335,4229.0,277.0,882.0,8334.0
13336,45711.0,6097.0,4438.0,13557.0
13337,2783.0,388.0,3031.0,4656.0
13338,48407.0,3911.0,2963.0,19883.0
13339,4841.0,174.0,2939.0,3408.0
13340,2872.0,732.0,2017.0,5510.0
13341,19443.0,1066.0,-0.0,9672.0
13342,25468.0,2028.0,2705.0,15214.0
13343,5520.0,389.0,2972.0,12395.0
13344,4765.0,366.0,1825.0,9917.0
13345,3122.0,1202.0,2082.0,10622.0
13346,20131.0,1924.0,2835.0,8325.0
13347,3585.0,1627.0,3563.0,7735.0
13348,4243.0,184.0,3946.0,7834.0
13349,34145.0,2963.0,2299.0,12021.0
13350,5393.0,1455.0,1799.0,13868.0
13351,7708.0,1113.0,1126.0,8828.0
13352,16653.0,1416.0,3145.0,10588.0
13353,84745.0,5649.0,34559.0,44569.0
13354,5275.0,701.0,2276.0,14439.0
13355,18900.0,1513.0,2705.0,8590.0
13356,3183.0,31.0,1760.0,8351.0
13357,11950.0,2048.0,2287.0,11312.0
13358,4692.0,918.0,2520.0,11583.0
13359,4731.0,719.0,1489.0,8998.0
13360,8233.0,1014.0,1516.0,9276.0
13361,4650.0,137.0,645.0,15455.0
13362,8490.0,1134.0,833.0,13402.0
13363,12863.0,2943.0,3967.0,11914.0
13364,7027.0,661.0,1144.0,8306.0
13365,2747.0,641.0,1559.0,16554.0
13366,32977.0,3284.0,3166.0,12652.0
13367,3832.0,377.0,1011.0,11479.0
13368,5867.0,598.0,1275.0,5778.0
13369,65740.0,4993.0,13523.0,16552.0
13370,2607.0,232.0,1386.0,9468.0
13371,8162.0,884.0,1804.0,5691.0
13372,8872.0,453.0,2079.0,7043.0
13373,4554.0,867.0,2958.0,13687.0
13374,13966.0,630.0,1575.0,8029.0
13375,4556.0,861.0,495.0,712.0
13376,3738.0,212.0,798.0,1342.0
13377,23128.0,2065.0,1347.0,14573.0
13378,24101.0,2160.0,2415.0,12620.0
13379,7014.0,694.0,2443.0,14852.0
13380,13914.0,613.0,2745.0,12546.0
13381,25295.0,2018.0,2138.0,13989.0
13382,58847.0,2836.0,8048.0,8234.0
13383,25705.0,2577.0,3015.0,5641.0
13384,24732.0,2489.0,1050.0,8041.0
13385,16689.0,1510.0,3056.0,14268.0
13386,7134.0,699.0,3431.0,11617.0
13387,2650.0,308.0,398.0,9718.0
13388,3326.0,885.0,880.0,6300.0
13389,25946.0,1631.0,2960.0,8940.0
13390,8207.0,171.0,1236.0,10372.0
13391,16976.0,1178.0,1592.0,5137.0
13392,2692.0,1002.0,2186.0,10438.0
13393,5584.0,555.0,1285.0,5221.0
13394,4900.0,305.0,1849.0,2964.0
13395,12783.0,1869.0,1423.0,921.0
13396,5699.0,205.0,1919.0,1714.0
13397,3406.0,471.0,2249.0,8271.0
13398,19702.0,1199.0,809.0,7415.0
13399,3588.0,409.0,2644.0,5728.0
13400,34089.0,2435.0,1856.0,13705.0
13401,16662.0,1968.0,1619.0,5051.0
13402,5531.0,860.0,2498.0,5497.0
13403,3907.0,885.0,954.0,7613.0
13404,4284.0,672.0,832.0,5604.0
13405,5104.0,1107.0,2739.0,5125.0
13406,4126.0,476.0,2030.0,3986.0
13407,4831.0,78.0,3039.0,5979.0
13408,2599.0,25.0,2622.0,7952.0
13409,2863.0,338.0,2369.0,20555.0
13410,66979.0,4931.0,2474.0,11336.0
13411,6034.0,165.0,2255.0,8324.0
13412,22812.0,2634.0,1722.0,6080.0
13413,7411.0,883.0,2952.0,9426.0
13414,3282.0,364.0,2621.0,5365.0
13415,32706.0,1369.0,1879.0,12774.0
13416,8954.0,325.0,2103.0,8728.0
13417,3644.0,313.0,2135.0,9785.0
13418,86863.0,6632.0,7084.0,18504.0
13419,3824.0,914.0,1013.0,9897.0
13420,4757.0,631.0,3787.0,14300.0
13421,8571.0,1176.0,3394.0,14659.0
13422,44952.0,4816.0,2834.0,15472.0
13423,7277.0,1282.0,4209.0,11294.0
13424,24557.0,1225.0,1902.0,7397.0
13425,4608.0,542.0,2202.0,10370.0
13426,4615.0,1199.0,2259.0,12857.0
13427,7477.0,1933.0,1899.0,8581.0
13428,21642.0,1988.0,2589.0,8424.0
13429,27593.0,1840.0,3082.0,7023.0
13430,4325.0,1049.0,838.0,13530.0
13431,9657.0,1037.0,3481.0,5858.0
13432,5137.0,866.0,521.0,8749.0
13433,6248.0,1199.0,2138.0,4361.0
13434,3766.0,780.0,565.0,8972.0
13435,8189.0,3603.0,4016.0,15406.0
13436,6812.0,480.0,869.0,7522.0
13437,4907.0,768.0,4646.0,8366.0
13438,19227.0,1526.0,905.0,7719.0
13439,24106.0,2525.0,60058.0,83255.0
13440,5055.0,665.0,966.0,17152.0
13441,13226.0,995.0,2987.0,8796.0
13442,2587.0,274.0,1528.0,7023.0
13443,22444.0,2157.0,2749.0,10780.0
13444,4831.0,687.0,1216.0,5446.0
13445,25563.0,1879.0,2405.0,5887.0
13446,36265.0,4370.0,3246.0,7370.0
13447,6216.0,414.0,1854.0,3637.0
13448,22182.0,1092.0,5632.0,7920.0
13449,5901.0,355.0,851.0,7573.0
13450,23466.0,1544.0,4485.0,13697.0
13451,2518.0,359.0,1033.0,5451.0
13452,4861.0,660.0,479.0,6885.0
13453,9918.0,1326.0,2661.0,6093.0
13454,5020.0,961.0,1615.0,13505.0
13455,11135.0,1379.0,1135.0,5709.0
13456,5341.0,1347.0,3787.0,11799.0
13457,4601.0,412.0,1904.0,5980.0
13458,4636.0,288.0,3340.0,5267.0
13459,2601.0,671.0,19.0,1691.0
13460,32137.0,3907.0,2793.0,9776.0
13461,5656.0,546.0,509.0,8621.0
13462,20789.0,1819.0,1529.0,9479.0
13463,3477.0,927.0,1406.0,9189.0
13464,3244.0,771.0,1751.0,9115.0
13465,4285.0,973.0,1565.0,3640.0
13466,30161.0,2346.0,998.0,1207.0
13467,3603.0,533.0,1102.0,9077.0
13468,41762.0,2994.0,3674.0,7665.0
13469,2862.0,121.0,1259.0,12284.0
13470,51543.0,3348.0,5013.0,7124.0
13471,14044.0,1348.0,1165.0,1833.0
13472,6019.0,1082.0,811.0,13657.0
13473,7384.0,1713.0,5436.0,10325.0
13474,19309.0,2681.0,2835.0,11044.0
13475,6369.0,901.0,2579.0,8405.0
13476,3604.0,327.0,2101.0,2621.0
13477,3473.0,1048.0,2131.0,6715.0
13478,4445.0,369.0,2572.0,7735.0
13479,21537.0,2086.0,32498.0,40621.0
13480,24344.0,1705.0,1585.0,11328.0
13481,6360.0,1163.0,1072.0,6741.0
13482,4560.0,489.0,2698.0,3390.0
13483,3610.0,908.0,427.0,3808.0
13484,5533.0,886.0,2587.0,4077.0
13485,5367.0,675.0,1536.0,2714.0
13486,25592.0,5715.0,1924.0,8504.0
13487,5259.0,750.0,3339.0,1554.0
13488,3064.0,637.0,3469.0,5465.0
13489,2771.0,1615.0,62737.0,250846.0
13490,7568.0,1005.0,1644.0,6822.0
13491,3039.0,510.0,-0.0,8322.0
13492,3634.0,1911.0,2415.0,9841.0
13493,38001.0,3648.0,2128.0,10642.0
13494,3806.0,261.0,1560.0,8750.0
13495,7490.0,855.0,1248.0,6851.0
13496,2557.0,562.0,1679.0,8940.0
13497,11605.0,1562.0,666.0,9818.0
13498,2610.0,362.0,1795.0,10328.0
13499,3818.0,1168.0,555.0,5269.0
13500,7934.0,1462.0,2135.0,15212.0
13501,4127.0,625.0,1658.0,2183.0
13502,31065.0,1100.0,1771.0,10877.0
13503,9263.0,991.0,3384.0,8022.0
13504,10181.0,768.0,1233.0,7561.0
13505,2812.0,639.0,4177.0,7715.0
13506,5746.0,712.0,2730.0,3744.0
13507,4705.0,1227.0,2588.0,9416.0
13508,6890.0,996.0,1898.0,3764.0
13509,3482.0,689.0,1863.0,9358.0
13510,5266.0,1458.0,1235.0,2799.0
13511,4129.0,659.0,2416.0,4186.0
13512,4252.0,569.0,559.0,4611.0
13513,3356.0,341.0,2188.0,12182.0
13514,17855.0,1834.0,1656.0,7907.0
13515,2668.0,147.0,2039.0,10051.0
13516,3836.0,581.0,279.0,9423.0
13517,7798.0,971.0,3988.0,4119.0
13518,4152.0,659.0,1212.0,4215.0
13519,2737.0,729.0,663.0,9273.0
13520,7375.0,984.0,2801.0,6548.0
13521,26389.0,3040.0,1621.0,5576.0
13522,5573.0,322.0,1763.0,3498.0
13523,8433.0,1090.0,1198.0,6279.0
13524,13330.0,1201.0,1228.0,11371.0
13525,3119.0,581.0,1956.0,1726.0
13526,3934.0,333.0,3881.0,5578.0
13527,2797.0,258.0,917.0,10716.0
13528,4950.0,325.0,1996.0,15285.0
13529,2474.0,241.0,2325.0,4494.0
13530,8827.0,1499.0,3151.0,5864.0
13531,12529.0,1458.0,364.0,4279.0
13532,4091.0,553.0,1646.0,3975.0
13533,6754.0,904.0,2469.0,5000.0
13534,2997.0,308.0,1464.0,3752.0
13535,6708.0,589.0,3097.0,5785.0
13536,4760.0,279.0,1202.0,7367.0
13537,2984.0,877.0,1537.0,14415.0
13538,47155.0,4751.0,31506.0,50468.0
13539,4662.0,181.0,1220.0,10545.0
13540,9212.0,1268.0,2814.0,5919.0
13541,2458.0,1112.0,4475.0,8522.0
13542,9012.0,1134.0,1559.0,6701.0
13543,18509.0,1892.0,1645.0,5453.0
13544,7304.0,937.0,2371.0,11972.0
13545,6824.0,197.0,4660.0,8907.0
13546,3347.0,467.0,667.0,11293.0
13547,4182.0,388.0,1447.0,11228.0
13548,6161.0,513.0,1501.0,8668.0
13549,2857.0,716.0,530.0,1808.0
13550,2924.0,359.0,-0.0,5695.0
13551,13819.0,2363.0,2496.0,3794.0
13552,2610.0,798.0,112.0,6097.0
13553,7184.0,921.0,1721.0,7565.0
13554,16063.0,807.0,722.0,3433.0
13555,16116.0,968.0,3707.0,8095.0
13556,3806.0,603.0,3824.0,10450.0
13557,8912.0,2630.0,1419.0,5244.0
13558,31812.0,5973.0,5713.0,17130.0
13559,5208.0,689.0,2239.0,7853.0
13560,9047.0,1580.0,1478.0,10593.0
13561,6187.0,644.0,1165.0,1999.0
13562,9266.0,1019.0,-0.0,9925.0
13563,2723.0,156.0,1289.0,3730.0
13564,64872.0,4761.0,3450.0,7593.0
13565,30111.0,1865.0,2756.0,15423.0
13566,2628.0,390.0,2615.0,10991.0
13567,2971.0,279.0,2099.0,9436.0
13568,7933.0,908.0,3161.0,4413.0
13569,15236.0,914.0,2921.0,4888.0
13570,2989.0,689.0,1418.0,698.0
13571,5737.0,958.0,1283.0,5401.0
13572,5960.0,186.0,593.0,2325.0
13573,5434.0,480.0,2801.0,5988.0
13574,3444.0,361.0,1362.0,9412.0
13575,8938.0,915.0,1494.0,6667.0
13576,30297.0,1706.0,2182.0,8888.0
13577,11593.0,389.0,3643.0,6262.0
13578,8991.0,396.0,2163.0,7976.0
13579,18980.0,2445.0,1337.0,5342.0
13580,39842.0,2378.0,3525.0,8940.0
13581,7559.0,539.0,2358.0,6627.0
13582,3489.0,364.0,2645.0,1815.0
13583,16892.0,2077.0,1229.0,6232.0
13584,7225.0,1334.0,909.0,9718.0
13585,6519.0,412.0,2193.0,7967.0
13586,5091.0,1960.0,2301.0,5016.0
13587,13826.0,862.0,1070.0,8416.0
13588,48311.0,3951.0,1913.0,6241.0
13589,5262.0,630.0,10757.0,15075.0
13590,7516.0,1052.0,3163.0,7329.0
13591,5128.0,475.0,1081.0,12995.0
13592,3577.0,878.0,2932.0,6692.0
13593,8665.0,248.0,2496.0,5078.0
13594,10661.0,613.0,1476.0,9064.0
13595,3738.0,1404.0,2419.0,10450.0
13596,3599.0,1281.0,17.0,12241.0
13597,10034.0,906.0,1643.0,5483.0
13598,43622.0,2515.0,1644.0,137.0
13599,7765.0,547.0,2029.0,3214.0
13600,4601.0,1110.0,1599.0,10910.0
13601,11825.0,1215.0,4426.0,14768.0
13602,10837.0,1572.0,1149.0,5903.0
13603,16170.0,1215.0,594.0,11290.0
13604,4479.0,406.0,670.0,6229.0
13605,3879.0,505.0,1817.0,7677.0
13606,2809.0,120.0,487.0,9767.0
13607,3679.0,812.0,1322.0,7037.0
13608,5859.0,569.0,2477.0,16084.0
13609,14346.0,745.0,1128.0,11349.0
13610,10186.0,1107.0,2974.0,6448.0
13611,5302.0,1081.0,1500.0,5824.0
13612,21131.0,1318.0,1783.0,8183.0
13613,3204.0,576.0,996.0,10580.0
13614,9335.0,673.0,-0.0,5136.0
13615,21247.0,2222.0,2000.0,4925.0
13616,6713.0,1730.0,3039.0,6512.0
13617,14213.0,960.0,3649.0,6155.0
13618,4237.0,279.0,833.0,4129.0
13619,4967.0,656.0,609.0,10979.0
13620,4477.0,536.0,2671.0,2425.0
13621,4438.0,461.0,1069.0,9725.0
13622,4905.0,314.0,766.0,12748.0
13623,4945.0,1002.0,1245.0,7917.0
13624,4949.0,364.0,3062.0,7068.0
13625,3995.0,407.0,2522.0,5944.0
13626,7703.0,1126.0,2000.0,8754.0
13627,8200.0,1709.0,1610.0,8921.0
13628,8924.0,1415.0,2255.0,-0.0
13629,4296.0,189.0,263.0,2747.0
13630,3404.0,427.0,1333.0,7782.0
13631,8631.0,1932.0,880.0,5906.0
13632,7303.0,618.0,2303.0,8930.0
13633,3414.0,800.0,2765.0,5168.0
13634,6634.0,425.0,2964.0,6652.0
13635,3441.0,809.0,734.0,8424.0
13636,21869.0,1242.0,3131.0,9952.0
13637,13700.0,331.0,2103.0,7539.0
13638,18522.0,1100.0,2325.0,5739.0
13639,3324.0,422.0,3748.0,11703.0
13640,4702.0,521.0,3185.0,5904.0
13641,17141.0,1180.0,1712.0,6677.0
13642,4507.0,405.0,717.0,11673.0
13643,34720.0,5912.0,16870.0,10892.0
13644,27799.0,1873.0,1993.0,4419.0
13645,2644.0,315.0,2381.0,11194.0
13646,33124.0,2296.0,1668.0,5282.0
13647,2639.0,656.0,1450.0,2588.0
13648,35998.0,3157.0,2059.0,6933.0
13649,9368.0,1131.0,879.0,4026.0
13650,10883.0,785.0,1483.0,10956.0
13651,2825.0,400.0,590.0,7701.0
13652,3563.0,542.0,1671.0,6203.0
13653,3978.0,918.0,1739.0,8166.0
13654,6409.0,1410.0,333.0,4121.0
13655,2880.0,183.0,1997.0,2985.0
13656,10256.0,1271.0,1401.0,12173.0
13657,11176.0,947.0,538.0,5265.0
13658,9793.0,731.0,1044.0,4431.0
13659,22897.0,1242.0,1700.0,11800.0
13660,5423.0,484.0,608.0,7140.0
13661,26753.0,1690.0,1668.0,7097.0
13662,26286.0,1617.0,1185.0,9893.0
13663,11248.0,1382.0,2072.0,5651.0
13664,2522.0,1102.0,3015.0,17634.0
13665,9457.0,1881.0,3039.0,6508.0
13666,3750.0,353.0,308.0,3806.0
13667,5813.0,302.0,2203.0,6055.0
13668,4695.0,174.0,2896.0,9227.0
13669,3485.0,1181.0,2430.0,7126.0
13670,3669.0,517.0,2064.0,7928.0
13671,5182.0,564.0,1221.0,9539.0
13672,21593.0,1740.0,2674.0,4917.0
13673,6201.0,1119.0,2695.0,9595.0
13674,52431.0,3589.0,3444.0,8517.0
13675,3284.0,506.0,3616.0,3563.0
13676,20511.0,1766.0,3758.0,6348.0
13677,3570.0,284.0,1467.0,5415.0
13678,4543.0,535.0,1494.0,7974.0
13679,5428.0,1222.0,3397.0,6519.0
13680,5242.0,725.0,2441.0,5648.0
13681,11988.0,1385.0,895.0,3121.0
13682,7578.0,670.0,399.0,9248.0
13683,7694.0,301.0,2349.0,11373.0
13684,2897.0,386.0,1171.0,6062.0
13685,7014.0,929.0,1479.0,3740.0
13686,8916.0,817.0,2212.0,9933.0
13687,6894.0,719.0,3120.0,12340.0
13688,6355.0,1187.0,1795.0,5532.0
13689,6561.0,73.0,1946.0,2575.0
13690,3808.0,574.0,1045.0,8285.0
13691,6381.0,607.0,1666.0,9510.0
13692,3065.0,436.0,1670.0,6685.0
13693,5003.0,298.0,-0.0,7341.0
13694,7327.0,676.0,1395.0,5352.0
13695,5165.0,345.0,1166.0,9336.0
13696,6276.0,1365.0,2227.0,5479.0
13697,3014.0,241.0,1002.0,6334.0
13698,80478.0,5729.0,33973.0,45344.0
13699,13147.0,1038.0,1509.0,10059.0
13700,5089.0,462.0,1492.0,3243.0
13701,13858.0,2258.0,2880.0,8003.0
13702,4618.0,1200.0,223.0,14357.0
13703,5936.0,1723.0,1900.0,5792.0
13704,4059.0,1060.0,2063.0,9507.0
13705,6181.0,1157.0,2742.0,1102.0
13706,4593.0,346.0,4375.0,5665.0
13707,6001.0,609.0,1550.0,8270.0
13708,26749.0,1984.0,2765.0,7115.0
13709,2832.0,879.0,1190.0,9584.0
13710,3818.0,2120.0,10465.0,18461.0
13711,13840.0,1545.0,2254.0,7079.0
13712,9408.0,868.0,1984.0,9430.0
13713,7183.0,747.0,1763.0,16056.0
13714,5133.0,939.0,1968.0,6421.0
13715,2557.0,438.0,255.0,3288.0
13716,2620.0,883.0,585.0,2671.0
13717,3503.0,249.0,1152.0,12403.0
13718,18457.0,1427.0,3137.0,9912.0
13719,2842.0,569.0,2651.0,1061.0
13720,6383.0,981.0,2171.0,10335.0
13721,3622.0,1042.0,624.0,6364.0
13722,8269.0,822.0,1505.0,8032.0
13723,15544.0,1336.0,311.0,3494.0
13724,4833.0,197.0,3239.0,4064.0
13725,7032.0,1520.0,3071.0,8513.0
13726,8120.0,438.0,639.0,3968.0
13727,5295.0,1286.0,3097.0,6445.0
13728,31976.0,2454.0,1750.0,7838.0
13729,7540.0,1544.0,1774.0,5365.0
13730,3162.0,289.0,1517.0,6256.0
13731,2820.0,421.0,1804.0,8293.0
13732,2946.0,366.0,2208.0,7529.0
13733,11636.0,881.0,2221.0,13758.0
13734,3808.0,1214.0,1915.0,14019.0
13735,15738.0,927.0,1693.0,5328.0
13736,3090.0,821.0,2120.0,7607.0
13737,13901.0,1147.0,1245.0,1917.0
13738,23476.0,2786.0,2246.0,6803.0
13739,6167.0,620.0,1495.0,7320.0
13740,4207.0,190.0,1349.0,6740.0
13741,21361.0,1976.0,1397.0,15133.0
13742,2584.0,503.0,670.0,6550.0
13743,3937.0,336.0,1779.0,8088.0
13744,4669.0,521.0,1578.0,4067.0
13745,5097.0,1391.0,2481.0,1611.0
13746,6821.0,848.0,4891.0,14001.0
13747,6628.0,290.0,2191.0,9727.0
13748,5422.0,587.0,2882.0,9545.0
13749,2610.0,632.0,1060.0,11205.0
13750,9949.0,1579.0,3002.0,8691.0
13751,4562.0,580.0,3048.0,6325.0
13752,3522.0,395.0,2042.0,5746.0
13753,18871.0,1328.0,3253.0,13126.0
13754,2980.0,930.0,2435.0,9411.0
13755,4750.0,653.0,2392.0,8811.0
13756,31174.0,2504.0,2912.0,7051.0
13757,39518.0,2809.0,2805.0,11653.0
13758,3322.0,917.0,-0.0,10121.0
13759,158499.0,49236.0,918559.0,634245.0
13760,11673.0,730.0,1718.0,12135.0
13761,6495.0,1170.0,2243.0,1991.0
13762,4461.0,625.0,1651.0,8297.0
13763,3155.0,461.0,897.0,1487.0
13764,12152.0,1945.0,2048.0,6651.0
13765,28842.0,4089.0,1830.0,10746.0
13766,2933.0,590.0,1825.0,14383.0
13767,3336.0,192.0,2418.0,11480.0
13768,4992.0,687.0,1629.0,10410.0
13769,7205.0,499.0,2574.0,12643.0
13770,3694.0,451.0,3560.0,10648.0
13771,7886.0,667.0,2194.0,1265.0
13772,15370.0,1104.0,2486.0,7877.0
13773,4267.0,278.0,1161.0,5085.0
13774,20520.0,1463.0,2843.0,12294.0
13775,4427.0,1126.0,3123.0,11046.0
13776,35895.0,2645.0,3634.0,7577.0
13777,10772.0,1302.0,587.0,3821.0
13778,70769.0,7840.0,2556.0,2993.0
13779,4543.0,474.0,2280.0,11888.0
13780,24117.0,981.0,2335.0,7295.0
13781,3723.0,146.0,1648.0,7680.0
13782,5573.0,708.0,1719.0,7634.0
13783,7958.0,337.0,1979.0,9148.0
13784,41710.0,3321.0,3205.0,10002.0
13785,4246.0,663.0,2147.0,5542.0
13786,4589.0,1520.0,2597.0,6939.0
13787,77440.0,18523.0,56890.0,43454.0
13788,2748.0,752.0,2227.0,7149.0
13789,4943.0,256.0,2067.0,9288.0
13790,10525.0,2473.0,4146.0,17589.0
13791,4897.0,1321.0,576.0,5809.0
13792,26022.0,2640.0,1604.0,18914.0
13793,4740.0,1022.0,4861.0,12799.0
13794,9364.0,984.0,2585.0,7740.0
13795,4777.0,964.0,1252.0,-0.0
13796,4940.0,739.0,2939.0,4984.0
13797,4226.0,1094.0,1534.0,6337.0
13798,5068.0,28.0,792.0,7423.0
13799,28549.0,2731.0,2419.0,10759.0
13800,7385.0,453.0,2202.0,8015.0
13801,5595.0,67.0,1691.0,2847.0
13802,4654.0,408.0,974.0,10041.0
13803,5168.0,903.0,4746.0,11240.0
13804,3267.0,651.0,1021.0,2189.0
13805,3903.0,417.0,1321.0,11843.0
13806,14218.0,1146.0,2962.0,11406.0
13807,3019.0,1214.0,1619.0,7735.0
13808,15922.0,2074.0,2870.0,9228.0
13809,2811.0,955.0,2391.0,10650.0
13810,5684.0,1261.0,3344.0,8613.0
13811,3205.0,550.0,3850.0,6827.0
13812,7749.0,1144.0,1790.0,7097.0
13813,3368.0,801.0,442.0,3588.0
13814,3090.0,1171.0,1162.0,9786.0
13815,22730.0,2336.0,1504.0,12375.0
13816,10297.0,682.0,1702.0,2697.0
13817,4973.0,1449.0,725.0,4076.0
13818,5344.0,835.0,2404.0,8840.0
13819,2517.0,1075.0,1678.0,10637.0
13820,3789.0,390.0,1028.0,-0.0
13821,5113.0,403.0,2590.0,11087.0
13822,4035.0,433.0,2272.0,5344.0
13823,9052.0,1257.0,2882.0,10369.0
13824,6664.0,525.0,1566.0,7930.0
13825,10164.0,1657.0,2811.0,3911.0
13826,3587.0,458.0,3705.0,6601.0
13827,3382.0,593.0,1345.0,8542.0
13828,5074.0,588.0,-0.0,4697.0
13829,7931.0,877.0,1594.0,3927.0
13830,31378.0,2102.0,3502.0,9240.0
13831,14526.0,2037.0,2675.0,9885.0
13832,17564.0,859.0,1091.0,8848.0
13833,4418.0,500.0,2608.0,6593.0
13834,5431.0,814.0,3176.0,4404.0
13835,4308.0,520.0,1253.0,3837.0
13836,4803.0,1068.0,1106.0,6138.0
13837,20773.0,981.0,2335.0,2882.0
13838,10752.0,291.0,2268.0,5631.0
13839,3669.0,847.0,2311.0,7300.0
13840,5283.0,1024.0,1984.0,6973.0
13841,6819.0,1623.0,2009.0,5202.0
13842,8190.0,1199.0,1838.0,6284.0
13843,9162.0,707.0,713.0,10976.0
13844,4509.0,912.0,2316.0,6856.0
13845,6854.0,644.0,2847.0,11058.0
13846,3969.0,499.0,2349.0,5437.0
13847,4850.0,12.0,1764.0,3115.0
13848,7612.0,1061.0,2641.0,6285.0
13849,2621.0,262.0,1358.0,3681.0
13850,12570.0,953.0,1202.0,3571.0
13851,17763.0,2505.0,1681.0,7178.0
13852,3754.0,756.0,2453.0,4949.0
13853,7781.0,856.0,2493.0,11259.0
13854,17938.0,2121.0,1156.0,5246.0
13855,2953.0,1261.0,736.0,3436.0
13856,3955.0,206.0,631.0,11471.0
13857,2965.0,497.0,336.0,3305.0
13858,9009.0,629.0,857.0,5592.0
13859,25001.0,3364.0,1599.0,4119.0
13860,5012.0,742.0,2762.0,8193.0
13861,3427.0,247.0,1739.0,9819.0
13862,3633.0,177.0,1299.0,9595.0
13863,3312.0,221.0,2280.0,6076.0
13864,8172.0,611.0,1622.0,11234.0
13865,2900.0,439.0,1007.0,3512.0
13866,3870.0,30.0,622.0,8247.0
13867,25635.0,2368.0,2392.0,5520.0
13868,3077.0,213.0,1862.0,3878.0
13869,4335.0,899.0,4511.0,10118.0
13870,14959.0,1408.0,1846.0,7998.0
13871,20039.0,1329.0,2729.0,7994.0
13872,12977.0,942.0,371.0,5051.0
13873,3067.0,325.0,2137.0,9004.0
13874,3099.0,551.0,170.0,769.0
13875,4067.0,230.0,1792.0,10511.0
13876,16088.0,3728.0,2122.0,3292.0
13877,3993.0,786.0,2066.0,8985.0
13878,11371.0,1548.0,992.0,5829.0
13879,2647.0,472.0,1617.0,12597.0
13880,5217.0,582.0,2443.0,12761.0
13881,6483.0,1186.0,1782.0,10039.0
13882,3817.0,514.0,3642.0,5403.0
13883,9235.0,3880.0,69281.0,87510.0
13884,8891.0,110.0,1273.0,3666.0
13885,5677.0,197.0,614.0,2360.0
13886,4546.0,1586.0,1817.0,9219.0
13887,10759.0,1641.0,2568.0,6068.0
13888,39614.0,7277.0,3252.0,22841.0
13889,28231.0,3728.0,5205.0,12950.0
13890,6120.0,1256.0,2018.0,11425.0
13891,9841.0,662.0,1198.0,3216.0
13892,7686.0,1279.0,1454.0,3206.0
13893,7800.0,1598.0,2124.0,4626.0
13894,4836.0,448.0,2258.0,14392.0
13895,4352.0,1153.0,556.0,-0.0
13896,9964.0,1681.0,851.0,2902.0
13897,10197.0,1213.0,1708.0,7014.0
13898,10292.0,1251.0,1331.0,4752.0
13899,4280.0,161.0,1786.0,2793.0
13900,3870.0,582.0,1987.0,10694.0
13901,2466.0,894.0,1343.0,9036.0
13902,3000.0,1056.0,1658.0,6498.0
13903,2495.0,340.0,1744.0,4005.0
13904,72472.0,12225.0,2653.0,22150.0
13905,5243.0,1421.0,2165.0,3805.0
13906,10679.0,997.0,996.0,5498.0
13907,7667.0,251.0,582.0,12810.0
13908,16809.0,748.0,4670.0,11281.0
13909,2613.0,277.0,1249.0,11107.0
13910,5376.0,1101.0,2048.0,7247.0
13911,29891.0,1672.0,994.0,7846.0
13912,9115.0,1415.0,1643.0,7341.0
13913,5252.0,206.0,536.0,6146.0
13914,33135.0,3348.0,3500.0,10646.0
13915,6100.0,498.0,1213.0,-0.0
13916,9573.0,1375.0,895.0,11998.0
13917,3221.0,898.0,2513.0,4655.0
13918,5444.0,525.0,308.0,6241.0
13919,5000.0,1106.0,-0.0,-0.0
13920,32322.0,2070.0,2409.0,8044.0
13921,33798.0,1420.0,2357.0,10148.0
13922,7767.0,405.0,884.0,5481.0
13923,7619.0,598.0,2563.0,6883.0
13924,2521.0,419.0,1365.0,7168.0
13925,4357.0,942.0,572.0,12755.0
13926,8172.0,1243.0,2284.0,8923.0
13927,2498.0,598.0,2279.0,1243.0
13928,37458.0,2571.0,2307.0,9640.0
13929,6581.0,1006.0,1694.0,4297.0
13930,4108.0,688.0,1010.0,1057.0
13931,4424.0,1111.0,262.0,5611.0
13932,5331.0,266.0,1623.0,7518.0
13933,4865.0,1120.0,2953.0,9049.0
13934,5204.0,403.0,2198.0,-0.0
13935,6164.0,1524.0,2570.0,1285.0
13936,3063.0,915.0,-0.0,12118.0
13937,2954.0,434.0,2942.0,11968.0
13938,3563.0,650.0,542.0,2830.0
13939,6015.0,851.0,908.0,12234.0
13940,15442.0,351.0,1211.0,10369.0
13941,2832.0,231.0,1060.0,1596.0
13942,3674.0,415.0,1380.0,5770.0
13943,5138.0,966.0,1184.0,3325.0
13944,53374.0,4168.0,3628.0,4112.0
13945,24144.0,1870.0,1579.0,11668.0
13946,2475.0,171.0,3494.0,6297.0
13947,7390.0,581.0,2443.0,9997.0
13948,12091.0,1390.0,688.0,4544.0
13949,6819.0,310.0,952.0,9740.0
13950,5959.0,1000.0,2605.0,4375.0
13951,17797.0,1815.0,1638.0,7344.0
13952,19027.0,933.0,848.0,4512.0
13953,5014.0,516.0,2037.0,8381.0
13954,19214.0,1245.0,1485.0,8454.0
13955,19614.0,1478.0,2373.0,5497.0
13956,13460.0,1171.0,563.0,8822.0
13957,4582.0,314.0,4392.0,12289.0
13958,17595.0,919.0,1989.0,7740.0
13959,14114.0,726.0,2064.0,9555.0
13960,21075.0,1375.0,1668.0,7759.0
13961,30139.0,3535.0,2836.0,9017.0
13962,7070.0,505.0,1278.0,9661.0
13963,3454.0,524.0,2737.0,9170.0
13964,7893.0,1225.0,2418.0,2135.0
13965,4630.0,787.0,674.0,2554.0
13966,12583.0,1702.0,2331.0,3622.0
13967,5877.0,932.0,2954.0,11469.0
13968,41921.0,4654.0,1359.0,3760.0
13969,12922.0,2052.0,3167.0,9140.0
13970,8577.0,930.0,1757.0,9677.0
13971,7628.0,545.0,896.0,6829.0
13972,7044.0,1211.0,3434.0,10208.0
13973,4039.0,568.0,4303.0,5347.0
13974,24133.0,4489.0,14744.0,8268.0
13975,23880.0,2706.0,2708.0,10656.0
13976,4974.0,859.0,3358.0,10631.0
13977,3758.0,948.0,2079.0,6777.0
13978,10188.0,706.0,1176.0,9773.0
13979,4128.0,865.0,328.0,941.0
13980,4892.0,819.0,2115.0,1577.0
13981,4774.0,946.0,2935.0,7632.0
13982,3409.0,119.0,1635.0,10823.0
13983,4445.0,1386.0,1998.0,8251.0
13984,7985.0,1186.0,1623.0,7851.0
13985,17182.0,1486.0,1429.0,8786.0
13986,4792.0,554.0,2694.0,9317.0
13987,7499.0,1937.0,558.0,2976.0
13988,4418.0,138.0,7.0,6456.0
13989,15405.0,1314.0,1308.0,6341.0
13990,7333.0,526.0,2760.0,12638.0
13991,10408.0,902.0,1813.0,9281.0
13992,3561.0,1275.0,2840.0,10409.0
13993,5573.0,1099.0,2728.0,7306.0
13994,10534.0,2200.0,1922.0,2461.0
13995,11918.0,4222.0,3523.0,10058.0
13996,5188.0,592.0,1968.0,6589.0
13997,5071.0,804.0,2168.0,4750.0
13998,8342.0,715.0,691.0,5172.0
13999,20624.0,1730.0,1439.0,11078.0
14000,3526.0,643.0,1026.0,6118.0
14001,7603.0,1618.0,2489.0,15070.0
14002,2729.0,419.0,2397.0,9552.0
14003,7127.0,1128.0,2273.0,6148.0
14004,4818.0,130.0,1362.0,6912.0
14005,9357.0,1259.0,3416.0,15159.0
14006,28075.0,1669.0,2065.0,4390.0
14007,3543.0,775.0,1303.0,9237.0
14008,6570.0,735.0,1432.0,1408.0
14009,16622.0,1422.0,1448.0,9191.0
14010,5639.0,909.0,2193.0,6669.0
14011,2638.0,117.0,153.0,1997.0
14012,7064.0,1206.0,1636.0,3072.0
14013,17381.0,1208.0,971.0,9401.0
14014,2670.0,479.0,2433.0,18143.0
14015,8096.0,633.0,3899.0,5421.0
14016,5295.0,609.0,1093.0,10518.0
14017,2592.0,370.0,2879.0,9427.0
14018,4396.0,1149.0,384.0,2963.0
14019,3184.0,455.0,2599.0,16250.0
14020,35246.0,2122.0,2850.0,9459.0
14021,2512.0,454.0,1121.0,6750.0
14022,12110.0,2389.0,1765.0,10854.0
14023,3011.0,1534.0,2767.0,7821.0
14024,10411.0,702.0,1031.0,7079.0
14025,9322.0,610.0,1346.0,8189.0
14026,4096.0,619.0,-0.0,6495.0
14027,3758.0,851.0,1031.0,-0.0
14028,2788.0,843.0,349.0,14849.0
14029,2763.0,590.0,2422.0,2755.0
14030,12424.0,904.0,3234.0,8810.0
14031,27277.0,1349.0,2109.0,11637.0
14032,5465.0,380.0,2686.0,4805.0
14033,43305.0,4177.0,5395.0,11191.0
14034,19432.0,1193.0,3174.0,8734.0
14035,9071.0,326.0,2656.0,11048.0
14036,6609.0,659.0,627.0,5801.0
14037,4129.0,106.0,843.0,7246.0
14038,4291.0,689.0,3297.0,11203.0
14039,6370.0,1108.0,2900.0,11741.0
14040,3362.0,186.0,707.0,-0.0
14041,3874.0,637.0,2425.0,8440.0
14042,55411.0,6171.0,5942.0,14588.0
14043,21001.0,1533.0,1830.0,5672.0
14044,5260.0,496.0,1222.0,8050.0
14045,28937.0,1217.0,2367.0,14639.0
14046,36549.0,2865.0,1777.0,14217.0
14047,18698.0,2072.0,2255.0,3398.0
14048,2858.0,373.0,1285.0,4375.0
14049,5667.0,633.0,1681.0,7345.0
14050,3476.0,683.0,1868.0,9933.0
14051,8908.0,3181.0,3057.0,14175.0
14052,16075.0,1887.0,1658.0,3288.0
14053,22122.0,4178.0,21225.0,36771.0
14054,40527.0,3413.0,3043.0,10615.0
14055,4981.0,692.0,2307.0,7481.0
14056,4323.0,1021.0,1122.0,11525.0
14057,2467.0,159.0,1846.0,10105.0
14058,19029.0,2756.0,3173.0,7586.0
14059,8389.0,543.0,1709.0,7002.0
14060,25094.0,2265.0,1707.0,4720.0
14061,44605.0,2912.0,2218.0,6708.0
14062,3280.0,346.0,1267.0,8036.0
14063,5534.0,850.0,4214.0,8376.0
14064,4901.0,1615.0,1742.0,6454.0
14065,6189.0,866.0,2251.0,1914.0
14066,13484.0,1382.0,3284.0,3766.0
14067,18629.0,2333.0,1760.0,4113.0
14068,22851.0,2002.0,1985.0,9858.0
14069,3220.0,247.0,3141.0,10532.0
14070,6245.0,810.0,1890.0,13013.0
14071,12081.0,440.0,1084.0,2376.0
14072,28092.0,2840.0,865.0,8663.0
14073,49510.0,4492.0,2863.0,10392.0
14074,22096.0,1390.0,2053.0,8593.0
14075,16813.0,2324.0,1957.0,7683.0
14076,10024.0,3339.0,6506.0,8894.0
14077,4229.0,506.0,2842.0,9392.0
14078,5267.0,1214.0,1553.0,11542.0
14079,22226.0,3174.0,3148.0,8268.0
14080,3505.0,1441.0,584.0,13600.0
14081,3926.0,498.0,1377.0,5575.0
14082,7752.0,1909.0,1581.0,4975.0
14083,473964.0,43534.0,48600.0,181219.0
14084,5436.0,930.0,1852.0,10114.0
14085,2896.0,595.0,1457.0,7646.0
14086,5314.0,512.0,3786.0,4283.0
14087,7125.0,366.0,4025.0,7818.0
14088,6400.0,418.0,3033.0,4418.0
14089,5593.0,825.0,1866.0,10333.0
14090,3177.0,316.0,2101.0,7578.0
14091,6042.0,435.0,2847.0,8592.0
14092,4993.0,405.0,3080.0,9935.0
14093,2589.0,368.0,2550.0,12492.0
14094,8817.0,568.0,2810.0,9127.0
14095,4984.0,1408.0,1919.0,10142.0
14096,4818.0,238.0,3449.0,6473.0
14097,9304.0,1222.0,2221.0,11167.0
14098,4600.0,976.0,1298.0,7828.0
14099,18324.0,1459.0,3250.0,4866.0
14100,8705.0,1193.0,3417.0,8155.0
14101,3110.0,253.0,1442.0,3229.0
14102,24070.0,1753.0,3433.0,6136.0
14103,3406.0,192.0,845.0,3724.0
14104,4117.0,653.0,548.0,2804.0
14105,4815.0,663.0,4385.0,9690.0
14106,4571.0,1081.0,336.0,8629.0
14107,131442.0,11879.0,104699.0,147624.0
14108,43987.0,3569.0,1866.0,4877.0
14109,6514.0,1160.0,1809.0,4112.0
14110,6359.0,825.0,1587.0,8826.0
14111,5603.0,952.0,1273.0,12462.0
14112,5876.0,959.0,1707.0,9397.0
14113,4103.0,497.0,3478.0,13164.0
14114,4033.0,528.0,1695.0,3507.0
14115,14533.0,688.0,2923.0,9871.0
14116,2654.0,645.0,1228.0,8501.0
14117,4219.0,808.0,2416.0,-0.0
14118,4168.0,1191.0,3022.0,9409.0
14119,21705.0,1359.0,1915.0,8059.0
14120,4439.0,1079.0,1070.0,3868.0
14121,4273.0,756.0,914.0,13019.0
14122,10104.0,1046.0,1960.0,5197.0
14123,41852.0,6168.0,43725.0,47613.0
14124,65811.0,4358.0,41964.0,15586.0
14125,4035.0,817.0,2261.0,7374.0
14126,5437.0,755.0,650.0,6476.0
14127,7222.0,806.0,1355.0,5150.0
14128,5966.0,1202.0,1500.0,4786.0
14129,7926.0,489.0,3678.0,4368.0
14130,6761.0,1680.0,1433.0,2848.0
14131,2908.0,792.0,631.0,3462.0
14132,29272.0,1923.0,14436.0,8930.0
14133,4947.0,429.0,2124.0,13074.0
14134,2972.0,452.0,1385.0,10897.0
14135,3298.0,1083.0,475.0,4803.0
14136,20588.0,2231.0,1472.0,5823.0
14137,23332.0,2294.0,3757.0,11884.0
14138,4593.0,848.0,2236.0,4873.0
14139,23053.0,2217.0,2296.0,10729.0
14140,4195.0,72.0,1253.0,7970.0
14141,8544.0,363.0,2456.0,5151.0
14142,4495.0,1020.0,1713.0,5568.0
14143,12290.0,1829.0,1976.0,10070.0
14144,45630.0,15950.0,5991.0,49420.0
14145,22018.0,1489.0,1418.0,5558.0
14146,4192.0,70.0,650.0,2564.0
14147,6145.0,1591.0,1753.0,6223.0
14148,25689.0,1885.0,1835.0,11708.0
14149,8028.0,944.0,1706.0,-0.0
14150,3968.0,484.0,1682.0,1618.0
14151,6838.0,1106.0,1284.0,10307.0
14152,5034.0,619.0,2506.0,15566.0
14153,40511.0,4201.0,2997.0,11735.0
14154,4530.0,785.0,2059.0,5366.0
14155,3940.0,890.0,-0.0,5207.0
14156,14003.0,1099.0,327.0,10567.0
14157,17964.0,1707.0,2679.0,5098.0
14158,3183.0,839.0,1010.0,12997.0
14159,7166.0,247.0,870.0,13582.0
14160,34719.0,2768.0,6772.0,11063.0
14161,12922.0,1836.0,2518.0,10480.0
14162,15135.0,1475.0,3303.0,5592.0
14163,5347.0,728.0,3135.0,5117.0
14164,3022.0,27.0,1214.0,2671.0
14165,14395.0,982.0,1014.0,5519.0
14166,2801.0,298.0,1211.0,10343.0
14167,4723.0,248.0,1889.0,2729.0
14168,19442.0,1843.0,2345.0,10006.0
14169,3045.0,1054.0,2643.0,3923.0
14170,3714.0,417.0,2307.0,6792.0
14171,4926.0,231.0,1980.0,8301.0
14172,4131.0,357.0,1003.0,5350.0
14173,3126.0,63.0,1421.0,8221.0
14174,21911.0,2945.0,2686.0,6258.0
14175,5034.0,449.0,959.0,1971.0
14176,4309.0,220.0,2163.0,5229.0
14177,50346.0,2905.0,5173.0,7778.0
14178,13090.0,1539.0,927.0,3830.0
14179,4935.0,1099.0,2087.0,8800.0
14180,4253.0,398.0,658.0,10382.0
14181,12355.0,1873.0,2778.0,6576.0
14182,5764.0,470.0,1524.0,7271.0
14183,3769.0,274.0,632.0,2713.0
14184,4195.0,245.0,2392.0,2408.0
14185,8768.0,1072.0,2055.0,6491.0
14186,6945.0,1321.0,1753.0,5058.0
14187,2898.0,966.0,507.0,13052.0
14188,7107.0,890.0,3473.0,9285.0
14189,4459.0,631.0,1301.0,-0.0
14190,4798.0,380.0,2773.0,5076.0
14191,11393.0,950.0,2180.0,10392.0
14192,6777.0,1576.0,1172.0,577.0
14193,4272.0,203.0,902.0,3734.0
14194,6231.0,877.0,1823.0,7885.0
14195,12926.0,956.0,704.0,6222.0
14196,3485.0,1056.0,2349.0,5572.0
14197,13634.0,1411.0,19236.0,13928.0
14198,31785.0,2195.0,3249.0,6311.0
14199,41933.0,2726.0,1707.0,6465.0
14200,15065.0,1561.0,4259.0,17624.0
14201,9667.0,1167.0,1852.0,8125.0
14202,11918.0,1595.0,2212.0,9506.0
14203,7312.0,1178.0,813.0,7610.0
14204,3342.0,390.0,2231.0,12241.0
14205,23818.0,2917.0,1581.0,5457.0
14206,8823.0,1832.0,5387.0,10339.0
14207,8671.0,1007.0,204.0,14772.0
14208,35604.0,2376.0,3618.0,4582.0
14209,6363.0,387.0,1359.0,1134.0
14210,9276.0,742.0,1856.0,7886.0
14211,4437.0,997.0,2035.0,6407.0
14212,4915.0,1048.0,2221.0,1425.0
14213,14019.0,1420.0,2575.0,8739.0
14214,2539.0,427.0,1978.0,4349.0
14215,21127.0,2030.0,3204.0,14272.0
14216,2596.0,1521.0,537.0,1793.0
14217,4852.0,646.0,1483.0,11003.0
14218,15056.0,982.0,2643.0,13394.0
14219,6313.0,1093.0,2494.0,4214.0
14220,4604.0,730.0,2978.0,6009.0
14221,5208.0,1056.0,3283.0,9277.0
14222,64100.0,5695.0,4158.0,18337.0
14223,7806.0,931.0,3179.0,10780.0
14224,3738.0,1558.0,749.0,4585.0
14225,43052.0,3844.0,2198.0,5983.0
14226,29216.0,2460.0,2328.0,10138.0
14227,2616.0,1516.0,1799.0,6426.0
14228,15105.0,1428.0,1015.0,12585.0
14229,15760.0,1343.0,1376.0,9827.0
14230,6198.0,862.0,2183.0,13097.0
14231,3761.0,778.0,1879.0,7354.0
14232,6576.0,736.0,451.0,515.0
14233,3433.0,256.0,2442.0,5162.0
14234,7382.0,1945.0,2762.0,10186.0
14235,2525.0,37.0,2667.0,8134.0
14236,5334.0,834.0,1434.0,3249.0
14237,4258.0,660.0,1257.0,5192.0
14238,5275.0,751.0,1142.0,436.0
14239,6542.0,979.0,1811.0,4465.0
14240,12533.0,777.0,2384.0,2723.0
14241,2649.0,530.0,1418.0,10344.0
14242,3298.0,205.0,2810.0,5434.0
14243,5437.0,841.0,3276.0,13944.0
14244,14941.0,1783.0,905.0,8753.0
14245,2602.0,383.0,1885.0,11498.0
14246,16488.0,1733.0,2605.0,10854.0
14247,15358.0,2106.0,2970.0,4990.0
14248,40302.0,9194.0,33764.0,36963.0
14249,22555.0,2068.0,1085.0,2849.0
14250,4599.0,822.0,1199.0,-0.0
14251,9096.0,918.0,1914.0,5207.0
14252,2856.0,166.0,1078.0,3078.0
14253,27816.0,2809.0,2991.0,11697.0
14254,5047.0,352.0,1094.0,4784.0
14255,3901.0,372.0,2580.0,9388.0
14256,26932.0,2345.0,1716.0,4805.0
14257,12113.0,1115.0,2299.0,13287.0
14258,3693.0,1528.0,3026.0,2224.0
14259,11078.0,1386.0,1586.0,14560.0
14260,6346.0,1967.0,1289.0,987.0
14261,5438.0,501.0,602.0,11422.0
14262,4080.0,274.0,1430.0,9870.0
14263,4188.0,96.0,498.0,8579.0
14264,43557.0,6204.0,10973.0,43613.0
14265,17452.0,2013.0,1004.0,6122.0
14266,20757.0,1679.0,1015.0,14111.0
14267,25292.0,3559.0,5139.0,16919.0
14268,5175.0,870.0,2537.0,6820.0
14269,3035.0,170.0,-0.0,2494.0
14270,3313.0,207.0,3138.0,6835.0
14271,8019.0,186.0,-0.0,3879.0
14272,6922.0,836.0,526.0,5189.0
14273,11054.0,173.0,860.0,12607.0
14274,8391.0,867.0,3486.0,7298.0
14275,31690.0,3123.0,2250.0,7699.0
14276,5811.0,528.0,1341.0,5030.0
14277,3461.0,361.0,1033.0,11567.0
14278,21968.0,2269.0,3889.0,8283.0
14279,5627.0,558.0,2960.0,4855.0
14280,40328.0,3549.0,13129.0,13228.0
14281,3231.0,600.0,1957.0,13107.0
14282,22853.0,3474.0,2831.0,6135.0
14283,6337.0,921.0,864.0,1163.0
14284,172736.0,38631.0,36813.0,370720.0
14285,3993.0,436.0,1791.0,11306.0
14286,4925.0,1027.0,1751.0,12602.0
14287,4698.0,439.0,1700.0,13114.0
14288,7414.0,831.0,2729.0,8354.0
14289,7438.0,1388.0,144.0,5231.0
14290,22160.0,2791.0,2542.0,13443.0
14291,5620.0,773.0,1223.0,5923.0
14292,3950.0,821.0,1721.0,5467.0
14293,16397.0,2360.0,2874.0,9569.0
14294,3560.0,419.0,1794.0,5222.0
14295,4362.0,431.0,1734.0,7018.0
14296,2815.0,1022.0,1733.0,8527.0
14297,9379.0,784.0,4339.0,11306.0
14298,40253.0,11063.0,14047.0,49702.0
14299,60711.0,4952.0,3058.0,17383.0
14300,4654.0,575.0,1666.0,13132.0
14301,9120.0,1020.0,922.0,5002.0
14302,8260.0,993.0,405.0,6178.0
14303,7369.0,962.0,2553.0,7293.0
14304,6263.0,417.0,2877.0,7542.0
14305,5589.0,381.0,1436.0,2454.0
14306,15303.0,5796.0,12789.0,12612.0
14307,16947.0,1634.0,1520.0,11062.0
14308,17834.0,1893.0,633.0,15476.0
14309,2851.0,208.0,1476.0,11348.0
14310,3713.0,199.0,1799.0,8004.0
14311,22474.0,5290.0,2782.0,18873.0
14312,7456.0,1329.0,842.0,4529.0
14313,19759.0,1905.0,1459.0,10455.0
14314,4115.0,539.0,1252.0,5687.0
14315,3849.0,91.0,1260.0,12500.0
14316,3796.0,200.0,1183.0,10599.0
14317,7644.0,737.0,28.0,1476.0
14318,13535.0,1866.0,2334.0,9062.0
14319,8304.0,1197.0,1942.0,2978.0
14320,3534.0,714.0,2004.0,12576.0
14321,2621.0,489.0,52.0,3999.0
14322,57218.0,7199.0,200775.0,120015.0
14323,12272.0,1501.0,1336.0,6956.0
14324,5727.0,473.0,1979.0,14198.0
14325,6059.0,905.0,2435.0,5817.0
14326,4881.0,715.0,2304.0,8310.0
14327,7074.0,1413.0,1664.0,5267.0
14328,4456.0,924.0,2392.0,13103.0
14329,4510.0,1066.0,2679.0,10655.0
14330,43041.0,4567.0,482.0,7350.0
14331,19970.0,1047.0,2065.0,8183.0
14332,3984.0,894.0,2248.0,10828.0
14333,2922.0,868.0,852.0,3391.0
14334,8607.0,1155.0,2786.0,6519.0
14335,3651.0,536.0,2042.0,1292.0
14336,6533.0,1002.0,2153.0,10921.0
14337,3686.0,31.0,3124.0,8296.0
14338,5179.0,564.0,3486.0,18172.0
14339,21951.0,3368.0,2619.0,11712.0
14340,5822.0,1204.0,1439.0,9288.0
14341,41464.0,1204.0,2054.0,12134.0
14342,96308.0,10534.0,162127.0,280793.0
14343,4666.0,851.0,3199.0,13447.0
14344,3951.0,812.0,1178.0,6951.0
14345,4001.0,298.0,1885.0,14458.0
14346,7951.0,1945.0,1520.0,8468.0
14347,3455.0,764.0,3230.0,5178.0
14348,2743.0,556.0,2298.0,6489.0
14349,15875.0,1707.0,1611.0,6740.0
14350,2509.0,66.0,1087.0,8316.0
14351,5713.0,355.0,2128.0,10640.0
14352,24533.0,3092.0,5858.0,19132.0
14353,2965.0,1056.0,1464.0,5408.0
14354,4906.0,662.0,1447.0,5003.0
14355,230641.0,40724.0,125630.0,169627.0
14356,20781.0,1189.0,1915.0,5346.0
14357,2633.0,234.0,637.0,9005.0
14358,106311.0,39287.0,839065.0,318773.0
14359,12060.0,941.0,3056.0,4589.0
14360,7287.0,875.0,527.0,5476.0
14361,32457.0,2326.0,3095.0,5685.0
14362,49577.0,2982.0,30007.0,23533.0
14363,6659.0,1551.0,946.0,5997.0
14364,3214.0,565.0,1377.0,3153.0
14365,4546.0,1163.0,1153.0,437.0
14366,5295.0,482.0,3425.0,11535.0
14367,3379.0,182.0,3405.0,8365.0
14368,34630.0,4891.0,2444.0,9213.0
14369,25925.0,1674.0,1872.0,6507.0
14370,23115.0,2010.0,2608.0,2392.0
14371,5588.0,1033.0,1538.0,7112.0
14372,3753.0,643.0,1421.0,8750.0
14373,21876.0,1410.0,1454.0,10263.0
14374,8386.0,615.0,1406.0,7202.0
14375,4958.0,421.0,2177.0,3685.0
14376,5969.0,602.0,633.0,9285.0
14377,3621.0,877.0,1277.0,12665.0
14378,6811.0,602.0,1746.0,-0.0
14379,5063.0,886.0,4405.0,7752.0
14380,3308.0,392.0,2197.0,6959.0
14381,4493.0,529.0,404.0,8893.0
14382,26431.0,1200.0,3040.0,16892.0
14383,7387.0,824.0,777.0,3017.0
14384,11331.0,1729.0,1578.0,3245.0
14385,5065.0,392.0,841.0,5832.0
14386,3229.0,781.0,2940.0,9543.0
14387,9324.0,670.0,2238.0,4372.0
14388,9962.0,1625.0,3170.0,10731.0
14389,4711.0,229.0,3101.0,12244.0
14390,3677.0,790.0,1557.0,11362.0
14391,3003.0,580.0,1825.0,2706.0
14392,4346.0,591.0,1237.0,1841.0
14393,6810.0,408.0,3708.0,4275.0
14394,9192.0,698.0,3082.0,14038.0
14395,13875.0,829.0,681.0,4776.0
14396,19508.0,2291.0,2370.0,6997.0
14397,65635.0,7121.0,2358.0,13640.0
14398,6901.0,910.0,1831.0,-0.0
14399,4510.0,766.0,1781.0,6092.0
14400,3901.0,723.0,2319.0,3802.0
14401,19764.0,2254.0,4068.0,6365.0
14402,4226.0,568.0,914.0,5639.0
14403,3571.0,565.0,2102.0,4812.0
14404,16555.0,1765.0,2354.0,7352.0
14405,36971.0,2499.0,1582.0,10005.0
14406,7799.0,1229.0,1628.0,7110.0
14407,25833.0,1127.0,2323.0,15821.0
14408,10562.0,1022.0,1883.0,9638.0
14409,3363.0,619.0,2268.0,5528.0
14410,16316.0,1566.0,1967.0,11621.0
14411,8089.0,689.0,743.0,7834.0
14412,30172.0,2059.0,19158.0,36705.0
14413,9906.0,682.0,2291.0,12159.0
14414,3849.0,803.0,1904.0,5696.0
14415,3203.0,647.0,1312.0,8263.0
14416,5853.0,923.0,2459.0,6525.0
14417,4907.0,575.0,1138.0,5364.0
14418,6509.0,436.0,2344.0,9978.0
14419,22427.0,1980.0,2652.0,12155.0
14420,3449.0,928.0,1676.0,6528.0
14421,13184.0,1239.0,860.0,5669.0
14422,5771.0,720.0,1384.0,5127.0
14423,6425.0,815.0,2086.0,9176.0
14424,3872.0,575.0,3319.0,11615.0
14425,2542.0,62.0,1164.0,701.0
14426,3217.0,338.0,2299.0,3875.0
14427,7470.0,1119.0,1916.0,7446.0
14428,5041.0,2294.0,3598.0,7305.0
14429,2610.0,744.0,909.0,17227.0
14430,4161.0,725.0,1517.0,8873.0
14431,3378.0,828.0,1446.0,5640.0
14432,6894.0,261.0,2900.0,7558.0
14433,15122.0,1216.0,3202.0,10506.0
14434,6283.0,1109.0,1225.0,6948.0
14435,5222.0,787.0,1839.0,12864.0
14436,7062.0,1056.0,1547.0,5608.0
14437,5689.0,223.0,2346.0,10078.0
14438,14195.0,2650.0,273952.0,264546.0
14439,8321.0,622.0,2657.0,9839.0
14440,5561.0,407.0,1068.0,9886.0
14441,9437.0,814.0,2396.0,13948.0
14442,5635.0,654.0,3110.0,8284.0
14443,5017.0,444.0,2611.0,13126.0
14444,35386.0,3548.0,2760.0,7750.0
14445,6278.0,1127.0,522.0,5735.0
14446,20098.0,1869.0,991.0,649.0
14447,4950.0,1287.0,2555.0,7111.0
14448,20366.0,2257.0,1512.0,1975.0
14449,21075.0,1620.0,1566.0,9008.0
14450,22466.0,3416.0,671.0,6986.0
14451,5300.0,566.0,2560.0,5645.0
14452,2577.0,292.0,717.0,7357.0
14453,20712.0,1320.0,1592.0,3710.0
14454,17651.0,1013.0,2340.0,9204.0
14455,2468.0,960.0,-0.0,650.0
14456,24488.0,1264.0,364.0,9002.0
14457,16109.0,1971.0,2837.0,6515.0
14458,5081.0,728.0,2126.0,5561.0
14459,3746.0,1167.0,1946.0,13316.0
14460,11811.0,240.0,3847.0,17534.0
14461,15143.0,965.0,2141.0,5157.0
14462,7864.0,1165.0,4836.0,11337.0
14463,23979.0,2369.0,2895.0,12492.0
14464,11709.0,1477.0,1116.0,7731.0
14465,5671.0,1020.0,2248.0,-0.0
14466,2613.0,500.0,1310.0,9267.0
14467,69007.0,4465.0,12984.0,23845.0
14468,5521.0,960.0,2165.0,3651.0
14469,4986.0,961.0,2501.0,4892.0
14470,27678.0,4786.0,10101.0,35623.0
14471,38544.0,12959.0,4538.0,19909.0
14472,3256.0,1085.0,1875.0,10856.0
14473,4919.0,383.0,1131.0,288.0
14474,16598.0,1215.0,1168.0,4315.0
14475,10325.0,678.0,3687.0,14349.0
14476,5786.0,2087.0,2362.0,9551.0
14477,3224.0,960.0,2538.0,6205.0
14478,4881.0,1057.0,3893.0,16769.0
14479,50459.0,3368.0,2624.0,5740.0
14480,4546.0,1673.0,1943.0,2702.0
14481,4073.0,894.0,2752.0,7566.0
14482,3222.0,110.0,1019.0,132.0
14483,5444.0,159.0,1798.0,9507.0
14484,2553.0,706.0,1099.0,13978.0
14485,22944.0,2221.0,1664.0,9621.0
14486,5417.0,1101.0,2460.0,10780.0
14487,40608.0,9273.0,41299.0,13797.0
14488,8238.0,1399.0,1087.0,4152.0
14489,14712.0,1590.0,1818.0,5746.0
14490,17332.0,2546.0,1261.0,9515.0
14491,28940.0,2735.0,1620.0,12898.0
14492,5203.0,462.0,1350.0,12735.0
14493,7387.0,862.0,530.0,7257.0
14494,17142.0,1240.0,-0.0,6477.0
14495,3276.0,596.0,2104.0,13825.0
14496,2600.0,455.0,2193.0,10527.0
14497,2884.0,663.0,1432.0,2407.0
14498,9592.0,1230.0,1227.0,3978.0
14499,20615.0,1316.0,5051.0,7596.0
14500,4619.0,804.0,834.0,6424.0
14501,4614.0,636.0,1003.0,3602.0
14502,7023.0,771.0,1322.0,5370.0
14503,3388.0,261.0,2363.0,12465.0
14504,5958.0,779.0,1864.0,5818.0
14505,3422.0,866.0,2889.0,4368.0
14506,49425.0,2987.0,1550.0,4765.0
14507,7741.0,730.0,2593.0,3822.0
14508,29518.0,2087.0,3627.0,4500.0
14509,59525.0,3926.0,2874.0,6983.0
14510,8304.0,663.0,1812.0,7369.0
14511,4518.0,363.0,1479.0,11618.0
14512,6943.0,415.0,1827.0,12560.0
14513,4652.0,558.0,1763.0,6674.0
14514,3948.0,554.0,2694.0,9824.0
14515,71305.0,4894.0,5709.0,13660.0
14516,79788.0,5336.0,1445.0,16132.0
14517,11811.0,1903.0,2388.0,9800.0
14518,17310.0,1380.0,896.0,9516.0
14519,5989.0,1079.0,1415.0,10914.0
14520,4848.0,571.0,1332.0,3526.0
14521,15962.0,691.0,1030.0,7954.0
14522,6228.0,1716.0,1768.0,11215.0
14523,3407.0,308.0,1676.0,5296.0
14524,3427.0,474.0,1931.0,7954.0
14525,5226.0,1087.0,3167.0,9847.0
14526,6710.0,692.0,1382.0,9222.0
14527,6052.0,1386.0,1746.0,7036.0
14528,4033.0,199.0,1421.0,5414.0
14529,6269.0,375.0,2311.0,4139.0
14530,7437.0,497.0,3728.0,8121.0
14531,35441.0,3152.0,2436.0,5052.0
14532,2766.0,1053.0,1082.0,6963.0
14533,34724.0,2134.0,2698.0,7975.0
14534,3604.0,766.0,1345.0,6915.0
14535,10908.0,779.0,614.0,8256.0
14536,28538.0,2606.0,5943.0,15160.0
14537,6434.0,374.0,2321.0,4695.0
14538,23350.0,1973.0,3490.0,15608.0
14539,5361.0,902.0,608.0,8489.0
14540,2481.0,359.0,2631.0,9877.0
14541,2934.0,623.0,114.0,11619.0
14542,3670.0,1204.0,1349.0,4883.0
14543,9208.0,888.0,3362.0,1467.0
14544,5974.0,1144.0,2907.0,13138.0
14545,3354.0,373.0,1050.0,18194.0
14546,5943.0,625.0,2407.0,6079.0
14547,4290.0,455.0,3895.0,10212.0
14548,5194.0,309.0,2199.0,4240.0
14549,6301.0,1195.0,2762.0,6172.0
14550,5297.0,566.0,3245.0,7224.0
14551,24642.0,3498.0,256.0,11081.0
14552,2487.0,208.0,636.0,1560.0
14553,6798.0,1448.0,40.0,-0.0
14554,5328.0,848.0,2111.0,7524.0
14555,4825.0,392.0,1054.0,3213.0
14556,16596.0,1683.0,1994.0,9271.0
14557,24978.0,2193.0,3327.0,7701.0
14558,5017.0,615.0,1701.0,6161.0
14559,7156.0,337.0,5645.0,8656.0
14560,4407.0,933.0,4157.0,10405.0
14561,3597.0,697.0,976.0,5140.0
14562,27670.0,1345.0,1228.0,8053.0
14563,6429.0,1427.0,2246.0,5671.0
14564,4111.0,1190.0,1076.0,4509.0
14565,11097.0,2085.0,3612.0,9875.0
14566,20269.0,1828.0,3630.0,11500.0
14567,134825.0,47459.0,11568.0,181731.0
14568,27953.0,2351.0,2767.0,10128.0
14569,7417.0,413.0,2195.0,12163.0
14570,6503.0,1219.0,784.0,6289.0
14571,2590.0,699.0,873.0,10577.0
14572,8997.0,599.0,1299.0,13427.0
14573,8964.0,702.0,2484.0,16685.0
14574,6378.0,361.0,2189.0,8348.0
14575,3789.0,99.0,1961.0,1189.0
14576,19504.0,1199.0,576.0,5464.0
14577,12922.0,1221.0,4244.0,7379.0
14578,5957.0,775.0,1214.0,1141.0
14579,8145.0,1333.0,668.0,7486.0
14580,3650.0,564.0,1978.0,8673.0
14581,3811.0,993.0,1949.0,3440.0
14582,4351.0,286.0,3379.0,9564.0
14583,9300.0,1072.0,1629.0,6402.0
14584,6170.0,768.0,1555.0,5167.0
14585,53519.0,2193.0,1746.0,3855.0
14586,54382.0,4760.0,2853.0,4282.0
14587,4791.0,88.0,1549.0,11494.0
14588,7213.0,777.0,2470.0,13259.0
14589,4887.0,915.0,2001.0,5070.0
14590,26185.0,1900.0,762.0,6861.0
14591,5937.0,880.0,1964.0,6706.0
14592,5555.0,973.0,-0.0,3908.0
14593,7319.0,730.0,1964.0,13041.0
14594,33665.0,4961.0,2582.0,7798.0
14595,2579.0,265.0,91.0,12032.0
14596,3169.0,850.0,1290.0,6859.0
14597,19377.0,1886.0,1314.0,4313.0
14598,5171.0,518.0,2412.0,4791.0
14599,28602.0,2006.0,2050.0,18405.0
14600,23514.0,1602.0,1318.0,12128.0
14601,7333.0,1010.0,1205.0,15956.0
14602,15582.0,2158.0,3013.0,15160.0
14603,28608.0,4768.0,1599.0,6304.0
14604,2881.0,328.0,1341.0,9542.0
14605,9773.0,1628.0,1940.0,12225.0
14606,4227.0,78.0,1064.0,5741.0
14607,8268.0,795.0,2593.0,9421.0
14608,4937.0,1053.0,1763.0,10478.0
14609,153010.0,76892.0,1038862.0,626758.0
14610,9169.0,502.0,3067.0,13606.0
14611,5056.0,661.0,1007.0,7965.0
14612,3968.0,658.0,1930.0,6252.0
14613,28511.0,2846.0,1597.0,9341.0
14614,7963.0,2259.0,748.0,8264.0
14615,6125.0,1464.0,1987.0,6141.0
14616,7327.0,983.0,2667.0,4939.0
14617,3127.0,808.0,680.0,-0.0
14618,6398.0,1409.0,625.0,6511.0
14619,2997.0,359.0,1498.0,4898.0
14620,12202.0,1286.0,2328.0,5506.0
14621,5067.0,724.0,2887.0,326.0
14622,2932.0,304.0,1163.0,8316.0
14623,5076.0,856.0,2195.0,10313.0
14624,17743.0,1779.0,2244.0,5519.0
14625,2479.0,159.0,1770.0,6184.0
14626,4470.0,1655.0,3042.0,5927.0
14627,5859.0,982.0,2217.0,1118.0
14628,11250.0,1557.0,1460.0,8677.0
14629,5580.0,249.0,3220.0,11809.0
14630,3348.0,453.0,2502.0,3971.0
14631,4073.0,704.0,794.0,3751.0
14632,3706.0,964.0,2410.0,7096.0
14633,4071.0,510.0,2580.0,1161.0
14634,5560.0,767.0,860.0,4599.0
14635,5575.0,1279.0,1089.0,5996.0
14636,4824.0,1087.0,993.0,4705.0
14637,3240.0,859.0,1905.0,11589.0
14638,23082.0,1955.0,3403.0,3936.0
14639,6540.0,944.0,1484.0,8201.0
14640,9045.0,790.0,1241.0,6838.0
14641,42990.0,4856.0,1583.0,6489.0
14642,3942.0,403.0,1311.0,4279.0
14643,26985.0,2784.0,3273.0,5792.0
14644,4141.0,618.0,308.0,4725.0
14645,2580.0,739.0,204.0,6788.0
14646,8240.0,658.0,3003.0,9143.0
14647,27343.0,1637.0,1703.0,3989.0
14648,24152.0,1148.0,582.0,7852.0
14649,3654.0,523.0,2538.0,11578.0
14650,13842.0,1744.0,1394.0,3685.0
14651,29015.0,2625.0,4044.0,8872.0
14652,4797.0,317.0,2003.0,10751.0
14653,3721.0,175.0,1116.0,5860.0
14654,3232.0,849.0,1930.0,9799.0
14655,12605.0,2494.0,2675.0,11853.0
14656,4953.0,711.0,2437.0,7114.0
14657,8363.0,1083.0,1462.0,4670.0
14658,6914.0,320.0,1135.0,3600.0
14659,56736.0,8606.0,5634.0,40119.0
14660,4153.0,945.0,446.0,11009.0
14661,6307.0,875.0,3695.0,10265.0
14662,3110.0,1228.0,2330.0,16541.0
14663,6107.0,1096.0,1239.0,7579.0
14664,5563.0,1023.0,2061.0,3923.0
14665,3950.0,817.0,795.0,8894.0
14666,7933.0,425.0,3046.0,7529.0
14667,3643.0,477.0,3147.0,7186.0
14668,8658.0,808.0,4315.0,17275.0
14669,4857.0,796.0,1812.0,10303.0
14670,28140.0,1710.0,794.0,1966.0
14671,5726.0,1055.0,3341.0,8660.0
14672,5879.0,237.0,2996.0,9062.0
14673,10342.0,1347.0,4193.0,8804.0
14674,4947.0,141.0,-0.0,1620.0
14675,3312.0,1274.0,2210.0,9004.0
14676,4007.0,278.0,4041.0,3595.0
14677,4940.0,507.0,1850.0,4296.0
14678,4220.0,747.0,684.0,5876.0
14679,57425.0,4962.0,1605.0,8470.0
14680,7320.0,1477.0,2776.0,6785.0
14681,3179.0,522.0,277.0,13537.0
14682,7097.0,767.0,1750.0,9454.0
14683,5608.0,756.0,2183.0,3692.0
14684,10126.0,1238.0,2162.0,7535.0
14685,3321.0,1505.0,-0.0,10473.0
14686,8655.0,549.0,3009.0,2338.0
14687,6024.0,487.0,865.0,5516.0
14688,16677.0,2014.0,1617.0,8212.0
14689,17775.0,1028.0,347.0,4186.0
14690,7259.0,955.0,2481.0,-0.0
14691,2649.0,647.0,939.0,7840.0
14692,15632.0,1607.0,2790.0,8161.0
14693,3895.0,344.0,1075.0,4353.0
14694,5654.0,433.0,1990.0,2552.0
14695,5547.0,638.0,1121.0,5278.0
14696,6828.0,918.0,830.0,10915.0
14697,27380.0,1932.0,1808.0,9449.0
14698,28581.0,2976.0,28900.0,30776.0
14699,8316.0,1302.0,3740.0,5951.0
14700,5508.0,340.0,1561.0,1450.0
14701,2549.0,63.0,3407.0,16704.0
14702,11640.0,3416.0,8400.0,7483.0
14703,12751.0,416.0,2641.0,9566.0
14704,5889.0,465.0,1941.0,7286.0
14705,3873.0,1297.0,2606.0,8660.0
14706,6486.0,378.0,1861.0,4820.0
14707,37145.0,1721.0,3602.0,15263.0
14708,19863.0,2173.0,3663.0,11690.0
14709,6900.0,588.0,3468.0,3891.0
14710,4474.0,397.0,2719.0,2010.0
14711,22377.0,1452.0,851.0,7758.0
14712,21983.0,1777.0,2322.0,12776.0
14713,62880.0,5180.0,4223.0,23648.0
14714,25976.0,1689.0,3592.0,15520.0
14715,7542.0,1551.0,1179.0,7570.0
14716,28251.0,3855.0,1324.0,6132.0
14717,6459.0,1209.0,1068.0,5260.0
14718,7111.0,520.0,2193.0,3219.0
14719,2563.0,231.0,691.0,6639.0
14720,17826.0,1380.0,1171.0,7259.0
14721,10584.0,1219.0,3051.0,9362.0
14722,3847.0,964.0,2279.0,4095.0
14723,2459.0,578.0,2122.0,6841.0
14724,6993.0,1650.0,376.0,6404.0
14725,3766.0,516.0,1947.0,9247.0
14726,5410.0,1011.0,2751.0,9629.0
14727,4683.0,771.0,2480.0,11348.0
14728,13349.0,1220.0,1734.0,7410.0
14729,5572.0,1230.0,1107.0,13222.0
14730,20044.0,2096.0,1091.0,7553.0
14731,3343.0,580.0,602.0,4914.0
14732,45150.0,3475.0,5506.0,7196.0
14733,27962.0,1704.0,2069.0,10363.0
14734,13649.0,1040.0,1496.0,2512.0
14735,3394.0,687.0,1188.0,6112.0
14736,2465.0,192.0,1188.0,8235.0
14737,2656.0,751.0,3394.0,10208.0
14738,5086.0,1150.0,1433.0,4206.0
14739,4619.0,756.0,840.0,12332.0
14740,4483.0,1052.0,3157.0,9811.0
14741,28256.0,1674.0,4611.0,14769.0
14742,31906.0,1286.0,1790.0,9706.0
14743,12684.0,1122.0,1708.0,8615.0
14744,3551.0,323.0,1367.0,3615.0
14745,4621.0,897.0,835.0,3535.0
14746,3764.0,769.0,2397.0,8620.0
14747,4833.0,597.0,2207.0,10682.0
14748,8021.0,1094.0,1710.0,5263.0
14749,5189.0,1036.0,1101.0,2891.0
14750,70468.0,6761.0,3011.0,9372.0
14751,4678.0,743.0,1541.0,4013.0
14752,8021.0,724.0,2471.0,13872.0
14753,2651.0,157.0,1623.0,4565.0
14754,2476.0,112.0,2688.0,14102.0
14755,7776.0,1056.0,1951.0,15253.0
14756,23394.0,1918.0,1710.0,4689.0
14757,2966.0,299.0,355.0,11147.0
14758,29984.0,1725.0,2037.0,5738.0
14759,7439.0,641.0,1371.0,9734.0
14760,10901.0,1775.0,3659.0,11781.0
14761,10247.0,780.0,2271.0,3010.0
14762,19659.0,2481.0,1632.0,7451.0
14763,12592.0,1039.0,2295.0,15378.0
14764,25713.0,3436.0,2954.0,7106.0
14765,6064.0,346.0,3865.0,11020.0
14766,13455.0,787.0,3113.0,5279.0
14767,6887.0,811.0,946.0,7885.0
14768,3785.0,756.0,2220.0,7587.0
14769,3248.0,325.0,3120.0,9608.0
14770,6451.0,725.0,1909.0,8685.0
14771,4798.0,1170.0,2138.0,8910.0
14772,6507.0,1316.0,1333.0,3526.0
14773,2792.0,358.0,1706.0,4512.0
14774,3670.0,1879.0,5048.0,20914.0
14775,33855.0,3606.0,41300.0,40199.0
14776,6387.0,292.0,1047.0,5538.0
14777,2929.0,352.0,2665.0,14345.0
14778,2564.0,810.0,297.0,3647.0
14779,2839.0,162.0,2716.0,11510.0
14780,4794.0,1350.0,2888.0,3915.0
14781,6258.0,306.0,1571.0,9090.0
14782,3910.0,919.0,1287.0,14802.0
14783,4354.0,211.0,1284.0,5185.0
14784,3820.0,957.0,3261.0,11402.0
14785,4234.0,474.0,2645.0,7472.0
14786,11535.0,1374.0,2838.0,16557.0
14787,26500.0,3448.0,2379.0,6322.0
14788,4346.0,376.0,2099.0,15167.0
14789,27220.0,1633.0,2151.0,8747.0
14790,11240.0,808.0,1589.0,1227.0
14791,14883.0,646.0,4038.0,7734.0
14792,7882.0,433.0,1601.0,16333.0
14793,6788.0,503.0,2357.0,9451.0
14794,5603.0,645.0,1373.0,3092.0
14795,6302.0,803.0,1129.0,5986.0
14796,12512.0,943.0,1672.0,6520.0
14797,3584.0,301.0,1055.0,7523.0
14798,6308.0,1041.0,1396.0,-0.0
14799,2807.0,1374.0,5171.0,46063.0
14800,7026.0,660.0,938.0,10820.0
14801,31643.0,9203.0,7321.0,209340.0
14802,3468.0,637.0,1730.0,9048.0
14803,9424.0,657.0,986.0,14836.0
14804,11365.0,768.0,718.0,5054.0
14805,7757.0,1113.0,2214.0,14540.0
14806,3677.0,838.0,1506.0,6642.0
14807,5555.0,453.0,4136.0,13721.0
14808,3808.0,1378.0,1076.0,3846.0
14809,4680.0,683.0,1697.0,1629.0
14810,2501.0,293.0,507.0,13238.0
14811,23851.0,2620.0,3604.0,8307.0
14812,4145.0,134.0,2482.0,9700.0
14813,4731.0,135.0,3463.0,3405.0
14814,6575.0,901.0,3858.0,3484.0
14815,7474.0,1414.0,1042.0,2876.0
14816,32495.0,4231.0,2343.0,7389.0
14817,7469.0,1097.0,3843.0,9350.0
14818,9289.0,1137.0,3818.0,3821.0
14819,4653.0,392.0,2829.0,5506.0
14820,3538.0,1152.0,1045.0,2282.0
14821,19503.0,1773.0,3057.0,1212.0
14822,36974.0,2836.0,3549.0,11543.0
14823,5492.0,726.0,2150.0,8767.0
14824,47768.0,8362.0,3943.0,30674.0
14825,3136.0,184.0,2147.0,1436.0
14826,13091.0,1365.0,2742.0,17534.0
14827,8650.0,815.0,3358.0,2609.0
14828,6890.0,475.0,3088.0,6187.0
14829,19529.0,2887.0,7010.0,9007.0
14830,11902.0,885.0,1799.0,8559.0
14831,5400.0,807.0,1591.0,11041.0
14832,3208.0,914.0,1217.0,2241.0
14833,7350.0,754.0,1596.0,11819.0
14834,2934.0,635.0,1241.0,9116.0
14835,5733.0,390.0,918.0,5730.0
14836,4959.0,1511.0,685.0,2698.0
14837,7203.0,955.0,1501.0,11525.0
14838,5043.0,772.0,2641.0,5502.0
14839,12395.0,1376.0,2864.0,9964.0
14840,3574.0,842.0,4072.0,8561.0
14841,8355.0,569.0,1875.0,8885.0
14842,7122.0,346.0,3480.0,7892.0
14843,15585.0,1123.0,2585.0,6416.0
14844,3474.0,465.0,1511.0,2663.0
14845,12972.0,1020.0,2208.0,5863.0
14846,4046.0,425.0,1087.0,6257.0
14847,5211.0,526.0,1766.0,9008.0
14848,3705.0,426.0,3056.0,4722.0
14849,2486.0,536.0,1422.0,8172.0
14850,3387.0,680.0,1389.0,215.0
14851,4950.0,634.0,2407.0,4336.0
14852,2517.0,956.0,3514.0,7133.0
14853,21997.0,1629.0,1515.0,8839.0
14854,3683.0,611.0,2058.0,9557.0
14855,18980.0,1836.0,2254.0,10640.0
14856,6415.0,849.0,1455.0,1999.0
14857,15575.0,1434.0,1138.0,6897.0
14858,3467.0,755.0,1117.0,4451.0
14859,3027.0,760.0,2156.0,2297.0
14860,3959.0,796.0,3808.0,11430.0
14861,3760.0,389.0,2328.0,4666.0
14862,56627.0,36559.0,1156396.0,726874.0
14863,4967.0,1390.0,1682.0,1264.0
14864,3308.0,1177.0,1830.0,17697.0
14865,6071.0,780.0,1572.0,5123.0
14866,10425.0,1379.0,3112.0,2202.0
14867,5229.0,321.0,300.0,8257.0
14868,3261.0,221.0,1314.0,3426.0
14869,15488.0,1990.0,2088.0,5097.0
14870,7364.0,946.0,1938.0,11494.0
14871,4187.0,1095.0,1927.0,7544.0
14872,3380.0,775.0,741.0,9870.0
14873,5324.0,821.0,2266.0,4191.0
14874,12910.0,580.0,2199.0,7783.0
14875,6805.0,755.0,2557.0,7403.0
14876,6041.0,545.0,1809.0,11993.0
14877,6072.0,1430.0,1646.0,5051.0
14878,4246.0,835.0,3006.0,10579.0
14879,8394.0,831.0,1128.0,2298.0
14880,2869.0,405.0,695.0,2859.0
14881,42964.0,2978.0,3142.0,6300.0
14882,4097.0,446.0,2530.0,7847.0
14883,7949.0,677.0,1783.0,8339.0
14884,8659.0,1495.0,1094.0,6700.0
14885,3057.0,723.0,2800.0,9897.0
14886,5714.0,804.0,1890.0,8759.0
14887,6232.0,1854.0,1184.0,11828.0
14888,3144.0,477.0,1697.0,7783.0
14889,6400.0,746.0,3409.0,6274.0
14890,2485.0,967.0,1051.0,2068.0
14891,2877.0,514.0,768.0,1226.0
14892,2833.0,364.0,1218.0,5660.0
14893,7804.0,3036.0,2070.0,6457.0
14894,6555.0,855.0,2307.0,8702.0
14895,20855.0,1891.0,1233.0,4845.0
14896,3544.0,551.0,1664.0,2704.0
14897,8158.0,1166.0,1579.0,394.0
14898,55217.0,4079.0,7107.0,7727.0
14899,13512.0,755.0,2534.0,9484.0
14900,13254.0,2042.0,2461.0,5179.0
14901,2991.0,203.0,2139.0,8502.0
14902,3401.0,790.0,2144.0,7091.0
14903,2544.0,596.0,1977.0,9141.0
14904,11268.0,1679.0,2310.0,12997.0
14905,2927.0,875.0,1459.0,10153.0
14906,39932.0,1211.0,4649.0,11126.0
14907,2682.0,303.0,1154.0,2403.0
14908,15649.0,603.0,1343.0,9109.0
14909,2936.0,300.0,833.0,6923.0
14910,21533.0,1287.0,1860.0,15905.0
14911,4873.0,925.0,1197.0,5116.0
14912,3369.0,904.0,1704.0,8155.0
14913,4565.0,1086.0,1895.0,10256.0
14914,2496.0,446.0,2354.0,7715.0
14915,26395.0,2176.0,2354.0,4848.0
14916,5079.0,847.0,3749.0,17847.0
14917,7808.0,999.0,1753.0,6428.0
14918,28380.0,1522.0,1383.0,7718.0
14919,5944.0,767.0,1688.0,5402.0
14920,3269.0,498.0,1536.0,9141.0
14921,3167.0,1095.0,1264.0,7572.0
14922,117819.0,6551.0,2014.0,15606.0
14923,2784.0,200.0,2087.0,1384.0
14924,5288.0,806.0,2474.0,8818.0
14925,22526.0,2639.0,1614.0,12822.0
14926,5067.0,889.0,223.0,8456.0
14927,12689.0,856.0,820.0,8740.0
14928,18343.0,2397.0,1652.0,5415.0
14929,21716.0,1852.0,2045.0,10025.0
14930,23296.0,1542.0,3266.0,17692.0
14931,4233.0,1008.0,2606.0,4707.0
14932,3617.0,847.0,476.0,7484.0
14933,3960.0,496.0,988.0,2630.0
14934,119976.0,9775.0,90335.0,206945.0
14935,4905.0,719.0,2251.0,4746.0
14936,9196.0,522.0,1004.0,10883.0
14937,7906.0,422.0,310.0,5685.0
14938,6613.0,1028.0,922.0,9588.0
14939,25485.0,1124.0,2072.0,9729.0
14940,6108.0,763.0,3685.0,10916.0
14941,11570.0,862.0,3094.0,9502.0
14942,5811.0,670.0,1725.0,5869.0
14943,2484.0,284.0,1998.0,11897.0
14944,4645.0,704.0,2895.0,6050.0
14945,21945.0,2731.0,1244.0,7608.0
14946,14580.0,782.0,942.0,14484.0
14947,40898.0,2393.0,2415.0,11961.0
14948,5286.0,1179.0,3205.0,2049.0
14949,14704.0,1335.0,611.0,990.0
14950,3699.0,1105.0,1919.0,10388.0
14951,4343.0,496.0,2332.0,8384.0
14952,4587.0,966.0,2307.0,8396.0
14953,4128.0,557.0,2046.0,3117.0
14954,3937.0,1609.0,171.0,988.0
14955,9539.0,1017.0,2862.0,7838.0
14956,4142.0,1059.0,1988.0,4835.0
14957,2930.0,636.0,946.0,1776.0
14958,2801.0,293.0,1718.0,8742.0
14959,11224.0,1769.0,2484.0,12025.0
14960,6466.0,712.0,1333.0,7903.0
14961,2888.0,631.0,1464.0,7157.0
14962,2519.0,219.0,915.0,4375.0
14963,5005.0,545.0,602.0,446.0
14964,13541.0,733.0,2237.0,10593.0
14965,59056.0,4332.0,1990.0,14418.0
14966,4916.0,704.0,1951.0,4568.0
14967,4559.0,537.0,1768.0,16264.0
14968,4519.0,639.0,1870.0,7057.0
14969,16340.0,1714.0,3286.0,12353.0
14970,3848.0,1011.0,1336.0,6014.0
14971,5397.0,483.0,1844.0,3149.0
14972,14060.0,3802.0,279193.0,257102.0
14973,2686.0,264.0,1419.0,1544.0
14974,7305.0,1034.0,2111.0,7695.0
14975,31170.0,4087.0,1244.0,9641.0
14976,20082.0,1204.0,1140.0,8528.0
14977,37467.0,2755.0,8276.0,6239.0
14978,26658.0,3676.0,1019.0,7840.0
14979,2918.0,942.0,1867.0,12686.0
14980,4084.0,481.0,2700.0,4867.0
14981,10169.0,5350.0,6032.0,16937.0
14982,33771.0,1093.0,2823.0,4743.0
14983,6498.0,456.0,1622.0,10691.0
14984,28708.0,1609.0,2670.0,14552.0
14985,4592.0,627.0,1569.0,2370.0
14986,13890.0,380.0,2016.0,7626.0
14987,38643.0,3289.0,2634.0,8335.0
14988,13093.0,1053.0,2297.0,7778.0
14989,104961.0,6386.0,147811.0,79185.0
14990,6422.0,466.0,2463.0,8224.0
14991,24676.0,2235.0,2908.0,12191.0
14992,36203.0,3017.0,9771.0,8603.0
14993,21351.0,1187.0,1715.0,11034.0
14994,3039.0,1048.0,718.0,12715.0
14995,27418.0,2594.0,1247.0,6516.0
14996,17250.0,1097.0,1626.0,6079.0
14997,15406.0,1274.0,2367.0,8437.0
14998,8193.0,1900.0,1362.0,7243.0
14999,2528.0,545.0,166.0,6140.0
15000,15143.0,746.0,2680.0,11995.0
15001,138235.0,56648.0,319470.0,263609.0
15002,7298.0,246.0,2172.0,5853.0
15003,5113.0,1030.0,1907.0,8401.0
15004,4045.0,463.0,2539.0,6691.0
15005,3759.0,201.0,1515.0,5372.0
15006,4554.0,551.0,668.0,4490.0
15007,4494.0,776.0,802.0,12286.0
15008,3939.0,418.0,2461.0,7517.0
15009,2528.0,426.0,2340.0,10155.0
15010,5169.0,960.0,2139.0,7442.0
15011,6891.0,956.0,651.0,7957.0
15012,11033.0,3170.0,1770.0,12629.0
15013,13133.0,2171.0,2675.0,7284.0
15014,12787.0,1183.0,1897.0,7383.0
15015,10321.0,1175.0,925.0,5271.0
15016,8729.0,343.0,3405.0,6601.0
15017,8720.0,1144.0,1984.0,9783.0
15018,3640.0,72.0,1561.0,8070.0
15019,4331.0,263.0,1645.0,8562.0
15020,17555.0,3132.0,3666.0,13204.0
15021,4816.0,229.0,1771.0,14840.0
15022,5562.0,162.0,3116.0,9638.0
15023,5808.0,1016.0,1808.0,5239.0
15024,8953.0,740.0,2899.0,3064.0
15025,13972.0,788.0,3925.0,7900.0
15026,5102.0,427.0,1664.0,4745.0
15027,28606.0,2817.0,242.0,9724.0
15028,3681.0,673.0,321.0,1506.0
15029,4457.0,799.0,1225.0,4692.0
15030,9423.0,944.0,2148.0,16792.0
15031,6035.0,391.0,2606.0,8191.0
15032,3477.0,690.0,1879.0,8181.0
15033,2958.0,166.0,1179.0,4961.0
15034,6237.0,775.0,1753.0,5267.0
15035,31639.0,1959.0,1540.0,6057.0
15036,5674.0,465.0,2075.0,7333.0
15037,10979.0,889.0,891.0,10036.0
15038,7219.0,1614.0,1506.0,8525.0
15039,11017.0,1273.0,1679.0,2513.0
15040,8830.0,2901.0,6694.0,5506.0
15041,20154.0,1748.0,3770.0,3239.0
15042,3151.0,985.0,680.0,3076.0
15043,4158.0,966.0,4930.0,11743.0
15044,3822.0,185.0,2286.0,634.0
15045,15909.0,1685.0,1476.0,9309.0
15046,39130.0,2645.0,1663.0,8254.0
15047,2716.0,1258.0,-0.0,9856.0
15048,13444.0,1524.0,2407.0,6637.0
15049,2945.0,648.0,-0.0,6112.0
15050,25808.0,1785.0,688.0,10907.0
15051,3594.0,474.0,2122.0,12381.0
15052,26293.0,5845.0,16225.0,15323.0
15053,27050.0,4194.0,4437.0,14334.0
15054,12017.0,554.0,2047.0,5369.0
15055,5141.0,725.0,2950.0,7350.0
15056,4735.0,892.0,3913.0,6048.0
15057,5082.0,519.0,1144.0,5990.0
15058,8756.0,1399.0,465.0,12870.0
15059,3482.0,584.0,-0.0,-0.0
15060,4568.0,853.0,488.0,5302.0
15061,8122.0,1369.0,2455.0,7274.0
15062,11989.0,1060.0,1078.0,10352.0
15063,7766.0,879.0,3052.0,12422.0
15064,3800.0,513.0,1909.0,12362.0
15065,2750.0,513.0,275.0,7015.0
15066,5870.0,798.0,1854.0,1361.0
15067,4929.0,630.0,1510.0,10934.0
15068,10863.0,439.0,873.0,11106.0
15069,20953.0,1889.0,2839.0,11402.0
15070,13797.0,440.0,3759.0,11875.0
15071,6518.0,809.0,3006.0,6123.0
15072,2689.0,695.0,268.0,10483.0
15073,5007.0,1749.0,1883.0,14690.0
15074,4006.0,601.0,3298.0,8282.0
15075,4251.0,463.0,594.0,564.0
15076,6425.0,901.0,2195.0,4690.0
15077,5845.0,662.0,2440.0,9567.0
15078,4235.0,673.0,974.0,5870.0
15079,3219.0,1169.0,1735.0,5323.0
15080,4131.0,406.0,1174.0,2916.0
15081,3191.0,1028.0,1267.0,6951.0
15082,6532.0,1002.0,2026.0,5704.0
15083,4001.0,1010.0,1846.0,10831.0
15084,5454.0,140.0,1310.0,8489.0
15085,30275.0,1851.0,1454.0,10027.0
15086,5153.0,1741.0,505.0,6300.0
15087,8444.0,675.0,2351.0,5004.0
15088,7665.0,1616.0,5.0,4497.0
15089,14371.0,1071.0,2361.0,6363.0
15090,4536.0,1189.0,272.0,4158.0
15091,4430.0,302.0,954.0,8491.0
15092,19152.0,2010.0,4569.0,11170.0
15093,2794.0,99.0,3100.0,3800.0
15094,22891.0,2153.0,2109.0,1470.0
15095,6283.0,303.0,1636.0,7496.0
15096,5643.0,864.0,1718.0,5938.0
15097,18576.0,1232.0,1476.0,9219.0
15098,2601.0,710.0,1367.0,8452.0
15099,21288.0,2308.0,1530.0,9541.0
15100,3172.0,436.0,1601.0,7787.0
15101,17807.0,2314.0,1629.0,4236.0
15102,3468.0,470.0,2437.0,8633.0
15103,12986.0,736.0,1719.0,7724.0
15104,5221.0,1305.0,1352.0,9397.0
15105,6599.0,569.0,1312.0,9462.0
15106,23051.0,1959.0,3936.0,2944.0
15107,3622.0,801.0,-0.0,10234.0
15108,6328.0,1106.0,1272.0,5091.0
15109,2463.0,17.0,1808.0,9656.0
15110,6859.0,787.0,1088.0,14295.0
15111,3880.0,766.0,1178.0,10453.0
15112,2565.0,1219.0,2394.0,10512.0
15113,19114.0,1436.0,774.0,6631.0
15114,15842.0,1037.0,1608.0,13576.0
15115,13981.0,2988.0,4249.0,2814.0
15116,5390.0,1004.0,1333.0,5870.0
15117,11897.0,606.0,2954.0,7035.0
15118,9805.0,496.0,3074.0,6882.0
15119,19346.0,1912.0,2665.0,2635.0
15120,5058.0,1340.0,1944.0,10871.0
15121,7392.0,537.0,2564.0,6803.0
15122,6365.0,637.0,3038.0,12596.0
15123,7207.0,1414.0,3997.0,6798.0
15124,18072.0,2027.0,2788.0,11500.0
15125,7114.0,421.0,2329.0,4872.0
15126,7155.0,968.0,2318.0,7783.0
15127,3811.0,694.0,2597.0,6662.0
15128,5402.0,1143.0,1946.0,10943.0
15129,3377.0,578.0,2092.0,6644.0
15130,11570.0,677.0,2530.0,9606.0
15131,63907.0,5295.0,2343.0,17755.0
15132,38271.0,3984.0,2446.0,8142.0
15133,37695.0,1352.0,540.0,10074.0
15134,4378.0,586.0,3584.0,4708.0
15135,3029.0,580.0,2425.0,8443.0
15136,7713.0,1126.0,1744.0,6725.0
15137,31877.0,2425.0,2004.0,4586.0
15138,4025.0,1179.0,786.0,7878.0
15139,6177.0,754.0,1975.0,10064.0
15140,21972.0,3496.0,2236.0,19740.0
15141,8288.0,1234.0,2819.0,8230.0
15142,6238.0,452.0,1835.0,3769.0
15143,23075.0,2635.0,17792.0,41502.0
15144,4476.0,610.0,951.0,1756.0
15145,4708.0,728.0,1874.0,13899.0
15146,3816.0,254.0,55.0,5514.0
15147,3635.0,388.0,3111.0,10893.0
15148,17910.0,1779.0,3898.0,6147.0
15149,5584.0,762.0,3568.0,4613.0
15150,3581.0,1132.0,1540.0,6737.0
15151,25040.0,2344.0,2936.0,7943.0
15152,20070.0,1369.0,1906.0,7348.0
15153,2749.0,322.0,364.0,9748.0
15154,2670.0,970.0,2096.0,12702.0
15155,6701.0,1021.0,3656.0,12733.0
15156,35000.0,2768.0,12394.0,7458.0
15157,5795.0,1129.0,3944.0,6347.0
15158,4436.0,683.0,4804.0,6882.0
15159,6672.0,1641.0,2585.0,4056.0
15160,7585.0,578.0,3680.0,1355.0
15161,3102.0,1005.0,532.0,5564.0
15162,6747.0,329.0,2613.0,6417.0
15163,12271.0,1209.0,2842.0,5885.0
15164,2684.0,525.0,2738.0,7777.0
15165,7574.0,742.0,2886.0,8661.0
15166,4116.0,441.0,928.0,12596.0
15167,3242.0,434.0,809.0,4934.0
15168,2804.0,594.0,140.0,8465.0
15169,22675.0,1833.0,1340.0,8203.0
15170,47445.0,3513.0,2791.0,12952.0
15171,4152.0,479.0,1716.0,4539.0
15172,4336.0,480.0,486.0,3722.0
15173,2504.0,310.0,1136.0,6646.0
15174,7470.0,1041.0,2669.0,6506.0
15175,17976.0,638.0,-0.0,22399.0
15176,4730.0,848.0,1647.0,7655.0
15177,4647.0,627.0,2451.0,1859.0
15178,6174.0,915.0,1540.0,4204.0
15179,4664.0,626.0,2047.0,3310.0
15180,28394.0,3189.0,3266.0,15557.0
15181,3005.0,729.0,1008.0,9118.0
15182,12788.0,3099.0,14715.0,17592.0
15183,4258.0,771.0,2158.0,6896.0
15184,41042.0,3265.0,9559.0,14848.0
15185,7089.0,944.0,1179.0,6489.0
15186,2701.0,448.0,2.0,2524.0
15187,6157.0,664.0,4807.0,11291.0
15188,3920.0,317.0,-0.0,4027.0
15189,5999.0,694.0,1899.0,10739.0
15190,19435.0,3530.0,7169.0,12149.0
15191,3240.0,301.0,3599.0,5872.0
15192,4206.0,1289.0,1646.0,10253.0
15193,5084.0,706.0,1648.0,11059.0
15194,22449.0,1335.0,700.0,9860.0
15195,4678.0,376.0,2633.0,6249.0
15196,5630.0,613.0,1523.0,7263.0
15197,5116.0,692.0,1616.0,9216.0
15198,4749.0,904.0,2479.0,2211.0
15199,4570.0,770.0,2297.0,4443.0
15200,9018.0,1925.0,2062.0,7878.0
15201,4308.0,294.0,379.0,4960.0
15202,22802.0,9374.0,34751.0,84189.0
15203,4565.0,406.0,735.0,1848.0
15204,24685.0,557.0,1870.0,9695.0
15205,3256.0,508.0,2383.0,2268.0
15206,5183.0,333.0,2309.0,6209.0
15207,8794.0,1593.0,140.0,3021.0
15208,12416.0,743.0,1591.0,13734.0
15209,8663.0,979.0,3368.0,4421.0
15210,8327.0,714.0,1038.0,9121.0
15211,20469.0,1977.0,2406.0,9947.0
15212,3130.0,596.0,1111.0,5351.0
15213,3598.0,834.0,1882.0,5945.0
15214,52946.0,5185.0,2897.0,13533.0
15215,4041.0,790.0,700.0,6296.0
15216,5856.0,742.0,2705.0,6697.0
15217,4594.0,479.0,1380.0,6716.0
15218,3691.0,643.0,292.0,3465.0
15219,4833.0,1435.0,2520.0,6445.0
15220,3626.0,245.0,525.0,9092.0
15221,9919.0,784.0,-0.0,3984.0
15222,21538.0,2062.0,1898.0,6094.0
15223,4915.0,715.0,2408.0,-0.0
15224,3493.0,350.0,1486.0,10189.0
15225,13059.0,1469.0,2334.0,7991.0
15226,2879.0,521.0,2270.0,11150.0
15227,5717.0,396.0,2612.0,12441.0
15228,6361.0,971.0,1843.0,8789.0
15229,2883.0,328.0,859.0,2799.0
15230,3616.0,341.0,1326.0,6357.0
15231,6961.0,458.0,2611.0,5328.0
15232,2491.0,717.0,1029.0,1203.0
15233,5644.0,886.0,2360.0,5268.0
15234,8532.0,937.0,1654.0,15975.0
15235,18373.0,1242.0,2999.0,10002.0
15236,5058.0,672.0,2374.0,5238.0
15237,4295.0,1026.0,-0.0,1443.0
15238,4770.0,516.0,1628.0,5953.0
15239,5577.0,1609.0,1918.0,8754.0
15240,5961.0,1071.0,1068.0,5586.0
15241,5176.0,812.0,1863.0,9387.0
15242,12595.0,478.0,4555.0,5255.0
15243,3879.0,600.0,1962.0,11867.0
15244,2644.0,386.0,1177.0,-0.0
15245,21898.0,2166.0,2511.0,5124.0
15246,6440.0,459.0,2855.0,-0.0
15247,6557.0,1127.0,1729.0,4295.0
15248,4217.0,319.0,2127.0,7828.0
15249,21483.0,2299.0,2830.0,7229.0
15250,14491.0,1494.0,412.0,1787.0
15251,27461.0,3081.0,2051.0,15606.0
15252,4147.0,1501.0,1561.0,3258.0
15253,3249.0,201.0,1927.0,7031.0
15254,4653.0,500.0,1621.0,5296.0
15255,3651.0,469.0,699.0,13845.0
15256,7075.0,829.0,1757.0,12353.0
15257,6047.0,1094.0,1327.0,440.0
15258,4891.0,951.0,1493.0,3533.0
15259,7531.0,1018.0,789.0,6428.0
15260,5221.0,407.0,1516.0,5082.0
15261,3196.0,520.0,1209.0,15114.0
15262,2671.0,406.0,3007.0,6205.0
15263,4542.0,550.0,2239.0,9446.0
15264,19715.0,1050.0,2110.0,16855.0
15265,4332.0,530.0,470.0,9823.0
15266,4412.0,175.0,2571.0,3366.0
15267,7767.0,831.0,1667.0,8332.0
15268,4391.0,656.0,1398.0,9823.0
15269,23334.0,1215.0,2985.0,4758.0
15270,133320.0,8489.0,6956.0,28621.0
15271,6996.0,833.0,2954.0,12284.0
15272,21116.0,1901.0,1885.0,5351.0
15273,6490.0,1082.0,3298.0,7065.0
15274,16120.0,2711.0,1513.0,5253.0
15275,5964.0,547.0,2999.0,5967.0
15276,2481.0,739.0,442.0,6451.0
15277,2908.0,118.0,1727.0,9066.0
15278,6420.0,958.0,2382.0,9405.0
15279,23920.0,2423.0,3389.0,6090.0
15280,32314.0,2833.0,2553.0,6807.0
15281,2487.0,180.0,1707.0,3520.0
15282,7268.0,700.0,1052.0,6600.0
15283,4900.0,1058.0,1947.0,2929.0
15284,7848.0,1382.0,1486.0,6433.0
15285,8703.0,708.0,1322.0,11362.0
15286,32227.0,2326.0,2985.0,13831.0
15287,4905.0,569.0,636.0,12662.0
15288,43226.0,15305.0,9257.0,24798.0
15289,4870.0,1468.0,2174.0,7233.0
15290,8764.0,810.0,1842.0,6611.0
15291,2540.0,622.0,1665.0,5600.0
15292,5899.0,1441.0,2015.0,8086.0
15293,4252.0,1063.0,553.0,9881.0
15294,5672.0,398.0,2440.0,11273.0
15295,20941.0,1951.0,1460.0,4294.0
15296,29835.0,4066.0,20227.0,46101.0
15297,6207.0,1255.0,3121.0,9563.0
15298,4266.0,1101.0,207.0,3543.0
15299,3220.0,635.0,1840.0,8311.0
15300,5661.0,886.0,1112.0,1127.0
15301,19887.0,966.0,4533.0,10100.0
15302,4004.0,603.0,1072.0,6896.0
15303,4887.0,634.0,2013.0,13973.0
15304,3909.0,154.0,2343.0,12127.0
15305,3088.0,218.0,1498.0,1785.0
15306,35997.0,4156.0,26917.0,47468.0
15307,3479.0,487.0,2453.0,2691.0
15308,6899.0,580.0,2309.0,7571.0
15309,3135.0,396.0,1604.0,9153.0
15310,8627.0,1205.0,1443.0,12181.0
15311,7052.0,424.0,803.0,5220.0
15312,5059.0,625.0,1417.0,5133.0
15313,36768.0,2874.0,1998.0,7727.0
15314,2719.0,858.0,608.0,2512.0
15315,4444.0,863.0,2386.0,6638.0
15316,8683.0,686.0,2718.0,7198.0
15317,3547.0,41.0,846.0,8462.0
15318,9398.0,1325.0,2219.0,2313.0
15319,7866.0,1418.0,2661.0,9583.0
15320,6518.0,635.0,1872.0,4064.0
15321,35539.0,2441.0,2998.0,7154.0
15322,5382.0,925.0,1276.0,5562.0
15323,4190.0,194.0,2868.0,7688.0
15324,11196.0,1435.0,1708.0,8255.0
15325,17193.0,1815.0,2548.0,8025.0
15326,6489.0,517.0,1427.0,4283.0
15327,10309.0,818.0,2983.0,5189.0
15328,6147.0,842.0,2495.0,5107.0
15329,10399.0,543.0,3962.0,4954.0
15330,3033.0,454.0,847.0,3417.0
15331,40022.0,2868.0,5084.0,4310.0
15332,3528.0,414.0,2062.0,13222.0
15333,1214978.0,436490.0,2259844.0,331593.0
15334,4869.0,1340.0,2631.0,7783.0
15335,13439.0,446.0,2057.0,2675.0
15336,7935.0,1168.0,1941.0,15018.0
15337,6221.0,1364.0,2439.0,10661.0
15338,30852.0,2635.0,2040.0,3800.0
15339,3809.0,684.0,601.0,1268.0
15340,7221.0,1280.0,446.0,3460.0
15341,3017.0,1004.0,2321.0,5778.0
15342,6241.0,862.0,2552.0,-0.0
15343,14459.0,1479.0,767.0,13344.0
15344,3087.0,1186.0,799.0,2786.0
15345,12239.0,1520.0,2548.0,3922.0
15346,5266.0,313.0,879.0,11622.0
15347,12204.0,1735.0,2176.0,9764.0
15348,2962.0,41.0,1449.0,5719.0
15349,11956.0,440.0,1056.0,2890.0
15350,4024.0,742.0,2050.0,10693.0
15351,2568.0,761.0,1556.0,6341.0
15352,5554.0,1032.0,1747.0,11556.0
15353,2893.0,885.0,7654.0,12407.0
15354,4371.0,2182.0,4877.0,13787.0
15355,20766.0,1150.0,1787.0,3861.0
15356,6491.0,484.0,1664.0,11098.0
15357,5234.0,688.0,1622.0,9275.0
15358,2595.0,324.0,2251.0,10357.0
15359,2572.0,850.0,1460.0,7648.0
15360,2586.0,33.0,1373.0,17018.0
15361,45007.0,2929.0,1762.0,5709.0
15362,20292.0,1667.0,1665.0,5707.0
15363,4605.0,835.0,1560.0,7302.0
15364,4441.0,145.0,881.0,5650.0
15365,63963.0,2702.0,1709.0,6074.0
15366,33258.0,3406.0,3210.0,7961.0
15367,18656.0,1270.0,2128.0,8561.0
15368,4299.0,189.0,2238.0,9544.0
15369,3357.0,1433.0,4508.0,3199.0
15370,4131.0,444.0,2482.0,8420.0
15371,5621.0,473.0,729.0,12544.0
15372,7966.0,759.0,1965.0,6969.0
15373,10100.0,1310.0,1374.0,11369.0
15374,23868.0,2646.0,3501.0,5885.0
15375,3616.0,551.0,1063.0,13099.0
15376,5576.0,451.0,2779.0,4020.0
15377,3964.0,982.0,31.0,321.0
15378,4190.0,650.0,1673.0,4790.0
15379,11455.0,814.0,2037.0,6415.0
15380,7252.0,1136.0,2045.0,3776.0
15381,8313.0,838.0,5002.0,14601.0
15382,3408.0,900.0,1297.0,1278.0
15383,12878.0,1781.0,1543.0,9413.0
15384,9180.0,935.0,2584.0,7011.0
15385,3239.0,302.0,2.0,2305.0
15386,8716.0,1037.0,2946.0,1455.0
15387,14550.0,803.0,1407.0,8310.0
15388,19012.0,1496.0,1849.0,17311.0
15389,4181.0,787.0,1636.0,6034.0
15390,6575.0,676.0,4068.0,2697.0
15391,4554.0,651.0,2996.0,10405.0
15392,77088.0,6986.0,2993.0,11337.0
15393,12405.0,1279.0,1926.0,6854.0
15394,6178.0,1049.0,2984.0,11538.0
15395,17697.0,2173.0,1584.0,8277.0
15396,5469.0,1120.0,1222.0,6839.0
15397,4638.0,1225.0,1749.0,11055.0
15398,20917.0,1474.0,2194.0,14479.0
15399,3681.0,344.0,1609.0,2050.0
15400,16840.0,1762.0,2218.0,8979.0
15401,8863.0,581.0,3920.0,8953.0
15402,4459.0,696.0,1820.0,4981.0
15403,11116.0,886.0,1439.0,7236.0
15404,6295.0,724.0,3119.0,8237.0
15405,4331.0,229.0,1233.0,9344.0
15406,2708.0,259.0,1159.0,6624.0
15407,6961.0,1306.0,1610.0,8501.0
15408,8338.0,1007.0,2878.0,10790.0
15409,6274.0,492.0,1287.0,4213.0
15410,3774.0,459.0,2356.0,9711.0
15411,5035.0,895.0,2885.0,6191.0
15412,4369.0,763.0,2710.0,10730.0
15413,8610.0,790.0,2126.0,5314.0
15414,3726.0,274.0,-0.0,8983.0
15415,30447.0,2683.0,7541.0,8788.0
15416,25698.0,2107.0,1722.0,10937.0
15417,8866.0,717.0,2175.0,6519.0
15418,4524.0,654.0,1421.0,3508.0
15419,38418.0,3786.0,2014.0,19440.0
15420,2721.0,361.0,1505.0,2078.0
15421,5951.0,1151.0,2229.0,13112.0
15422,3892.0,591.0,1651.0,6588.0
15423,23946.0,3301.0,81982.0,79389.0
15424,4923.0,604.0,1489.0,15882.0
15425,30236.0,1624.0,2557.0,7363.0
15426,7924.0,1227.0,-0.0,8069.0
15427,3508.0,495.0,2497.0,8367.0
15428,3880.0,784.0,865.0,6009.0
15429,6203.0,770.0,1121.0,10982.0
15430,3589.0,132.0,2361.0,10639.0
15431,2580.0,107.0,2206.0,8193.0
15432,31339.0,2071.0,3420.0,6078.0
15433,7373.0,1046.0,1304.0,5795.0
15434,5272.0,935.0,3683.0,13875.0
15435,6462.0,647.0,1466.0,5681.0
15436,17666.0,1077.0,1722.0,5651.0
15437,4697.0,1124.0,1284.0,4106.0
15438,43103.0,2845.0,2643.0,6997.0
15439,4908.0,649.0,1915.0,8235.0
15440,58168.0,7501.0,12172.0,33628.0
15441,3516.0,139.0,1775.0,13412.0
15442,3020.0,189.0,1053.0,5265.0
15443,23780.0,3443.0,1523.0,10696.0
15444,6757.0,655.0,2864.0,9127.0
15445,6167.0,671.0,1936.0,8409.0
15446,13393.0,1324.0,1306.0,4129.0
15447,2781.0,778.0,2409.0,9682.0
15448,4700.0,752.0,2267.0,11574.0
15449,12845.0,602.0,1180.0,10435.0
15450,3503.0,981.0,2289.0,-0.0
15451,42110.0,2929.0,7337.0,8762.0
15452,3346.0,377.0,1926.0,8847.0
15453,21563.0,2002.0,2084.0,11116.0
15454,22346.0,1452.0,1327.0,9590.0
15455,44971.0,3219.0,3957.0,5489.0
15456,21115.0,2067.0,1528.0,6276.0
15457,20646.0,3188.0,2547.0,10324.0
15458,4514.0,777.0,924.0,9841.0
15459,5462.0,541.0,2271.0,3037.0
15460,6476.0,351.0,1973.0,3380.0
15461,8234.0,1017.0,2096.0,6074.0
15462,53214.0,3566.0,2986.0,21485.0
15463,3613.0,731.0,799.0,2168.0
15464,10554.0,1989.0,1670.0,8333.0
15465,34656.0,8304.0,54966.0,58169.0
15466,5833.0,884.0,1796.0,3817.0
15467,3019.0,76.0,2871.0,4958.0
15468,7720.0,751.0,1737.0,3549.0
15469,8404.0,645.0,1279.0,8974.0
15470,2613.0,844.0,3181.0,7275.0
15471,3351.0,371.0,1259.0,3732.0
15472,32383.0,3925.0,2392.0,6621.0
15473,7156.0,441.0,3432.0,15136.0
15474,20078.0,2426.0,1673.0,5028.0
15475,3303.0,122.0,865.0,4623.0
15476,2486.0,977.0,916.0,3482.0
15477,34957.0,4776.0,2961.0,8204.0
15478,6561.0,707.0,1997.0,9579.0
15479,6065.0,1076.0,1985.0,8857.0
15480,9995.0,1370.0,1507.0,6177.0
15481,5030.0,768.0,843.0,3535.0
15482,3460.0,463.0,-0.0,6362.0
15483,10417.0,1603.0,2234.0,5688.0
15484,5896.0,309.0,2897.0,8564.0
15485,2727.0,479.0,1634.0,3431.0
15486,7133.0,752.0,1922.0,533.0
15487,3266.0,530.0,1038.0,3802.0
15488,5571.0,540.0,2523.0,11909.0
15489,5245.0,518.0,2009.0,8226.0
15490,4423.0,432.0,1328.0,742.0
15491,2538.0,716.0,1819.0,9985.0
15492,3590.0,889.0,2244.0,6080.0
15493,26916.0,2025.0,3671.0,4559.0
15494,7071.0,499.0,3863.0,8643.0
15495,14061.0,2723.0,2386.0,6249.0
15496,6280.0,301.0,3172.0,8476.0
15497,9204.0,1703.0,1351.0,4603.0
15498,4008.0,646.0,2545.0,4439.0
15499,8541.0,874.0,537.0,8615.0
15500,7462.0,1022.0,2680.0,9946.0
15501,7235.0,1930.0,1386.0,4277.0
15502,3034.0,837.0,3119.0,1941.0
15503,6146.0,953.0,1903.0,9555.0
15504,10094.0,1238.0,1998.0,7464.0
15505,5349.0,446.0,1993.0,8531.0
15506,4215.0,481.0,855.0,1671.0
15507,4162.0,610.0,-0.0,1975.0
15508,2587.0,926.0,421.0,10751.0
15509,2961.0,551.0,1396.0,12065.0
15510,5593.0,1028.0,2277.0,13880.0
15511,6338.0,1536.0,1383.0,5120.0
15512,3119.0,440.0,1946.0,3073.0
15513,2616.0,154.0,841.0,4411.0
15514,5808.0,1233.0,2646.0,4636.0
15515,3151.0,1141.0,2594.0,8169.0
15516,18872.0,1687.0,2322.0,7469.0
15517,5842.0,2820.0,3987.0,15222.0
15518,4299.0,854.0,445.0,9444.0
15519,2738.0,498.0,-0.0,12616.0
15520,13219.0,1073.0,1655.0,13606.0
15521,2471.0,510.0,1191.0,6306.0
15522,4086.0,1177.0,3319.0,2505.0
15523,4015.0,768.0,2745.0,6253.0
15524,5946.0,1466.0,2001.0,14683.0
15525,23788.0,2084.0,2545.0,7228.0
15526,4377.0,1060.0,724.0,5540.0
15527,24424.0,2056.0,2291.0,10483.0
15528,4505.0,1316.0,4325.0,8452.0
15529,27735.0,1374.0,4251.0,9648.0
15530,2734.0,574.0,1513.0,8844.0
15531,2858.0,397.0,2888.0,8619.0
15532,35065.0,2417.0,2001.0,11179.0
15533,4253.0,776.0,-0.0,-0.0
15534,32535.0,2039.0,2652.0,15073.0
15535,2679.0,83.0,1447.0,-0.0
15536,23419.0,1376.0,1590.0,11848.0
15537,22520.0,3227.0,20172.0,39384.0
15538,3036.0,509.0,2581.0,7212.0
15539,29293.0,1746.0,2846.0,7740.0
15540,4587.0,1022.0,1826.0,8368.0
15541,2888.0,371.0,2730.0,4807.0
15542,3432.0,1266.0,2232.0,6190.0
15543,7985.0,883.0,2333.0,16838.0
15544,7533.0,705.0,2958.0,5423.0
15545,2485.0,1493.0,476.0,6426.0
15546,4871.0,945.0,1506.0,13113.0
15547,5622.0,531.0,734.0,14609.0
15548,3574.0,333.0,2170.0,4754.0
15549,5535.0,1008.0,848.0,14922.0
15550,8376.0,22.0,366.0,14108.0
15551,5267.0,596.0,1028.0,5902.0
15552,23008.0,1544.0,1772.0,6230.0
15553,19891.0,3022.0,40791.0,65270.0
15554,21287.0,2309.0,2880.0,6212.0
15555,21655.0,1876.0,3376.0,5822.0
15556,38780.0,2642.0,7107.0,8998.0
15557,5825.0,603.0,1137.0,4850.0
15558,3300.0,987.0,1040.0,3295.0
15559,4630.0,755.0,4028.0,10285.0
15560,21044.0,1001.0,2583.0,13372.0
15561,8022.0,1297.0,1843.0,12145.0
15562,11795.0,1211.0,325.0,5156.0
15563,4420.0,521.0,1050.0,3175.0
15564,42825.0,2800.0,7908.0,44666.0
15565,3837.0,826.0,3068.0,4413.0
15566,4001.0,475.0,-0.0,11512.0
15567,39412.0,3118.0,4266.0,9517.0
15568,5735.0,1213.0,1929.0,9680.0
15569,7491.0,731.0,1802.0,8488.0
15570,4679.0,691.0,3196.0,10789.0
15571,3074.0,685.0,2089.0,9953.0
15572,9274.0,1192.0,2850.0,4273.0
15573,16253.0,2603.0,1360.0,7453.0
15574,7173.0,1116.0,2778.0,10529.0
15575,4524.0,539.0,802.0,3782.0
15576,9242.0,919.0,-0.0,7202.0
15577,16483.0,1118.0,1119.0,7285.0
15578,5594.0,694.0,947.0,4857.0
15579,3117.0,1234.0,423.0,1966.0
15580,3684.0,681.0,867.0,5474.0
15581,35443.0,2931.0,11475.0,15066.0
15582,4831.0,427.0,1804.0,8827.0
15583,2809.0,114.0,1251.0,5826.0
15584,4818.0,654.0,939.0,6853.0
15585,3663.0,943.0,699.0,4447.0
15586,21110.0,2125.0,2764.0,7731.0
15587,3829.0,831.0,2196.0,3226.0
15588,4628.0,336.0,2456.0,4753.0
15589,3387.0,973.0,1803.0,6016.0
15590,20541.0,1409.0,1815.0,8596.0
15591,43011.0,3611.0,28007.0,34783.0
15592,3592.0,974.0,1971.0,4230.0
15593,4175.0,749.0,2691.0,11418.0
15594,7973.0,939.0,1938.0,8112.0
15595,20193.0,1531.0,2393.0,11970.0
15596,41766.0,2711.0,1651.0,6598.0
15597,4374.0,769.0,3835.0,4404.0
15598,42126.0,3706.0,3623.0,6909.0
15599,13828.0,1105.0,-0.0,5521.0
15600,6981.0,881.0,2098.0,6789.0
15601,22958.0,3930.0,10186.0,14525.0
15602,2623.0,941.0,2471.0,4648.0
15603,4802.0,442.0,946.0,12894.0
15604,28135.0,1775.0,3064.0,10521.0
15605,30198.0,2720.0,24983.0,8411.0
15606,32195.0,3485.0,2931.0,5031.0
15607,3746.0,761.0,2073.0,13248.0
15608,4185.0,316.0,1817.0,8904.0
15609,3243.0,485.0,1184.0,7258.0
15610,6360.0,1323.0,1767.0,4180.0
15611,5267.0,404.0,1549.0,10453.0
15612,12811.0,1406.0,1634.0,2959.0
15613,4144.0,420.0,1957.0,7798.0
15614,3961.0,721.0,3482.0,9120.0
15615,12773.0,1831.0,2543.0,9079.0
15616,9575.0,1485.0,45.0,14812.0
15617,2509.0,556.0,1553.0,2614.0
15618,86319.0,44803.0,54533.0,95747.0
15619,9006.0,314.0,3031.0,10173.0
15620,17651.0,1874.0,616.0,6206.0
15621,7443.0,654.0,2409.0,6134.0
15622,29526.0,2742.0,2205.0,14239.0
15623,3696.0,567.0,1907.0,5830.0
15624,5092.0,613.0,485.0,-0.0
15625,4976.0,700.0,1743.0,8433.0
15626,4799.0,441.0,1177.0,4231.0
15627,8152.0,1023.0,1357.0,13797.0
15628,2921.0,233.0,2539.0,16618.0
15629,4185.0,353.0,2907.0,10464.0
15630,4248.0,748.0,1911.0,4466.0
15631,2879.0,783.0,1362.0,8326.0
15632,17918.0,1915.0,1107.0,3819.0
15633,13063.0,1170.0,3575.0,9908.0
15634,5341.0,831.0,2254.0,8966.0
15635,6544.0,266.0,-0.0,2787.0
15636,12459.0,882.0,2839.0,5343.0
15637,24430.0,1141.0,1997.0,5330.0
15638,32440.0,1960.0,4991.0,10995.0
15639,12147.0,2388.0,2284.0,6659.0
15640,7133.0,1275.0,1195.0,11146.0
15641,4205.0,1142.0,3024.0,7031.0
15642,9241.0,737.0,1607.0,7488.0
15643,4514.0,643.0,649.0,7113.0
15644,16985.0,904.0,1791.0,2194.0
15645,4463.0,695.0,2226.0,13604.0
15646,3500.0,103.0,5011.0,13324.0
15647,3123.0,248.0,2119.0,5471.0
15648,52779.0,2965.0,2301.0,7193.0
15649,3715.0,1016.0,1755.0,7684.0
15650,5555.0,787.0,3982.0,15127.0
15651,22382.0,1406.0,3121.0,7661.0
15652,10866.0,644.0,2945.0,3479.0
15653,22059.0,2078.0,1742.0,4921.0
15654,3218.0,911.0,1601.0,4998.0
15655,5906.0,2017.0,1246.0,9687.0
15656,36256.0,15984.0,15457.0,104520.0
15657,9483.0,988.0,1232.0,14306.0
15658,3713.0,303.0,2033.0,1486.0
15659,13743.0,889.0,754.0,5327.0
15660,30844.0,2156.0,3367.0,11122.0
15661,20388.0,1819.0,1211.0,7340.0
15662,3986.0,364.0,1824.0,2147.0
15663,18604.0,1763.0,5257.0,8661.0
15664,3333.0,437.0,828.0,4504.0
15665,16638.0,1191.0,2283.0,9077.0
15666,3927.0,414.0,2330.0,12827.0
15667,5494.0,790.0,1311.0,13393.0
15668,17550.0,2246.0,5236.0,16283.0
15669,4180.0,651.0,1329.0,-0.0
15670,13277.0,1230.0,2705.0,11912.0
15671,7213.0,939.0,1221.0,14335.0
15672,3347.0,689.0,1705.0,8411.0
15673,6736.0,235.0,1244.0,4807.0
15674,3745.0,642.0,2416.0,3151.0
15675,4604.0,596.0,1105.0,8373.0
15676,7872.0,1023.0,2052.0,14586.0
15677,22202.0,3185.0,2600.0,8200.0
15678,21173.0,1698.0,1920.0,5582.0
15679,23135.0,1882.0,2144.0,8351.0
15680,3587.0,848.0,2575.0,19606.0
15681,18631.0,1396.0,1743.0,5171.0
15682,2866.0,1151.0,2205.0,12775.0
15683,7277.0,815.0,1314.0,2680.0
15684,3750.0,255.0,1049.0,8694.0
15685,4594.0,729.0,858.0,12076.0
15686,4750.0,530.0,534.0,8247.0
15687,13665.0,1350.0,4565.0,10204.0
15688,3970.0,260.0,715.0,3974.0
15689,3260.0,615.0,1770.0,10908.0
15690,3596.0,597.0,2091.0,17688.0
15691,3461.0,398.0,524.0,8053.0
15692,21740.0,3004.0,2062.0,13677.0
15693,4169.0,315.0,1849.0,11646.0
15694,5729.0,722.0,2574.0,3998.0
15695,4594.0,497.0,1851.0,8327.0
15696,3935.0,466.0,2451.0,10319.0
15697,13948.0,2009.0,1875.0,7627.0
15698,2702.0,421.0,1013.0,10223.0
15699,5081.0,527.0,2297.0,4446.0
15700,4275.0,631.0,1439.0,8646.0
15701,12881.0,2025.0,3007.0,9567.0
15702,5964.0,1268.0,1365.0,13284.0
15703,3720.0,244.0,2190.0,8538.0
15704,6888.0,983.0,2248.0,5762.0
15705,12842.0,1159.0,3088.0,6003.0
15706,4922.0,704.0,2548.0,1492.0
15707,7073.0,1269.0,3504.0,10936.0
15708,12788.0,1531.0,1882.0,4348.0
15709,6885.0,774.0,629.0,6875.0
15710,42535.0,4349.0,62285.0,32255.0
15711,2586.0,87.0,1816.0,4862.0
15712,4581.0,890.0,920.0,15317.0
15713,4823.0,278.0,1545.0,4086.0
15714,8652.0,995.0,3073.0,9685.0
15715,5291.0,721.0,1630.0,-0.0
15716,4621.0,684.0,1872.0,4003.0
15717,9129.0,5547.0,51952.0,27348.0
15718,4933.0,623.0,2670.0,4970.0
15719,4433.0,192.0,3202.0,18405.0
15720,5147.0,815.0,2409.0,15852.0
15721,2648.0,1349.0,1337.0,21049.0
15722,13220.0,496.0,1999.0,5823.0
15723,60431.0,6943.0,9936.0,84332.0
15724,4738.0,1113.0,1953.0,9890.0
15725,25545.0,1528.0,4234.0,7973.0
15726,5738.0,399.0,1385.0,7442.0
15727,11020.0,894.0,3245.0,8583.0
15728,18799.0,751.0,2138.0,9366.0
15729,16522.0,1153.0,2108.0,1486.0
15730,4738.0,763.0,1808.0,4233.0
15731,6628.0,513.0,1362.0,12978.0
15732,14928.0,2120.0,1411.0,8967.0
15733,9513.0,1227.0,4272.0,11581.0
15734,4117.0,49.0,988.0,2482.0
15735,3951.0,1692.0,2569.0,4751.0
15736,5589.0,987.0,3803.0,4576.0
15737,26893.0,1785.0,942.0,5551.0
15738,14738.0,2224.0,3610.0,8711.0
15739,4439.0,613.0,786.0,8130.0
15740,8785.0,1424.0,2271.0,6242.0
15741,2571.0,1190.0,2177.0,14151.0
15742,33131.0,3388.0,781.0,7543.0
15743,32250.0,1709.0,1507.0,9640.0
15744,6271.0,738.0,3144.0,10615.0
15745,24190.0,1821.0,3231.0,12528.0
15746,4432.0,818.0,2934.0,-0.0
15747,5141.0,1042.0,1755.0,10177.0
15748,14411.0,1176.0,2788.0,9072.0
15749,5656.0,861.0,1178.0,1632.0
15750,165683.0,43698.0,17836.0,382668.0
15751,4036.0,1494.0,1007.0,5340.0
15752,4853.0,1431.0,2757.0,7630.0
15753,7950.0,1010.0,3605.0,4158.0
15754,5435.0,473.0,2408.0,6706.0
15755,3454.0,307.0,1631.0,560.0
15756,7275.0,1078.0,785.0,6835.0
15757,9629.0,914.0,2459.0,4752.0
15758,2504.0,304.0,1512.0,14513.0
15759,6612.0,834.0,987.0,6647.0
15760,21201.0,1715.0,1965.0,6529.0
15761,6812.0,1362.0,600.0,3165.0
15762,4944.0,714.0,2225.0,8114.0
15763,5824.0,837.0,1285.0,176.0
15764,2806.0,582.0,5.0,4627.0
15765,4681.0,1236.0,2025.0,8820.0
15766,6217.0,378.0,2788.0,9940.0
15767,16263.0,1005.0,2679.0,10014.0
15768,6754.0,884.0,1144.0,11196.0
15769,3504.0,493.0,248.0,1630.0
15770,29363.0,2521.0,2829.0,9687.0
15771,31161.0,3041.0,17023.0,28013.0
15772,14362.0,1015.0,2279.0,5245.0
15773,13715.0,797.0,1920.0,15919.0
15774,27160.0,2484.0,21419.0,50332.0
15775,3027.0,294.0,1117.0,9739.0
15776,4602.0,152.0,1190.0,8920.0
15777,3126.0,412.0,6.0,10882.0
15778,5473.0,1473.0,2764.0,8346.0
15779,32404.0,2669.0,4522.0,6888.0
15780,36161.0,4346.0,3277.0,4455.0
15781,7425.0,752.0,2837.0,8612.0
15782,5026.0,530.0,2465.0,9744.0
15783,4556.0,1046.0,681.0,1471.0
15784,4261.0,449.0,1166.0,8080.0
15785,5142.0,895.0,1207.0,4908.0
15786,18752.0,1212.0,2443.0,2870.0
15787,9694.0,1708.0,1872.0,5600.0
15788,4129.0,1059.0,3147.0,9673.0
15789,3502.0,281.0,1457.0,3691.0
15790,5005.0,293.0,484.0,7305.0
15791,56384.0,4501.0,2479.0,10017.0
15792,15328.0,790.0,2398.0,12341.0
15793,22167.0,1368.0,4458.0,10090.0
15794,6491.0,707.0,1283.0,10135.0
15795,33056.0,1756.0,1503.0,9673.0
15796,6776.0,203.0,4842.0,3723.0
15797,46548.0,4112.0,3966.0,12090.0
15798,4362.0,774.0,2160.0,8907.0
15799,5766.0,1087.0,1686.0,6000.0
15800,9101.0,487.0,1257.0,7194.0
15801,3400.0,255.0,1067.0,3182.0
15802,2823.0,791.0,2687.0,3939.0
15803,2478.0,678.0,1664.0,12174.0
15804,6576.0,1078.0,1481.0,7124.0
15805,5465.0,697.0,2563.0,11880.0
15806,9532.0,1938.0,1780.0,5534.0
15807,6546.0,1082.0,3467.0,8723.0
15808,5367.0,1253.0,1077.0,9412.0
15809,6290.0,764.0,1570.0,7102.0
15810,2769.0,1091.0,3107.0,5167.0
15811,13839.0,1333.0,2185.0,8792.0
15812,5679.0,1259.0,2789.0,8525.0
15813,6268.0,833.0,2901.0,3384.0
15814,21473.0,1583.0,1977.0,6069.0
15815,23488.0,2111.0,1747.0,10896.0
15816,2653.0,70.0,1653.0,10869.0
15817,3563.0,499.0,-0.0,3718.0
15818,7933.0,585.0,1550.0,7973.0
15819,22447.0,1914.0,2608.0,8104.0
15820,6261.0,649.0,-0.0,-0.0
15821,13130.0,794.0,1742.0,10074.0
15822,5510.0,1506.0,1709.0,7247.0
15823,26941.0,2794.0,896.0,10536.0
15824,5445.0,388.0,8.0,7043.0
15825,4798.0,450.0,3367.0,3914.0
15826,3533.0,857.0,1471.0,5079.0
15827,6360.0,331.0,2786.0,1269.0
15828,25925.0,8843.0,9884.0,20855.0
15829,5700.0,1636.0,2580.0,5356.0
15830,4266.0,435.0,2889.0,8636.0
15831,4448.0,920.0,1901.0,17337.0
15832,3901.0,1020.0,2299.0,1766.0
15833,14871.0,1927.0,3778.0,11108.0
15834,2984.0,1550.0,64490.0,29571.0
15835,3875.0,389.0,1258.0,7659.0
15836,9688.0,904.0,1463.0,11857.0
15837,6839.0,23.0,2898.0,3417.0
15838,4126.0,928.0,-0.0,2058.0
15839,14143.0,577.0,2242.0,5152.0
15840,6766.0,1183.0,1112.0,8654.0
15841,6850.0,339.0,2611.0,12407.0
15842,3051.0,60.0,1666.0,11822.0
15843,4197.0,406.0,2120.0,1264.0
15844,2933.0,431.0,2825.0,2711.0
15845,7249.0,628.0,1279.0,7793.0
15846,7235.0,327.0,1756.0,12285.0
15847,6765.0,678.0,1106.0,8391.0
15848,28517.0,2789.0,7365.0,10113.0
15849,6556.0,1002.0,644.0,868.0
15850,4949.0,905.0,3100.0,7300.0
15851,3492.0,727.0,1500.0,5521.0
15852,3957.0,289.0,990.0,4485.0
15853,17624.0,1770.0,1065.0,5472.0
15854,5395.0,819.0,2697.0,15442.0
15855,4695.0,910.0,2689.0,2103.0
15856,5214.0,319.0,979.0,5721.0
15857,4784.0,800.0,2326.0,190.0
15858,22763.0,1684.0,1396.0,10764.0
15859,3139.0,302.0,1823.0,8158.0
15860,14038.0,2053.0,1459.0,5281.0
15861,22602.0,1529.0,3233.0,10793.0
15862,6934.0,3028.0,2590.0,9501.0
15863,7593.0,584.0,3979.0,10227.0
15864,3527.0,1395.0,1772.0,5729.0
15865,3165.0,351.0,3234.0,3224.0
15866,3712.0,1197.0,1481.0,974.0
15867,5623.0,710.0,1993.0,8143.0
15868,3851.0,424.0,1199.0,10893.0
15869,4260.0,412.0,2148.0,7619.0
15870,2916.0,560.0,2232.0,3674.0
15871,15124.0,1132.0,1248.0,6741.0
15872,4355.0,583.0,2279.0,7381.0
15873,4440.0,529.0,3882.0,12769.0
15874,4923.0,1814.0,1794.0,8716.0
15875,17094.0,960.0,3769.0,14368.0
15876,4613.0,487.0,1931.0,6382.0
15877,55676.0,3524.0,3570.0,12917.0
15878,2578.0,547.0,2639.0,15022.0
15879,7607.0,677.0,2640.0,8154.0
15880,29574.0,3011.0,22915.0,44632.0
15881,11294.0,1391.0,3038.0,8084.0
15882,13103.0,1392.0,2907.0,9122.0
15883,4485.0,268.0,655.0,4441.0
15884,2714.0,38.0,1680.0,5087.0
15885,7298.0,1284.0,697.0,3500.0
15886,83107.0,9098.0,31785.0,40381.0
15887,4063.0,418.0,1405.0,15157.0
15888,6183.0,879.0,1998.0,10009.0
15889,4069.0,449.0,5678.0,9779.0
15890,4466.0,643.0,1080.0,2706.0
15891,5620.0,621.0,717.0,707.0
15892,29032.0,1569.0,4703.0,8492.0
15893,5326.0,357.0,1980.0,11890.0
15894,6205.0,626.0,653.0,11275.0
15895,3936.0,642.0,1989.0,12451.0
15896,23782.0,1950.0,2400.0,7450.0
15897,6392.0,511.0,1942.0,7968.0
15898,7408.0,631.0,597.0,4700.0
15899,5337.0,670.0,2847.0,11602.0
15900,7580.0,611.0,4006.0,3091.0
15901,5402.0,769.0,457.0,1883.0
15902,13872.0,979.0,1162.0,11101.0
15903,4488.0,738.0,2616.0,8398.0
15904,4112.0,430.0,3086.0,7256.0
15905,3600.0,567.0,731.0,8093.0
15906,5360.0,1585.0,1112.0,3593.0
15907,8185.0,1181.0,1345.0,9315.0
15908,13468.0,1989.0,1488.0,14672.0
15909,11899.0,1510.0,251.0,3208.0
15910,23916.0,1417.0,3182.0,8364.0
15911,4610.0,1107.0,1590.0,8578.0
15912,42217.0,2286.0,1158.0,9078.0
15913,2468.0,135.0,2627.0,6181.0
15914,10961.0,906.0,907.0,-0.0
15915,5002.0,204.0,4175.0,2751.0
15916,2486.0,196.0,1881.0,5224.0
15917,25008.0,1280.0,3250.0,4635.0
15918,45192.0,3672.0,2408.0,12321.0
15919,8272.0,769.0,1765.0,4429.0
15920,2575.0,151.0,3285.0,7451.0
15921,6135.0,874.0,3117.0,11102.0
15922,3665.0,123.0,2251.0,6362.0
15923,4601.0,508.0,1371.0,6444.0
15924,6776.0,1352.0,1205.0,7853.0
15925,14080.0,1124.0,1415.0,7485.0
15926,55989.0,2870.0,2064.0,9408.0
15927,3007.0,292.0,1715.0,7892.0
15928,15534.0,1631.0,3857.0,6385.0
15929,3637.0,946.0,2597.0,4912.0
15930,15660.0,1183.0,2086.0,13603.0
15931,4355.0,925.0,1326.0,3417.0
15932,16932.0,1142.0,2075.0,-0.0
15933,4883.0,681.0,3227.0,9136.0
15934,10687.0,777.0,1129.0,11521.0
15935,5056.0,432.0,854.0,16345.0
15936,5953.0,461.0,8.0,9892.0
15937,5207.0,470.0,1599.0,2385.0
15938,5751.0,1397.0,3442.0,8204.0
15939,5761.0,467.0,559.0,3522.0
15940,4327.0,390.0,2403.0,10398.0
15941,23726.0,2002.0,2151.0,7637.0
15942,9016.0,638.0,2565.0,12213.0
15943,4315.0,806.0,1394.0,6176.0
15944,3944.0,371.0,2909.0,6112.0
15945,7788.0,799.0,3763.0,9666.0
15946,4503.0,749.0,3360.0,3373.0
15947,3114.0,1233.0,2414.0,2681.0
15948,2604.0,665.0,2923.0,4514.0
15949,8017.0,888.0,2274.0,4521.0
15950,5152.0,506.0,1668.0,9783.0
15951,5790.0,648.0,2835.0,7586.0
15952,9639.0,1752.0,664.0,409.0
15953,12938.0,1085.0,1837.0,7743.0
15954,17547.0,2068.0,5508.0,10666.0
15955,4093.0,425.0,2063.0,5965.0
15956,6011.0,760.0,3415.0,5008.0
15957,5464.0,1043.0,2102.0,4898.0
15958,8793.0,1304.0,2163.0,-0.0
15959,6100.0,1013.0,2794.0,5525.0
15960,2603.0,1039.0,1191.0,7292.0
15961,3988.0,667.0,1605.0,8178.0
15962,3762.0,875.0,1907.0,290.0
15963,32674.0,2108.0,7295.0,18765.0
15964,2895.0,160.0,2140.0,13044.0
15965,10462.0,669.0,1314.0,11848.0
15966,9417.0,1177.0,1858.0,6359.0
15967,4262.0,559.0,2841.0,10024.0
15968,2869.0,592.0,1582.0,3891.0
15969,5669.0,1075.0,3035.0,6030.0
15970,8990.0,854.0,833.0,13074.0
15971,32876.0,3622.0,1799.0,8815.0
15972,4221.0,1800.0,981.0,13277.0
15973,5733.0,1732.0,704.0,11292.0
15974,3622.0,812.0,2189.0,5699.0
15975,3867.0,554.0,1060.0,7007.0
15976,5362.0,424.0,1361.0,6394.0
15977,5178.0,573.0,1531.0,7898.0
15978,3271.0,1047.0,2025.0,5899.0
15979,6002.0,664.0,2421.0,5753.0
15980,3980.0,1139.0,2776.0,5199.0
15981,8365.0,673.0,3563.0,1771.0
15982,6854.0,591.0,653.0,5596.0
15983,66545.0,5564.0,3299.0,16740.0
15984,4151.0,599.0,1575.0,7375.0
15985,44474.0,6786.0,17022.0,19699.0
15986,3243.0,1050.0,894.0,8289.0
15987,4314.0,605.0,1727.0,10857.0
15988,5284.0,412.0,1874.0,15487.0
15989,6672.0,431.0,3655.0,14853.0
15990,5953.0,833.0,780.0,11295.0
15991,3165.0,474.0,2639.0,9904.0
15992,56610.0,3313.0,6632.0,23320.0
15993,8785.0,1207.0,1334.0,2828.0
15994,3784.0,496.0,1611.0,3623.0
15995,4205.0,730.0,1681.0,625.0
15996,7161.0,819.0,4808.0,7286.0
15997,3978.0,720.0,3615.0,13660.0
15998,5060.0,693.0,1922.0,13536.0
15999,12435.0,2384.0,3707.0,14624.0
16000,5480.0,499.0,2124.0,13430.0
16001,5143.0,396.0,1115.0,4685.0
16002,16503.0,1572.0,2490.0,9639.0
16003,5544.0,590.0,1515.0,6564.0
16004,30537.0,2347.0,2947.0,10514.0
16005,46698.0,3230.0,2307.0,7720.0
16006,12004.0,1626.0,1946.0,9168.0
16007,8411.0,1406.0,1378.0,7658.0
16008,7634.0,1631.0,2185.0,6672.0
16009,5724.0,845.0,681.0,10040.0
16010,3456.0,669.0,1051.0,2734.0
16011,4832.0,1167.0,3837.0,10875.0
16012,8248.0,866.0,2591.0,8993.0
16013,31561.0,2712.0,45640.0,63502.0
16014,4613.0,1165.0,2947.0,7332.0
16015,3247.0,515.0,1371.0,9954.0
16016,20482.0,1976.0,2965.0,8385.0
16017,4486.0,943.0,722.0,7623.0
16018,2835.0,588.0,3047.0,14181.0
16019,5702.0,278.0,1263.0,4724.0
16020,10142.0,1618.0,1528.0,8424.0
16021,5071.0,565.0,3255.0,6550.0
16022,5056.0,319.0,540.0,17281.0
16023,4563.0,745.0,491.0,4487.0
16024,23821.0,2378.0,2925.0,8394.0
16025,13182.0,598.0,2655.0,9442.0
16026,3186.0,420.0,2687.0,13004.0
16027,5110.0,833.0,1207.0,10961.0
16028,15654.0,1457.0,1232.0,3765.0
16029,2991.0,946.0,2406.0,5868.0
16030,4660.0,353.0,1136.0,7980.0
16031,3112.0,818.0,4065.0,6640.0
16032,4767.0,420.0,1727.0,3220.0
16033,29214.0,1582.0,1655.0,2283.0
16034,5229.0,1669.0,1852.0,4685.0
16035,14964.0,985.0,1066.0,6153.0
16036,5227.0,748.0,1796.0,7907.0
16037,4145.0,1558.0,746.0,-0.0
16038,4961.0,1119.0,3286.0,12670.0
16039,2574.0,99.0,1759.0,8849.0
16040,3528.0,94.0,2565.0,7616.0
16041,8288.0,571.0,3482.0,3617.0
16042,2897.0,710.0,3343.0,13788.0
16043,20323.0,3104.0,1640.0,5999.0
16044,29409.0,2412.0,1981.0,7928.0
16045,35030.0,2835.0,3005.0,9499.0
16046,18812.0,1576.0,1349.0,6853.0
16047,7642.0,1552.0,1655.0,4622.0
16048,8038.0,640.0,1369.0,19712.0
16049,40208.0,3681.0,3835.0,11165.0
16050,19057.0,1561.0,1727.0,11618.0
16051,3645.0,592.0,773.0,4603.0
16052,3021.0,477.0,654.0,2720.0
16053,5072.0,447.0,-0.0,4425.0
16054,4077.0,975.0,1298.0,6450.0
16055,4698.0,720.0,2368.0,7051.0
16056,4580.0,561.0,3356.0,7591.0
16057,8822.0,2058.0,2384.0,10575.0
16058,9431.0,1199.0,3211.0,9998.0
16059,5669.0,570.0,2563.0,16103.0
16060,9387.0,793.0,2075.0,6254.0
16061,77579.0,3197.0,1766.0,10495.0
16062,3362.0,834.0,2045.0,8285.0
16063,4705.0,788.0,1589.0,14529.0
16064,9182.0,1589.0,1727.0,5919.0
16065,9335.0,2245.0,2005.0,9312.0
16066,4486.0,915.0,1451.0,2964.0
16067,4926.0,533.0,2301.0,13533.0
16068,8351.0,1332.0,2020.0,5114.0
16069,2512.0,627.0,1555.0,3021.0
16070,17660.0,1540.0,2631.0,13272.0
16071,4565.0,563.0,819.0,2730.0
16072,22590.0,3185.0,1362.0,14688.0
16073,8266.0,1142.0,3093.0,14404.0
16074,8344.0,818.0,2581.0,7408.0
16075,5787.0,570.0,2030.0,-0.0
16076,7197.0,699.0,2751.0,7764.0
16077,4159.0,1112.0,2909.0,17080.0
16078,38284.0,2108.0,3033.0,6217.0
16079,4739.0,640.0,2743.0,10414.0
16080,4937.0,808.0,1257.0,1057.0
16081,3035.0,538.0,1304.0,10517.0
16082,17939.0,1614.0,2977.0,6070.0
16083,3696.0,734.0,2054.0,5757.0
16084,34193.0,3112.0,2374.0,12125.0
16085,5044.0,773.0,1812.0,2603.0
16086,19275.0,1582.0,4117.0,8985.0
16087,18889.0,1749.0,2479.0,6763.0
16088,2623.0,648.0,5059.0,3274.0
16089,3456.0,47.0,-0.0,14313.0
16090,26106.0,1625.0,3207.0,2280.0
16091,23288.0,1720.0,3550.0,9178.0
16092,9249.0,1020.0,2489.0,10553.0
16093,21253.0,2022.0,2100.0,9626.0
16094,35830.0,1777.0,3892.0,11818.0
16095,7410.0,697.0,1700.0,3963.0
16096,4493.0,304.0,2194.0,6283.0
16097,8932.0,1336.0,2719.0,13738.0
16098,25086.0,3089.0,3223.0,11888.0
16099,3378.0,213.0,505.0,10884.0
16100,3232.0,752.0,691.0,4489.0
16101,5265.0,1240.0,2972.0,8502.0
16102,54246.0,7404.0,73742.0,111585.0
16103,5830.0,279.0,3158.0,13545.0
16104,6898.0,280.0,2429.0,10997.0
16105,5410.0,591.0,2098.0,12423.0
16106,60356.0,5246.0,200529.0,288967.0
16107,2797.0,441.0,224.0,6728.0
16108,8586.0,831.0,2343.0,11487.0
16109,4737.0,784.0,920.0,4782.0
16110,3732.0,895.0,3005.0,6364.0
16111,2635.0,687.0,1640.0,2638.0
16112,4454.0,962.0,2102.0,3633.0
16113,6286.0,1413.0,2036.0,5808.0
16114,5987.0,635.0,-0.0,5936.0
16115,6626.0,889.0,670.0,10428.0
16116,25423.0,2354.0,3771.0,10719.0
16117,3867.0,476.0,2047.0,11284.0
16118,7903.0,690.0,2862.0,9130.0
16119,3501.0,252.0,2532.0,7422.0
16120,4174.0,549.0,746.0,7076.0
16121,41701.0,6438.0,25717.0,18679.0
16122,7331.0,368.0,2704.0,12282.0
16123,3649.0,828.0,1282.0,-0.0
16124,330932.0,26737.0,22798.0,109822.0
16125,14107.0,1834.0,2367.0,8490.0
16126,2966.0,1339.0,1900.0,4963.0
16127,4170.0,539.0,3432.0,8428.0
16128,4575.0,276.0,1732.0,8030.0
16129,11382.0,992.0,2511.0,6070.0
16130,7534.0,110.0,832.0,8810.0
16131,9987.0,1264.0,2600.0,10737.0
16132,3119.0,958.0,2404.0,6197.0
16133,5096.0,776.0,1041.0,-0.0
16134,3573.0,611.0,247.0,1867.0
16135,6201.0,979.0,2125.0,12820.0
16136,6449.0,1393.0,1814.0,4684.0
16137,2578.0,627.0,2193.0,7199.0
16138,164023.0,13439.0,73947.0,100089.0
16139,27283.0,2567.0,1247.0,11413.0
16140,3911.0,616.0,1086.0,5480.0
16141,12583.0,1204.0,2540.0,3189.0
16142,2600.0,704.0,2411.0,7734.0
16143,9221.0,1146.0,2607.0,8757.0
16144,3111.0,130.0,1753.0,10684.0
16145,3235.0,914.0,2419.0,4750.0
16146,7051.0,805.0,740.0,7897.0
16147,5394.0,664.0,761.0,5444.0
16148,20258.0,2223.0,3660.0,8451.0
16149,49251.0,5494.0,1234.0,12643.0
16150,26013.0,3520.0,12156.0,62072.0
16151,6261.0,855.0,1904.0,2526.0
16152,4911.0,1049.0,2423.0,12846.0
16153,3107.0,283.0,2581.0,13030.0
16154,2568.0,1043.0,1443.0,8126.0
16155,25726.0,2291.0,3601.0,9630.0
16156,3347.0,1008.0,204.0,2115.0
16157,3645.0,643.0,2658.0,6985.0
16158,3340.0,535.0,1467.0,7610.0
16159,49866.0,2645.0,1794.0,13582.0
16160,2523.0,12.0,1715.0,11239.0
16161,3707.0,756.0,1349.0,6552.0
16162,6562.0,1496.0,-0.0,6755.0
16163,16730.0,1341.0,2041.0,9486.0
16164,5071.0,443.0,977.0,7993.0
16165,4075.0,950.0,2028.0,1952.0
16166,8468.0,633.0,655.0,9512.0
16167,9929.0,842.0,2052.0,16841.0
16168,4066.0,367.0,3716.0,15398.0
16169,22738.0,1924.0,1488.0,8813.0
16170,3385.0,493.0,2250.0,2221.0
16171,13415.0,1583.0,1489.0,6582.0
16172,4246.0,366.0,1526.0,6841.0
16173,25828.0,4291.0,37855.0,29595.0
16174,29659.0,1707.0,2731.0,7145.0
16175,4604.0,461.0,3230.0,16662.0
16176,14735.0,1327.0,274.0,6804.0
16177,32781.0,2803.0,2067.0,5302.0
16178,14018.0,817.0,2390.0,5078.0
16179,15973.0,1143.0,2294.0,10986.0
16180,5179.0,940.0,2391.0,11956.0
16181,3702.0,435.0,2631.0,6341.0
16182,3006.0,752.0,1796.0,10694.0
16183,8112.0,1711.0,1129.0,6104.0
16184,3816.0,1183.0,1128.0,7330.0
16185,5103.0,270.0,2034.0,7652.0
16186,3320.0,596.0,1663.0,9699.0
16187,5192.0,941.0,1640.0,10005.0
16188,32198.0,13420.0,3180.0,22146.0
16189,39607.0,3338.0,3195.0,10749.0
16190,15815.0,2276.0,4451.0,17550.0
16191,37325.0,3314.0,22923.0,11176.0
16192,12452.0,1204.0,3598.0,6370.0
16193,7119.0,325.0,861.0,10360.0
16194,8150.0,793.0,605.0,7188.0
16195,3897.0,499.0,1848.0,3840.0
16196,3957.0,442.0,1903.0,4622.0
16197,21822.0,2090.0,2813.0,12376.0
16198,31023.0,2122.0,1020.0,13826.0
16199,7460.0,535.0,2209.0,5429.0
16200,14136.0,1710.0,3052.0,5956.0
16201,5159.0,1053.0,1398.0,10330.0
16202,4374.0,861.0,1374.0,5213.0
16203,45004.0,3953.0,3888.0,9814.0
16204,17254.0,2560.0,3176.0,5871.0
16205,27238.0,2723.0,4550.0,4088.0
16206,4039.0,453.0,380.0,1202.0
16207,12540.0,707.0,2781.0,12085.0
16208,40759.0,5751.0,9328.0,12579.0
16209,3035.0,922.0,1774.0,2768.0
16210,6730.0,945.0,2518.0,11763.0
16211,5656.0,972.0,979.0,12223.0
16212,11828.0,743.0,525.0,3594.0
16213,6749.0,1167.0,540.0,1830.0
16214,7691.0,1569.0,1935.0,7196.0
16215,5653.0,1020.0,316.0,5804.0
16216,16829.0,1959.0,3008.0,6009.0
16217,25399.0,1572.0,1561.0,9460.0
16218,20173.0,1525.0,846.0,5937.0
16219,4791.0,746.0,1407.0,6891.0
16220,3284.0,498.0,1017.0,10983.0
16221,2847.0,550.0,1411.0,548.0
16222,7593.0,1016.0,622.0,12807.0
16223,8252.0,1353.0,2101.0,6573.0
16224,35675.0,3458.0,2024.0,3989.0
16225,7593.0,434.0,510.0,5140.0
16226,3359.0,942.0,2408.0,13550.0
16227,5560.0,586.0,2293.0,4212.0
16228,4526.0,456.0,3985.0,8545.0
16229,3895.0,308.0,2000.0,5213.0
16230,7114.0,1448.0,1765.0,1510.0
16231,7335.0,790.0,2086.0,7362.0
16232,3610.0,1246.0,1188.0,6641.0
16233,7656.0,1146.0,990.0,3090.0
16234,14468.0,1131.0,1462.0,12438.0
16235,14350.0,1703.0,1756.0,10162.0
16236,4744.0,691.0,1601.0,3813.0
16237,6321.0,373.0,1968.0,3751.0
16238,4611.0,365.0,1204.0,4226.0
16239,3055.0,589.0,1467.0,3608.0
16240,4559.0,465.0,1117.0,924.0
16241,4824.0,478.0,353.0,6416.0
16242,4296.0,627.0,1333.0,5824.0
16243,15018.0,1676.0,2805.0,2938.0
16244,9961.0,1535.0,1783.0,1901.0
16245,10698.0,1386.0,1441.0,13268.0
16246,35007.0,3166.0,3170.0,7954.0
16247,3976.0,342.0,1700.0,2494.0
16248,8369.0,1590.0,2123.0,5018.0
16249,3809.0,603.0,1275.0,2051.0
16250,2528.0,826.0,2325.0,10098.0
16251,5115.0,554.0,1250.0,5202.0
16252,6632.0,1180.0,1891.0,7925.0
16253,5214.0,586.0,2113.0,6253.0
16254,2768.0,285.0,3896.0,10145.0
16255,4103.0,816.0,2825.0,13403.0
16256,30848.0,2114.0,5047.0,4226.0
16257,3276.0,920.0,1352.0,12516.0
16258,4368.0,1139.0,2777.0,9480.0
16259,3153.0,633.0,1118.0,2120.0
16260,7105.0,1330.0,2569.0,7242.0
16261,4170.0,1134.0,2264.0,4518.0
16262,4344.0,2334.0,159.0,8223.0
16263,2564.0,725.0,5343.0,12337.0
16264,30147.0,1851.0,2195.0,13331.0
16265,6120.0,661.0,429.0,12551.0
16266,3878.0,684.0,798.0,3383.0
16267,12442.0,679.0,1888.0,5401.0
16268,13886.0,1336.0,1850.0,1205.0
16269,7341.0,539.0,774.0,10617.0
16270,4286.0,973.0,2040.0,5760.0
16271,19706.0,1417.0,1731.0,6225.0
16272,9720.0,693.0,914.0,7697.0
16273,2543.0,414.0,1888.0,8726.0
16274,12674.0,928.0,1043.0,11669.0
16275,4351.0,955.0,1864.0,8790.0
16276,44035.0,2701.0,1474.0,11277.0
16277,32000.0,2255.0,2108.0,5988.0
16278,5714.0,581.0,1257.0,809.0
16279,35410.0,2606.0,2988.0,7120.0
16280,29259.0,1403.0,2244.0,11644.0
16281,9382.0,385.0,1430.0,4099.0
16282,19922.0,2556.0,1137.0,4231.0
16283,12325.0,2253.0,3617.0,14313.0
16284,3379.0,405.0,1316.0,16374.0
16285,21271.0,1438.0,3011.0,7704.0
16286,9220.0,175.0,2040.0,8625.0
16287,77051.0,7583.0,8376.0,25547.0
16288,5842.0,405.0,1021.0,5074.0
16289,12488.0,1348.0,1965.0,8424.0
16290,4311.0,369.0,908.0,4595.0
16291,13405.0,1987.0,1607.0,10671.0
16292,4799.0,1012.0,1560.0,549.0
16293,20533.0,1071.0,2680.0,3131.0
16294,2476.0,205.0,1111.0,5196.0
16295,13225.0,1206.0,1917.0,8470.0
16296,16580.0,2916.0,2308.0,11280.0
16297,4704.0,797.0,-0.0,2059.0
16298,6486.0,646.0,2116.0,6671.0
16299,2577.0,518.0,2292.0,12575.0
16300,7505.0,318.0,1218.0,8800.0
16301,9194.0,861.0,1872.0,3459.0
16302,18150.0,2259.0,2933.0,9299.0
16303,3114.0,442.0,1931.0,3162.0
16304,3270.0,634.0,349.0,3969.0
16305,8883.0,860.0,3477.0,3432.0
16306,24259.0,952.0,2862.0,8434.0
16307,29286.0,2028.0,2030.0,15914.0
16308,6877.0,552.0,2223.0,7693.0
16309,2950.0,915.0,2045.0,13433.0
16310,20389.0,1521.0,1228.0,6091.0
16311,5416.0,916.0,2282.0,8528.0
16312,4527.0,1096.0,3749.0,11844.0
16313,23765.0,1561.0,2298.0,1888.0
16314,3936.0,578.0,1745.0,2567.0
16315,5281.0,1072.0,1698.0,3813.0
16316,26129.0,2278.0,2488.0,13295.0
16317,34427.0,6382.0,1246.0,13511.0
16318,3804.0,547.0,1326.0,5760.0
16319,26035.0,2341.0,1930.0,6188.0
16320,12755.0,849.0,2038.0,6674.0
16321,6519.0,1260.0,2140.0,10545.0
16322,5579.0,432.0,2269.0,370.0
16323,6026.0,1096.0,1792.0,7541.0
16324,8411.0,994.0,1895.0,7184.0
16325,10926.0,1005.0,1941.0,2475.0
16326,5278.0,136.0,1249.0,8787.0
16327,3137.0,575.0,2463.0,4615.0
16328,9899.0,955.0,2972.0,15875.0
16329,3108.0,1046.0,3119.0,7929.0
16330,8143.0,1058.0,565.0,8027.0
16331,41767.0,4303.0,13177.0,22531.0
16332,9081.0,997.0,2214.0,4405.0
16333,8241.0,1175.0,1126.0,9014.0
16334,5276.0,457.0,1449.0,9095.0
16335,5058.0,549.0,475.0,6968.0
16336,14465.0,756.0,2896.0,9145.0
16337,24349.0,9138.0,23823.0,44579.0
16338,28056.0,4073.0,-0.0,4778.0
16339,14821.0,1549.0,4610.0,6110.0
16340,10424.0,975.0,7196.0,11140.0
16341,24651.0,4168.0,3373.0,24556.0
16342,3887.0,820.0,2701.0,2585.0
16343,6601.0,681.0,1838.0,4329.0
16344,17261.0,1035.0,1263.0,5150.0
16345,21607.0,1461.0,1671.0,4686.0
16346,11521.0,605.0,870.0,12115.0
16347,8694.0,1058.0,2002.0,4332.0
16348,3832.0,700.0,3506.0,4545.0
16349,30905.0,4561.0,4502.0,14914.0
16350,4194.0,422.0,481.0,-0.0
16351,10267.0,1065.0,1861.0,10554.0
16352,4726.0,809.0,2631.0,8645.0
16353,3143.0,525.0,1451.0,4073.0
16354,4287.0,283.0,1941.0,7556.0
16355,10642.0,844.0,2609.0,6278.0
16356,4179.0,641.0,1909.0,3060.0
16357,8124.0,615.0,3065.0,10317.0
16358,5140.0,446.0,1508.0,11696.0
16359,8023.0,1185.0,2970.0,9350.0
16360,15251.0,861.0,2577.0,5375.0
16361,16067.0,1394.0,1295.0,4663.0
16362,2847.0,484.0,2428.0,5721.0
16363,28493.0,2227.0,1719.0,10521.0
16364,47362.0,3282.0,711.0,5755.0
16365,9796.0,832.0,2166.0,2237.0
16366,3547.0,410.0,2724.0,5742.0
16367,7422.0,1239.0,2901.0,6414.0
16368,8349.0,1212.0,3112.0,9683.0
16369,10018.0,971.0,1249.0,8693.0
16370,25317.0,2045.0,3464.0,11846.0
16371,2472.0,265.0,538.0,10270.0
16372,5282.0,281.0,845.0,5757.0
16373,8060.0,676.0,2730.0,10281.0
16374,24742.0,4788.0,73110.0,25731.0
16375,6343.0,859.0,1064.0,6583.0
16376,4680.0,658.0,1728.0,4129.0
16377,3303.0,648.0,2639.0,10982.0
16378,17273.0,2196.0,3875.0,16067.0
16379,14477.0,700.0,2244.0,9506.0
16380,8219.0,488.0,1758.0,7078.0
16381,36925.0,2068.0,1251.0,7718.0
16382,31742.0,1357.0,4277.0,7354.0
16383,4319.0,1480.0,3019.0,14403.0
16384,3044.0,831.0,1572.0,6764.0
16385,97721.0,6086.0,4128.0,6419.0
16386,4778.0,421.0,605.0,11233.0
16387,15716.0,2574.0,2356.0,11759.0
16388,2743.0,486.0,872.0,9708.0
16389,3756.0,859.0,1187.0,4823.0
16390,7983.0,1001.0,902.0,9718.0
16391,5254.0,561.0,1596.0,14723.0
16392,4409.0,1512.0,1932.0,5713.0
16393,6475.0,281.0,1951.0,9322.0
16394,4022.0,934.0,882.0,10422.0
16395,12361.0,971.0,594.0,9393.0
16396,3578.0,651.0,2351.0,5510.0
16397,24903.0,1526.0,2038.0,5904.0
16398,3619.0,358.0,879.0,7681.0
16399,5205.0,602.0,1270.0,4102.0
16400,8023.0,1305.0,1709.0,6544.0
16401,23799.0,1209.0,638.0,5077.0
16402,8986.0,1057.0,2128.0,2713.0
16403,7927.0,1453.0,2138.0,12260.0
16404,21365.0,2247.0,5733.0,10249.0
16405,77080.0,6970.0,7562.0,20935.0
16406,2776.0,392.0,2534.0,9762.0
16407,3011.0,307.0,2823.0,5107.0
16408,3430.0,117.0,437.0,6452.0
16409,8793.0,767.0,2034.0,6444.0
16410,4150.0,407.0,2653.0,8062.0
16411,13273.0,1769.0,2491.0,14676.0
16412,15979.0,1413.0,2765.0,7546.0
16413,16780.0,1511.0,2890.0,9646.0
16414,2590.0,612.0,1004.0,13781.0
16415,23154.0,3062.0,2787.0,10073.0
16416,3138.0,141.0,1529.0,5065.0
16417,4161.0,207.0,1980.0,11004.0
16418,20439.0,2020.0,2233.0,10045.0
16419,13508.0,1952.0,1098.0,10439.0
16420,4200.0,899.0,924.0,1519.0
16421,5929.0,885.0,2607.0,8856.0
16422,4505.0,391.0,1581.0,7804.0
16423,6037.0,660.0,1844.0,12752.0
16424,6614.0,1282.0,3339.0,15789.0
16425,12328.0,1028.0,1246.0,2988.0
16426,24752.0,2810.0,1983.0,7194.0
16427,10803.0,1123.0,678.0,-0.0
16428,2916.0,324.0,214.0,7583.0
16429,6765.0,2590.0,3079.0,6153.0
16430,6216.0,425.0,1215.0,7178.0
16431,3066.0,242.0,1319.0,8190.0
16432,8641.0,1417.0,5347.0,6681.0
16433,4975.0,134.0,1474.0,13449.0
16434,7953.0,1228.0,678.0,8147.0
16435,3600.0,55.0,-0.0,6288.0
16436,6372.0,642.0,2542.0,8058.0
16437,4866.0,941.0,2596.0,10954.0
16438,18328.0,2625.0,867.0,14988.0
16439,4204.0,758.0,2358.0,4874.0
16440,5830.0,1128.0,1064.0,7959.0
16441,7307.0,642.0,1133.0,3232.0
16442,3223.0,198.0,1209.0,3615.0
16443,3343.0,134.0,-0.0,1437.0
16444,2914.0,395.0,1901.0,2902.0
16445,11330.0,547.0,2231.0,8707.0
16446,3483.0,900.0,2445.0,12178.0
16447,22814.0,1545.0,2114.0,7614.0
16448,12616.0,1259.0,1245.0,5614.0
16449,3397.0,235.0,1500.0,8236.0
16450,12353.0,1748.0,1577.0,6570.0
16451,8875.0,1153.0,1689.0,6535.0
16452,2844.0,774.0,8.0,3307.0
16453,12831.0,1300.0,989.0,13057.0
16454,7504.0,966.0,2240.0,10378.0
16455,5723.0,1540.0,1568.0,1727.0
16456,6605.0,2266.0,18770.0,34700.0
16457,2580.0,607.0,2063.0,4756.0
16458,3983.0,615.0,2108.0,7705.0
16459,3434.0,1005.0,801.0,2710.0
16460,3896.0,315.0,2715.0,11271.0
16461,12426.0,1040.0,468.0,8876.0
16462,6236.0,1050.0,2078.0,5186.0
16463,5061.0,785.0,1352.0,13849.0
16464,7554.0,681.0,3136.0,13139.0
16465,6658.0,1816.0,1360.0,1638.0
16466,18793.0,2098.0,3388.0,16716.0
16467,7368.0,271.0,1984.0,5999.0
16468,23859.0,1442.0,3837.0,12730.0
16469,3866.0,929.0,1862.0,7797.0
16470,2948.0,1165.0,1556.0,2949.0
16471,5743.0,450.0,3145.0,8723.0
16472,21367.0,2240.0,1250.0,8372.0
16473,5292.0,1480.0,1619.0,3522.0
16474,6497.0,1149.0,1110.0,9639.0
16475,30145.0,2457.0,4580.0,10723.0
16476,4430.0,807.0,331.0,6073.0
16477,32842.0,2563.0,3191.0,6674.0
16478,2836.0,1720.0,489304.0,414983.0
16479,31982.0,2430.0,2634.0,9384.0
16480,4717.0,878.0,1661.0,21137.0
16481,7224.0,1241.0,3563.0,8187.0
16482,5373.0,568.0,4647.0,12863.0
16483,2899.0,594.0,1392.0,-0.0
16484,4550.0,556.0,3799.0,6677.0
16485,4669.0,654.0,957.0,6715.0
16486,44217.0,3151.0,35407.0,9513.0
16487,15519.0,976.0,1897.0,7451.0
16488,3304.0,200.0,-0.0,3371.0
16489,8033.0,971.0,5044.0,16453.0
16490,4345.0,210.0,461.0,5542.0
16491,15492.0,733.0,3487.0,6196.0
16492,2656.0,613.0,658.0,3493.0
16493,3179.0,347.0,1387.0,9530.0
16494,51725.0,11809.0,17001.0,25087.0
16495,5638.0,983.0,1585.0,14379.0
16496,5091.0,1054.0,1688.0,10007.0
16497,6873.0,1061.0,2656.0,12440.0
16498,2623.0,292.0,1731.0,5968.0
16499,2587.0,799.0,1489.0,11701.0
16500,7204.0,1078.0,1144.0,12341.0
16501,8533.0,1002.0,2755.0,11582.0
16502,24767.0,1590.0,3501.0,7814.0
16503,3812.0,502.0,1450.0,9460.0
16504,2890.0,125.0,728.0,1396.0
16505,3036.0,431.0,2700.0,4572.0
16506,2627.0,355.0,964.0,6354.0
16507,19216.0,2330.0,2397.0,9011.0
16508,23848.0,1660.0,2616.0,10154.0
16509,2783.0,202.0,890.0,3094.0
16510,5233.0,797.0,3044.0,13930.0
16511,2558.0,208.0,1107.0,7302.0
16512,22559.0,2104.0,2933.0,6717.0
16513,9692.0,2478.0,3343.0,7219.0
16514,3711.0,543.0,1367.0,7129.0
16515,25353.0,751.0,2282.0,6016.0
16516,13956.0,2160.0,2237.0,5386.0
16517,3473.0,1454.0,1445.0,6732.0
16518,6127.0,760.0,3211.0,12942.0
16519,3813.0,381.0,1786.0,-0.0
16520,39784.0,2004.0,2095.0,7177.0
16521,31248.0,2420.0,2732.0,12001.0
16522,2541.0,585.0,1893.0,6217.0
16523,6826.0,210.0,1863.0,4191.0
16524,3200.0,390.0,1225.0,5516.0
16525,19135.0,1443.0,2608.0,7949.0
16526,6353.0,769.0,1962.0,3927.0
16527,7237.0,890.0,1040.0,5765.0
16528,22932.0,2682.0,17405.0,7694.0
16529,4364.0,1359.0,879.0,8491.0
16530,4028.0,377.0,1606.0,5934.0
16531,5080.0,2033.0,1999.0,6481.0
16532,6324.0,1016.0,3570.0,7027.0
16533,6437.0,669.0,1062.0,5634.0
16534,26394.0,2515.0,3204.0,7802.0
16535,2687.0,792.0,2639.0,5890.0
16536,4449.0,188.0,2444.0,14455.0
16537,3228.0,732.0,1909.0,9739.0
16538,8049.0,5131.0,8864.0,27115.0
16539,7983.0,183.0,1618.0,12019.0
16540,5014.0,874.0,2777.0,8106.0
16541,6702.0,608.0,1602.0,8637.0
16542,2472.0,1118.0,1399.0,10058.0
16543,7859.0,1208.0,702.0,3319.0
16544,8679.0,452.0,1767.0,8320.0
16545,2470.0,712.0,2288.0,5089.0
16546,2786.0,510.0,693.0,7029.0
16547,5948.0,559.0,423.0,6599.0
16548,3939.0,1027.0,1782.0,14236.0
16549,12030.0,1021.0,2884.0,6122.0
16550,5193.0,1005.0,1520.0,1606.0
16551,10705.0,1126.0,1109.0,8898.0
16552,15535.0,706.0,1159.0,8391.0
16553,3567.0,758.0,2166.0,-0.0
16554,3993.0,1272.0,405153.0,219087.0
16555,31750.0,3122.0,2439.0,6685.0
16556,9807.0,473.0,2358.0,4640.0
16557,3752.0,1036.0,1591.0,4687.0
16558,12857.0,985.0,1682.0,7393.0
16559,32814.0,3544.0,2580.0,10601.0
16560,3905.0,782.0,1566.0,5758.0
16561,11020.0,834.0,2625.0,10165.0
16562,24807.0,2106.0,998.0,-0.0
16563,5505.0,376.0,756.0,5526.0
16564,4475.0,705.0,2442.0,8010.0
16565,3755.0,525.0,4144.0,6664.0
16566,2592.0,99.0,330.0,3049.0
16567,8952.0,1581.0,1807.0,6077.0
16568,3278.0,224.0,2091.0,9930.0
16569,19010.0,3017.0,3663.0,9138.0
16570,25645.0,1841.0,4385.0,8141.0
16571,3203.0,904.0,2369.0,4160.0
16572,5289.0,619.0,2257.0,4053.0
16573,12633.0,1682.0,1531.0,11039.0
16574,2766.0,731.0,1717.0,8431.0
16575,5237.0,1095.0,1833.0,8372.0
16576,13192.0,672.0,1990.0,6755.0
16577,9880.0,790.0,2097.0,9806.0
16578,5365.0,950.0,2933.0,17327.0
16579,11666.0,553.0,1339.0,4428.0
16580,4132.0,402.0,4313.0,8386.0
16581,6295.0,355.0,1346.0,13133.0
16582,3199.0,203.0,5131.0,5770.0
16583,14349.0,1177.0,2287.0,3836.0
16584,5618.0,594.0,2368.0,4327.0
16585,15958.0,2681.0,14909.0,33689.0
16586,14861.0,1104.0,3696.0,13093.0
16587,7994.0,716.0,1906.0,8887.0
16588,6259.0,690.0,368.0,6979.0
16589,57756.0,3919.0,3456.0,10597.0
16590,7198.0,1243.0,1264.0,5419.0
16591,2522.0,543.0,4509.0,6063.0
16592,15478.0,959.0,2838.0,3181.0
16593,21419.0,1193.0,2712.0,19353.0
16594,7910.0,560.0,1277.0,9667.0
16595,3941.0,592.0,2933.0,7533.0
16596,5429.0,1561.0,1652.0,6938.0
16597,27392.0,1803.0,1733.0,4960.0
16598,3604.0,796.0,1708.0,6923.0
16599,40822.0,6259.0,5679.0,9878.0
16600,5421.0,799.0,2507.0,11962.0
16601,4986.0,435.0,2357.0,8509.0
16602,7373.0,2240.0,1326.0,13327.0
16603,3628.0,498.0,1935.0,9202.0
16604,4923.0,1082.0,1601.0,6624.0
16605,6153.0,654.0,2880.0,16066.0
16606,2555.0,1206.0,2132.0,5170.0
16607,10010.0,489.0,2258.0,6244.0
16608,8779.0,1720.0,961.0,7738.0
16609,4669.0,733.0,2379.0,7578.0
16610,9507.0,513.0,445.0,10984.0
16611,3068.0,255.0,1204.0,9542.0
16612,4239.0,832.0,2805.0,2173.0
16613,2792.0,735.0,1198.0,6983.0
16614,22591.0,984.0,2383.0,6809.0
16615,4591.0,1208.0,2047.0,2474.0
16616,2729.0,256.0,1744.0,7679.0
16617,7156.0,666.0,1776.0,8514.0
16618,5862.0,1907.0,2508.0,10605.0
16619,3122.0,1145.0,1528.0,3630.0
16620,29304.0,2140.0,3392.0,6697.0
16621,10206.0,938.0,2496.0,6061.0
16622,4037.0,385.0,1895.0,8055.0
16623,8219.0,928.0,3726.0,4507.0
16624,2522.0,419.0,-0.0,2152.0
16625,5685.0,1989.0,2990.0,7370.0
16626,8300.0,1138.0,4015.0,10903.0
16627,2891.0,254.0,1959.0,5253.0
16628,4460.0,613.0,1526.0,11407.0
16629,7577.0,731.0,4686.0,3972.0
16630,12888.0,455.0,3265.0,7153.0
16631,4449.0,691.0,3714.0,10312.0
16632,15540.0,1938.0,2508.0,7177.0
16633,16928.0,2235.0,260.0,3748.0
16634,29224.0,2492.0,-0.0,5567.0
16635,34779.0,2665.0,2129.0,8267.0
16636,3723.0,496.0,1535.0,8902.0
16637,4165.0,829.0,2624.0,13555.0
16638,2522.0,276.0,1149.0,6291.0
16639,5465.0,612.0,1344.0,3963.0
16640,8063.0,470.0,1353.0,5081.0
16641,5261.0,704.0,896.0,7349.0
16642,21901.0,2202.0,943.0,6648.0
16643,8203.0,682.0,2629.0,14316.0
16644,6393.0,358.0,2398.0,7717.0
16645,22577.0,1496.0,2534.0,8074.0
16646,2968.0,295.0,1885.0,5298.0
16647,32807.0,7081.0,9944.0,16088.0
16648,9356.0,695.0,921.0,6464.0
16649,5572.0,922.0,2103.0,6308.0
16650,6079.0,925.0,3659.0,8922.0
16651,3965.0,142.0,1666.0,10768.0
16652,2848.0,544.0,1303.0,8296.0
16653,4195.0,189.0,421.0,6726.0
16654,9263.0,915.0,1444.0,3145.0
16655,25017.0,2359.0,2776.0,4148.0
16656,36545.0,3328.0,3370.0,6156.0
16657,5024.0,830.0,218.0,7977.0
16658,5203.0,499.0,1812.0,5730.0
16659,9554.0,1147.0,957.0,2560.0
16660,5836.0,636.0,-0.0,3327.0
16661,6713.0,533.0,4308.0,3006.0
16662,17271.0,2223.0,2695.0,4968.0
16663,39751.0,1161.0,4237.0,13568.0
16664,9389.0,795.0,2259.0,7344.0
16665,5122.0,314.0,753.0,12984.0
16666,12182.0,1033.0,558.0,6128.0
16667,4378.0,557.0,1385.0,9857.0
16668,2999.0,378.0,1898.0,9374.0
16669,4843.0,1080.0,2012.0,8545.0
16670,3770.0,405.0,2197.0,7999.0
16671,49233.0,3823.0,4232.0,9236.0
16672,29649.0,2688.0,2527.0,5760.0
16673,6508.0,1002.0,1673.0,7976.0
16674,3601.0,779.0,993.0,8822.0
16675,5090.0,1206.0,3038.0,11034.0
16676,77611.0,6299.0,15830.0,50802.0
16677,6477.0,1044.0,2157.0,4703.0
16678,35520.0,3906.0,3206.0,4751.0
16679,8795.0,698.0,3808.0,10300.0
16680,12017.0,635.0,3259.0,10211.0
16681,5571.0,664.0,2773.0,8718.0
16682,23838.0,3277.0,2419.0,4890.0
16683,8800.0,1050.0,5148.0,12602.0
16684,4610.0,555.0,1615.0,6342.0
16685,6620.0,571.0,2815.0,11351.0
16686,5197.0,573.0,2325.0,10667.0
16687,3129.0,991.0,1481.0,10014.0
16688,3261.0,322.0,2160.0,1732.0
16689,5762.0,480.0,1760.0,4782.0
16690,5664.0,1506.0,839.0,6456.0
16691,5651.0,810.0,425.0,7136.0
16692,20456.0,2103.0,2042.0,9216.0
16693,9757.0,1164.0,2556.0,4172.0
16694,6369.0,552.0,1552.0,6421.0
16695,4062.0,52.0,2252.0,9033.0
16696,7080.0,1066.0,1745.0,5182.0
16697,3804.0,636.0,2362.0,6342.0
16698,4069.0,403.0,1189.0,6092.0
16699,26951.0,3034.0,4511.0,5484.0
16700,34460.0,2297.0,2790.0,10500.0
16701,7205.0,734.0,2152.0,6737.0
16702,31230.0,3019.0,1888.0,4936.0
16703,5153.0,995.0,1001.0,1844.0
16704,66344.0,4330.0,4857.0,5634.0
16705,2691.0,824.0,620.0,10544.0
16706,5525.0,285.0,2713.0,11281.0
16707,6288.0,507.0,1450.0,11753.0
16708,6053.0,742.0,757.0,5194.0
16709,4547.0,604.0,743.0,9787.0
16710,4883.0,1023.0,1557.0,5525.0
16711,4404.0,684.0,1000.0,9820.0
16712,9082.0,1164.0,931.0,3082.0
16713,7052.0,689.0,3373.0,6260.0
16714,7214.0,529.0,149.0,6002.0
16715,4773.0,384.0,2199.0,6165.0
16716,20376.0,1941.0,2522.0,5451.0
16717,51714.0,4443.0,2331.0,11905.0
16718,18459.0,11583.0,53492.0,37182.0
16719,2786.0,571.0,3364.0,2031.0
16720,6044.0,1240.0,2412.0,3744.0
16721,5372.0,170.0,1902.0,8473.0
16722,8265.0,967.0,2682.0,9248.0
16723,6414.0,889.0,236.0,-0.0
16724,5576.0,481.0,2165.0,11133.0
16725,5597.0,388.0,1941.0,7353.0
16726,8856.0,1284.0,4180.0,9642.0
16727,3762.0,270.0,1720.0,6886.0
16728,20397.0,1496.0,366.0,11217.0
16729,16499.0,1969.0,1938.0,5269.0
16730,14569.0,2081.0,1172.0,10389.0
16731,40302.0,2647.0,1597.0,4810.0
16732,4317.0,798.0,3080.0,9529.0
16733,4827.0,573.0,1578.0,6646.0
16734,21217.0,1342.0,2745.0,5600.0
16735,4425.0,981.0,2332.0,5345.0
16736,4885.0,1464.0,4853.0,5922.0
16737,3135.0,568.0,290.0,4624.0
16738,3771.0,2168.0,22710.0,8964.0
16739,4099.0,308.0,2178.0,6626.0
16740,43643.0,6313.0,44556.0,35729.0
16741,5714.0,377.0,2959.0,10256.0
16742,23006.0,2485.0,2103.0,6253.0
16743,16530.0,1533.0,3028.0,16748.0
16744,20920.0,1407.0,1906.0,12043.0
16745,8110.0,1089.0,1130.0,6892.0
16746,5633.0,294.0,1497.0,7315.0
16747,16715.0,2006.0,2619.0,12796.0
16748,3163.0,477.0,3488.0,7519.0
16749,2739.0,578.0,3290.0,9374.0
16750,3453.0,511.0,3433.0,12754.0
16751,6694.0,141.0,2013.0,8808.0
16752,11177.0,1139.0,9490.0,14113.0
16753,6596.0,808.0,1301.0,4658.0
16754,4504.0,731.0,981.0,4795.0
16755,10913.0,1894.0,2251.0,13292.0
16756,6622.0,1085.0,1893.0,22533.0
16757,14813.0,1095.0,1291.0,8835.0
16758,38343.0,3266.0,3618.0,9064.0
16759,8526.0,623.0,2374.0,15092.0
16760,3304.0,217.0,618.0,8533.0
16761,2800.0,597.0,1562.0,8544.0
16762,2612.0,1143.0,9604.0,10762.0
16763,9168.0,1671.0,3014.0,6223.0
16764,8470.0,1285.0,1195.0,4478.0
16765,4352.0,822.0,2837.0,1462.0
16766,19599.0,2660.0,4461.0,10923.0
16767,3407.0,1411.0,1375.0,7380.0
16768,7450.0,597.0,2428.0,5549.0
16769,6999.0,1403.0,2121.0,16203.0
16770,25272.0,4338.0,4061.0,12784.0
16771,16973.0,1487.0,2033.0,10511.0
16772,25795.0,1995.0,23515.0,45861.0
16773,4946.0,803.0,1349.0,11576.0
16774,3412.0,556.0,801.0,2873.0
16775,6008.0,1046.0,4476.0,12348.0
16776,23543.0,2044.0,2716.0,7786.0
16777,2499.0,113.0,1275.0,2461.0
16778,52711.0,2684.0,4796.0,15848.0
16779,5721.0,1013.0,1765.0,8450.0
16780,4063.0,622.0,3983.0,4325.0
16781,8700.0,507.0,1492.0,4936.0
16782,5585.0,1508.0,1408.0,4284.0
16783,7172.0,1216.0,3517.0,11985.0
16784,4839.0,1125.0,2952.0,8167.0
16785,26030.0,3234.0,1489.0,1630.0
16786,34831.0,2394.0,2195.0,9568.0
16787,3888.0,584.0,1327.0,-0.0
16788,4712.0,324.0,1233.0,1850.0
16789,4051.0,791.0,2611.0,9266.0
16790,3395.0,734.0,2707.0,8348.0
16791,13067.0,950.0,-0.0,2678.0
16792,3463.0,771.0,1599.0,4915.0
16793,3542.0,672.0,2466.0,15759.0
16794,24069.0,1740.0,970.0,541.0
16795,5861.0,688.0,-0.0,3389.0
16796,14159.0,1394.0,2089.0,4764.0
16797,4778.0,768.0,2742.0,2947.0
16798,3279.0,665.0,5007.0,1409.0
16799,7901.0,1081.0,3026.0,10575.0
16800,4582.0,873.0,2153.0,6519.0
16801,5372.0,984.0,59.0,8115.0
16802,4705.0,991.0,250.0,3171.0
16803,8626.0,892.0,3151.0,6479.0
16804,14777.0,1545.0,513.0,2887.0
16805,7630.0,320.0,1448.0,5415.0
16806,6499.0,106.0,3143.0,8737.0
16807,5345.0,766.0,3233.0,14979.0
16808,6826.0,527.0,5940.0,5839.0
16809,4196.0,975.0,1990.0,9053.0
16810,3326.0,337.0,1464.0,2278.0
16811,7510.0,1446.0,1175.0,3435.0
16812,3563.0,225.0,4165.0,11921.0
16813,45907.0,17317.0,5648.0,38383.0
16814,7178.0,678.0,1434.0,6939.0
16815,62721.0,3375.0,2641.0,7726.0
16816,7741.0,766.0,2223.0,13510.0
16817,2706.0,775.0,1397.0,2854.0
16818,7963.0,636.0,2929.0,9666.0
16819,5336.0,1064.0,2741.0,5365.0
16820,10068.0,1688.0,1101.0,6090.0
16821,8429.0,984.0,2086.0,10054.0
16822,3561.0,354.0,821.0,2227.0
16823,6491.0,707.0,1557.0,9976.0
16824,4791.0,522.0,1951.0,1022.0
16825,3593.0,425.0,1378.0,588.0
16826,6311.0,656.0,1296.0,5094.0
16827,5761.0,731.0,4032.0,11557.0
16828,8241.0,754.0,2665.0,7282.0
16829,6675.0,839.0,1974.0,9592.0
16830,4337.0,1249.0,2247.0,7223.0
16831,4248.0,588.0,690.0,6849.0
16832,3739.0,183.0,1137.0,8401.0
16833,11605.0,708.0,1313.0,8871.0
16834,5932.0,271.0,1971.0,10144.0
16835,4358.0,926.0,2459.0,8344.0
16836,8025.0,1592.0,4759.0,2853.0
16837,9062.0,1032.0,2394.0,15100.0
16838,2885.0,593.0,1541.0,5427.0
16839,2630.0,390.0,1542.0,-0.0
16840,22987.0,1968.0,3046.0,12918.0
16841,27177.0,2663.0,4136.0,4475.0
16842,4305.0,995.0,2082.0,4484.0
16843,3744.0,137.0,1664.0,9816.0
16844,2733.0,304.0,1951.0,7283.0
16845,6884.0,1188.0,704.0,11757.0
16846,51930.0,6170.0,4178.0,12432.0
16847,3029.0,249.0,2979.0,2684.0
16848,6190.0,1225.0,2153.0,4525.0
16849,4586.0,798.0,2873.0,9799.0
16850,3871.0,643.0,2117.0,6688.0
16851,8638.0,1324.0,2193.0,4938.0
16852,5207.0,432.0,745.0,8734.0
16853,34526.0,3906.0,839.0,12467.0
16854,28941.0,2859.0,2957.0,7855.0
16855,6276.0,511.0,2896.0,3692.0
16856,20246.0,2122.0,2563.0,9442.0
16857,7174.0,756.0,2313.0,5969.0
16858,2899.0,453.0,1027.0,3624.0
16859,14322.0,2242.0,3359.0,8789.0
16860,39637.0,2806.0,2564.0,6142.0
16861,31932.0,3358.0,2806.0,9044.0
16862,30885.0,3462.0,3203.0,10769.0
16863,5624.0,830.0,2208.0,3819.0
16864,3538.0,125.0,3396.0,2879.0
16865,3034.0,280.0,2189.0,8237.0
16866,2800.0,1120.0,678.0,5455.0
16867,5954.0,770.0,1737.0,5299.0
16868,5112.0,536.0,38.0,1036.0
16869,8337.0,1461.0,1189.0,11009.0
16870,2756.0,663.0,1820.0,9794.0
16871,18261.0,1930.0,1455.0,6093.0
16872,3933.0,155.0,2229.0,17919.0
16873,8584.0,767.0,1670.0,8915.0
16874,5150.0,928.0,3354.0,6632.0
16875,22237.0,1697.0,2151.0,10174.0
16876,10223.0,1778.0,2326.0,5062.0
16877,4891.0,90.0,2790.0,2380.0
16878,3096.0,455.0,2193.0,5345.0
16879,11882.0,1115.0,3196.0,8178.0
16880,2518.0,339.0,2136.0,5643.0
16881,27942.0,1945.0,2124.0,4365.0
16882,4143.0,458.0,1510.0,9576.0
16883,5545.0,226.0,1290.0,9638.0
16884,4503.0,879.0,1623.0,8114.0
16885,6167.0,760.0,2519.0,12470.0
16886,4323.0,648.0,3299.0,4981.0
16887,5206.0,508.0,1055.0,3320.0
16888,2884.0,229.0,3176.0,6345.0
16889,5166.0,491.0,1448.0,101.0
16890,3826.0,444.0,1778.0,9797.0
16891,17518.0,637.0,3526.0,8665.0
16892,4499.0,215.0,3298.0,8589.0
16893,7960.0,320.0,976.0,7303.0
16894,10874.0,2204.0,1066.0,8275.0
16895,6864.0,758.0,1561.0,6142.0
16896,2904.0,734.0,2774.0,13169.0
16897,4748.0,712.0,669.0,8048.0
16898,11851.0,1378.0,1451.0,5206.0
16899,10778.0,1397.0,2429.0,5584.0
16900,4069.0,335.0,1400.0,7021.0
16901,36896.0,2438.0,3666.0,14331.0
16902,7825.0,1116.0,2134.0,4121.0
16903,31295.0,1819.0,3000.0,2020.0
16904,21839.0,1979.0,2763.0,8493.0
16905,7192.0,1281.0,2665.0,6892.0
16906,13489.0,1404.0,2790.0,9587.0
16907,21657.0,2670.0,1877.0,4614.0
16908,3909.0,1528.0,2669.0,6610.0
16909,3372.0,240.0,1907.0,14596.0
16910,5075.0,420.0,2365.0,9985.0
16911,7898.0,1479.0,3038.0,9581.0
16912,135352.0,18722.0,2889.0,64925.0
16913,12708.0,1224.0,2092.0,8280.0
16914,5194.0,511.0,1257.0,6636.0
16915,2908.0,824.0,1262.0,11384.0
16916,6655.0,289.0,1759.0,10504.0
16917,3774.0,1102.0,1448.0,4427.0
16918,7229.0,614.0,3342.0,7998.0
16919,8915.0,1225.0,979.0,11935.0
16920,44985.0,2232.0,1295.0,5720.0
16921,5047.0,1031.0,2532.0,4767.0
16922,8244.0,694.0,2636.0,7093.0
16923,3634.0,873.0,3284.0,11246.0
16924,3405.0,291.0,3667.0,8100.0
16925,37971.0,3145.0,1980.0,5336.0
16926,3660.0,1287.0,2710.0,13109.0
16927,3375.0,528.0,1128.0,5175.0
16928,29419.0,2612.0,3408.0,-0.0
16929,2777.0,434.0,2481.0,10490.0
16930,33320.0,2383.0,4946.0,8189.0
16931,3389.0,327.0,2550.0,4342.0
16932,3398.0,543.0,2025.0,7649.0
16933,6983.0,2018.0,2394.0,5990.0
16934,5092.0,231.0,2532.0,7400.0
16935,12248.0,1091.0,3744.0,7981.0
16936,2832.0,197.0,1105.0,7943.0
16937,4231.0,755.0,1548.0,7438.0
16938,51112.0,4709.0,2834.0,9025.0
16939,4026.0,804.0,3209.0,23051.0
16940,3906.0,615.0,1122.0,6562.0
16941,7161.0,677.0,1500.0,4442.0
16942,5744.0,531.0,1621.0,10795.0
16943,6498.0,1018.0,2066.0,8564.0
16944,4729.0,322.0,1397.0,5699.0
16945,6010.0,466.0,1841.0,8217.0
16946,7479.0,1139.0,2138.0,8022.0
16947,4437.0,728.0,1050.0,4100.0
16948,2916.0,501.0,-0.0,9709.0
16949,4641.0,869.0,1508.0,10759.0
16950,24693.0,859.0,2193.0,12079.0
16951,14541.0,2455.0,1225.0,1876.0
16952,3024.0,281.0,1506.0,6257.0
16953,5869.0,1162.0,2143.0,7894.0
16954,3744.0,366.0,1867.0,8430.0
16955,17893.0,839.0,1794.0,10014.0
16956,32625.0,2766.0,1238.0,8606.0
16957,4943.0,160.0,2605.0,10723.0
16958,29150.0,1932.0,2497.0,5040.0
16959,4599.0,482.0,-0.0,4742.0
16960,5240.0,893.0,2854.0,8077.0
16961,7219.0,1423.0,1767.0,8107.0
16962,8586.0,1628.0,2198.0,11826.0
16963,4032.0,1422.0,3394.0,9414.0
16964,15377.0,3970.0,2726.0,8868.0
16965,21687.0,811.0,2231.0,9822.0
16966,4920.0,603.0,3410.0,9024.0
16967,15083.0,1644.0,2750.0,10381.0
16968,4860.0,984.0,2576.0,954.0
16969,4701.0,186.0,1276.0,8684.0
16970,4276.0,796.0,828.0,1994.0
16971,3881.0,561.0,1916.0,9160.0
16972,2678.0,342.0,1141.0,2853.0
16973,2791.0,722.0,1127.0,7654.0
16974,26592.0,2864.0,2261.0,6507.0
16975,16945.0,849.0,1003.0,4050.0
16976,7330.0,658.0,2028.0,2486.0
16977,4266.0,614.0,790.0,2288.0
16978,39462.0,4026.0,20982.0,41064.0
16979,30538.0,3108.0,1248.0,3412.0
16980,3861.0,867.0,889.0,11571.0
16981,15011.0,1588.0,1705.0,6222.0
16982,6445.0,650.0,4403.0,18266.0
16983,11155.0,731.0,1996.0,5320.0
16984,25776.0,1953.0,2710.0,7149.0
16985,4007.0,458.0,1836.0,5750.0
16986,16899.0,1855.0,2480.0,9377.0
16987,5409.0,396.0,-0.0,6716.0
16988,3481.0,908.0,1894.0,10047.0
16989,3875.0,886.0,1895.0,16088.0
16990,9006.0,1544.0,6695.0,14093.0
16991,4129.0,1173.0,1027.0,9018.0
16992,20374.0,932.0,4005.0,9405.0
16993,12425.0,876.0,3180.0,10240.0
16994,7116.0,657.0,3303.0,10128.0
16995,21049.0,1572.0,1728.0,3493.0
16996,5603.0,454.0,-0.0,10358.0
16997,8021.0,1100.0,791.0,10760.0
16998,6555.0,479.0,2251.0,6884.0
16999,3346.0,205.0,1302.0,3743.0
17000,13762.0,1195.0,1356.0,4418.0
17001,49954.0,2828.0,1190.0,7680.0
17002,4385.0,305.0,1580.0,8474.0
17003,3686.0,921.0,2594.0,10909.0
17004,2567.0,380.0,-0.0,1697.0
17005,2887.0,437.0,362.0,241.0
17006,33510.0,1883.0,2237.0,9960.0
17007,3909.0,1043.0,2601.0,12686.0
17008,3394.0,670.0,861.0,5096.0
17009,37736.0,2101.0,2387.0,3112.0
17010,21155.0,2477.0,386.0,16179.0
17011,28793.0,1594.0,2578.0,9217.0
17012,45700.0,2586.0,4670.0,8039.0
17013,14634.0,1334.0,1992.0,10068.0
17014,3642.0,341.0,1794.0,9578.0
17015,5015.0,607.0,2441.0,3928.0
17016,6303.0,2480.0,3923.0,11116.0
17017,2804.0,731.0,2465.0,7822.0
17018,3812.0,1378.0,1335.0,6779.0
17019,47644.0,3149.0,3449.0,14612.0
17020,4525.0,732.0,2305.0,1562.0
17021,5632.0,747.0,1020.0,5537.0
17022,7624.0,988.0,1319.0,6811.0
17023,3362.0,815.0,2812.0,4170.0
17024,23801.0,1954.0,4349.0,1057.0
17025,2559.0,919.0,1300.0,9071.0
17026,2967.0,472.0,562.0,10167.0
17027,32449.0,4758.0,34394.0,139708.0
17028,2985.0,1102.0,3160.0,8311.0
17029,2488.0,396.0,1575.0,6007.0
17030,3211.0,649.0,-0.0,2946.0
17031,4426.0,583.0,1861.0,10069.0
17032,4371.0,640.0,771.0,936.0
17033,13382.0,2239.0,1368.0,4012.0
17034,4216.0,15.0,924.0,6855.0
17035,19277.0,1802.0,1031.0,7023.0
17036,5809.0,578.0,1817.0,6132.0
17037,2672.0,286.0,1988.0,5098.0
17038,7195.0,618.0,391.0,4297.0
17039,4201.0,708.0,1248.0,6003.0
17040,4358.0,217.0,2648.0,8379.0
17041,8263.0,551.0,2153.0,3877.0
17042,4078.0,373.0,-0.0,10027.0
17043,4924.0,1455.0,4684.0,4914.0
17044,5045.0,1661.0,2268.0,8840.0
17045,3338.0,299.0,2033.0,12296.0
17046,10650.0,1197.0,1302.0,13525.0
17047,2963.0,596.0,1130.0,3124.0
17048,4335.0,569.0,1064.0,5348.0
17049,40958.0,3938.0,2255.0,7865.0
17050,4022.0,592.0,1640.0,3679.0
17051,3466.0,455.0,889.0,6466.0
17052,24383.0,2632.0,2578.0,3830.0
17053,12877.0,711.0,2001.0,8225.0
17054,2817.0,900.0,569.0,212.0
17055,6529.0,466.0,1721.0,10927.0
17056,14667.0,2162.0,5790.0,5356.0
17057,3427.0,248.0,2917.0,7695.0
17058,21597.0,1720.0,2466.0,8501.0
17059,37654.0,2799.0,2593.0,8297.0
17060,18561.0,1388.0,2863.0,16121.0
17061,25499.0,2062.0,5203.0,9996.0
17062,4265.0,277.0,1348.0,5549.0
17063,20137.0,1275.0,1640.0,13703.0
17064,4354.0,929.0,2034.0,8054.0
17065,3631.0,206.0,1177.0,5450.0
17066,14738.0,1787.0,1131.0,1924.0
17067,4454.0,646.0,1925.0,989.0
17068,4763.0,798.0,1334.0,9383.0
17069,4287.0,94.0,3443.0,11284.0
17070,15922.0,1144.0,1741.0,9480.0
17071,6447.0,262.0,1695.0,2601.0
17072,15502.0,588.0,1414.0,8678.0
17073,4417.0,517.0,2033.0,10980.0
17074,19992.0,2430.0,12175.0,41085.0
17075,3636.0,1183.0,1322.0,6161.0
17076,7233.0,495.0,1558.0,2843.0
17077,6449.0,970.0,1004.0,145.0
17078,23353.0,1896.0,3784.0,6612.0
17079,39450.0,4102.0,2381.0,10618.0
17080,4861.0,314.0,2392.0,5443.0
17081,5638.0,801.0,1443.0,1267.0
17082,5316.0,1402.0,2160.0,3756.0
17083,7626.0,628.0,1729.0,10693.0
17084,12754.0,2031.0,2694.0,12388.0
17085,3988.0,509.0,2140.0,7290.0
17086,23750.0,1473.0,3375.0,9871.0
17087,2664.0,181.0,959.0,5718.0
17088,3758.0,692.0,1987.0,4465.0
17089,5094.0,708.0,1735.0,7139.0
17090,15582.0,567.0,2269.0,14442.0
17091,4709.0,898.0,1038.0,4249.0
17092,3116.0,254.0,704.0,7830.0
17093,18023.0,2180.0,3746.0,7379.0
17094,5990.0,530.0,1103.0,7372.0
17095,3944.0,774.0,908.0,7100.0
17096,25636.0,2067.0,2612.0,4817.0
17097,3880.0,857.0,649.0,4753.0
17098,4608.0,219.0,3001.0,11766.0
17099,8200.0,4372.0,3586.0,16664.0
17100,8375.0,667.0,1645.0,5557.0
17101,7301.0,498.0,1892.0,7554.0
17102,4754.0,541.0,1515.0,16913.0
17103,5994.0,926.0,3692.0,5891.0
17104,3181.0,729.0,1463.0,4901.0
17105,3397.0,970.0,1772.0,5517.0
17106,3885.0,442.0,1651.0,8841.0
17107,13412.0,1884.0,474.0,2037.0
17108,4310.0,648.0,1464.0,14471.0
17109,2585.0,140.0,2289.0,13353.0
17110,5405.0,580.0,718.0,9709.0
17111,4051.0,1513.0,632.0,5654.0
17112,6096.0,1011.0,2595.0,3886.0
17113,2490.0,477.0,838.0,8522.0
17114,5001.0,855.0,2498.0,12126.0
17115,6434.0,836.0,1691.0,4480.0
17116,15364.0,1152.0,4109.0,11254.0
17117,3688.0,638.0,758.0,-0.0
17118,4097.0,235.0,3286.0,4957.0
17119,9110.0,762.0,1489.0,11381.0
17120,2845.0,571.0,1221.0,8518.0
17121,6004.0,539.0,1476.0,6337.0
17122,38722.0,2762.0,1370.0,9306.0
17123,9199.0,1220.0,2529.0,5499.0
17124,6083.0,1372.0,1541.0,5701.0
17125,9642.0,823.0,422.0,7858.0
17126,7539.0,751.0,2902.0,11114.0
17127,3460.0,274.0,2732.0,9006.0
17128,4160.0,925.0,1783.0,12228.0
17129,3099.0,689.0,1540.0,4438.0
17130,5871.0,826.0,2885.0,11767.0
17131,5441.0,268.0,4329.0,11451.0
17132,4795.0,782.0,3384.0,11378.0
17133,7273.0,859.0,2051.0,10780.0
17134,5018.0,1191.0,1345.0,9265.0
17135,14282.0,1343.0,968.0,5198.0
17136,4394.0,1066.0,4038.0,2021.0
17137,8863.0,918.0,2126.0,7738.0
17138,19894.0,2181.0,1396.0,8232.0
17139,12951.0,786.0,2217.0,6402.0
17140,26755.0,1154.0,1326.0,11446.0
17141,6169.0,414.0,522.0,2782.0
17142,5568.0,289.0,879.0,3846.0
17143,25830.0,2126.0,1818.0,4856.0
17144,15267.0,1186.0,4527.0,24739.0
17145,5078.0,463.0,3234.0,9141.0
17146,7701.0,438.0,826.0,5505.0
17147,5176.0,786.0,2808.0,4660.0
17148,5748.0,744.0,2322.0,8118.0
17149,5299.0,698.0,2482.0,8577.0
17150,6291.0,783.0,2024.0,10624.0
17151,9594.0,812.0,2174.0,6960.0
17152,24923.0,1789.0,89.0,8341.0
17153,2628.0,603.0,1373.0,7007.0
17154,19427.0,2807.0,3150.0,23213.0
17155,18263.0,818.0,3268.0,6170.0
17156,4909.0,1265.0,933.0,7114.0
17157,55051.0,27622.0,15303.0,83713.0
17158,4281.0,827.0,1029.0,9349.0
17159,6390.0,335.0,1669.0,13661.0
17160,7262.0,792.0,1803.0,10678.0
17161,68655.0,30641.0,8767.0,88305.0
17162,3987.0,881.0,1969.0,8430.0
17163,2836.0,640.0,3954.0,3376.0
17164,37757.0,2422.0,2612.0,12484.0
17165,23834.0,961.0,2365.0,8512.0
17166,3251.0,611.0,2176.0,9326.0
17167,3547.0,1213.0,2403.0,8294.0
17168,29702.0,2532.0,2559.0,3522.0
17169,5835.0,573.0,3174.0,2804.0
17170,26906.0,5310.0,2768.0,23078.0
17171,6770.0,1155.0,1875.0,7166.0
17172,4373.0,957.0,535.0,13555.0
17173,10691.0,1145.0,1066.0,8260.0
17174,5286.0,288.0,158.0,2943.0
17175,15835.0,796.0,1766.0,6807.0
17176,3609.0,746.0,3305.0,9815.0
17177,8552.0,1130.0,1669.0,11244.0
17178,7527.0,667.0,725.0,4056.0
17179,17897.0,1585.0,1782.0,3324.0
17180,8182.0,1283.0,2207.0,5593.0
17181,21584.0,3229.0,2984.0,6755.0
17182,5235.0,725.0,2296.0,3499.0
17183,3335.0,154.0,1344.0,5192.0
17184,6493.0,686.0,2734.0,6945.0
17185,5802.0,937.0,2200.0,7876.0
17186,6288.0,1135.0,1251.0,4677.0
17187,2915.0,419.0,471.0,10855.0
17188,4067.0,577.0,1385.0,10165.0
17189,7283.0,855.0,281.0,11795.0
17190,3906.0,218.0,3449.0,7017.0
17191,37652.0,3328.0,3570.0,8324.0
17192,5919.0,964.0,1791.0,5334.0
17193,15156.0,1183.0,527.0,10733.0
17194,12277.0,1846.0,2569.0,9740.0
17195,2803.0,1148.0,1265.0,14595.0
17196,20757.0,1739.0,2782.0,9329.0
17197,12340.0,1208.0,503.0,5582.0
17198,3478.0,386.0,1338.0,5265.0
17199,21443.0,2181.0,4306.0,10201.0
17200,24971.0,2907.0,1302.0,9866.0
17201,6211.0,785.0,2732.0,7121.0
17202,7250.0,655.0,1892.0,5485.0
17203,3470.0,582.0,2645.0,6462.0
17204,19011.0,5993.0,4019.0,8800.0
17205,9164.0,866.0,501.0,4178.0
17206,4547.0,306.0,1609.0,8605.0
17207,19841.0,2470.0,1165.0,6462.0
17208,44077.0,5713.0,10986.0,12669.0
17209,6132.0,525.0,1227.0,7183.0
17210,12612.0,2784.0,2535.0,6992.0
17211,6486.0,699.0,3501.0,6647.0
17212,2643.0,517.0,364.0,4637.0
17213,3538.0,562.0,2276.0,5735.0
17214,2783.0,228.0,542.0,4066.0
17215,20953.0,4460.0,5658.0,15742.0
17216,11622.0,1968.0,824.0,8565.0
17217,4897.0,429.0,813.0,4282.0
17218,3816.0,718.0,1062.0,9014.0
17219,2520.0,554.0,765.0,5741.0
17220,2704.0,485.0,1239.0,14355.0
17221,4175.0,686.0,1719.0,8222.0
17222,4430.0,776.0,3736.0,4717.0
17223,6864.0,790.0,1056.0,17726.0
17224,5972.0,542.0,1731.0,8980.0
17225,4076.0,603.0,2886.0,11160.0
17226,4928.0,357.0,353.0,4954.0
17227,11145.0,825.0,1070.0,2533.0
17228,8089.0,1607.0,2657.0,6149.0
17229,5086.0,227.0,3619.0,10078.0
17230,22761.0,1886.0,3441.0,8139.0
17231,3327.0,1522.0,-0.0,707.0
17232,7261.0,699.0,2394.0,3879.0
17233,8278.0,430.0,1918.0,7187.0
17234,3719.0,759.0,1812.0,8318.0
17235,3898.0,807.0,1278.0,9016.0
17236,3157.0,712.0,2560.0,14275.0
17237,4504.0,1057.0,2082.0,7364.0
17238,8222.0,985.0,1787.0,11451.0
17239,3520.0,239.0,2491.0,8137.0
17240,2643.0,700.0,1633.0,8844.0
17241,4353.0,867.0,1302.0,12116.0
17242,5759.0,59.0,2571.0,10668.0
17243,7144.0,493.0,1902.0,11122.0
17244,5384.0,1079.0,376.0,6286.0
17245,2924.0,422.0,662.0,8100.0
17246,5556.0,2239.0,3070.0,4618.0
17247,4749.0,670.0,1505.0,8936.0
17248,10585.0,1552.0,3200.0,8792.0
17249,7034.0,759.0,1257.0,1172.0
17250,7304.0,890.0,1784.0,2965.0
17251,3187.0,778.0,1136.0,8015.0
17252,22043.0,2726.0,-0.0,10181.0
17253,9545.0,472.0,2050.0,8473.0
17254,32837.0,1808.0,4596.0,18582.0
17255,10238.0,1052.0,848.0,4376.0
17256,8728.0,1581.0,1362.0,190.0
17257,9141.0,845.0,1318.0,3515.0
17258,21860.0,1903.0,2271.0,10923.0
17259,285139.0,70888.0,12215.0,244370.0
17260,9413.0,874.0,1775.0,5225.0
17261,8550.0,1151.0,1791.0,2805.0
17262,17592.0,1807.0,1828.0,5173.0
17263,4678.0,1100.0,1753.0,4525.0
17264,3359.0,1705.0,2917.0,3691.0
17265,4591.0,457.0,2066.0,5217.0
17266,3651.0,373.0,1579.0,4513.0
17267,5338.0,782.0,1552.0,7527.0
17268,3014.0,293.0,1265.0,4900.0
17269,8457.0,638.0,3071.0,10249.0
17270,2906.0,355.0,372.0,9932.0
17271,6404.0,1359.0,1053.0,5640.0
17272,2556.0,943.0,1585.0,13676.0
17273,18781.0,803.0,1663.0,12218.0
17274,6764.0,680.0,2367.0,8311.0
17275,59089.0,6395.0,4277.0,22889.0
17276,3713.0,1230.0,1659.0,1450.0
17277,3732.0,803.0,4220.0,11883.0
17278,5145.0,451.0,2202.0,7001.0
17279,6234.0,851.0,2351.0,7211.0
17280,7620.0,838.0,3111.0,7007.0
17281,3163.0,790.0,2420.0,10928.0
17282,13175.0,1157.0,1408.0,-0.0
17283,8853.0,1964.0,729.0,12115.0
17284,3819.0,890.0,1798.0,7011.0
17285,2977.0,280.0,2425.0,10926.0
17286,31594.0,2361.0,4631.0,11919.0
17287,28074.0,1888.0,3533.0,15485.0
17288,3499.0,658.0,2238.0,7425.0
17289,13980.0,1809.0,3264.0,7476.0
17290,13197.0,349.0,1110.0,7970.0
17291,7563.0,1221.0,520.0,10634.0
17292,23425.0,1734.0,3065.0,11451.0
17293,5049.0,726.0,1420.0,9169.0
17294,9877.0,552.0,3517.0,11649.0
17295,9720.0,383.0,1612.0,7091.0
17296,10420.0,899.0,1994.0,10420.0
17297,55861.0,13490.0,31623.0,98993.0
17298,7416.0,507.0,331.0,6426.0
17299,10721.0,1181.0,1164.0,7230.0
17300,7553.0,349.0,1170.0,2117.0
17301,4999.0,694.0,1498.0,13837.0
17302,7699.0,663.0,2316.0,1208.0
17303,22856.0,1254.0,2168.0,8445.0
17304,4399.0,968.0,1485.0,3672.0
17305,5596.0,1371.0,3837.0,11134.0
17306,16871.0,1213.0,1961.0,11949.0
17307,6923.0,996.0,2495.0,12723.0
17308,46338.0,3879.0,15123.0,14506.0
17309,24225.0,2011.0,3702.0,8780.0
17310,34530.0,2919.0,3951.0,7761.0
17311,13447.0,990.0,3203.0,7373.0
17312,13940.0,1315.0,2486.0,5236.0
17313,44394.0,2905.0,38835.0,79599.0
17314,18091.0,1980.0,1760.0,11565.0
17315,5849.0,1019.0,2052.0,7654.0
17316,5089.0,2915.0,4331.0,16419.0
17317,11952.0,1556.0,2184.0,3663.0
17318,5830.0,1268.0,998.0,10511.0
17319,32244.0,2536.0,2333.0,10836.0
17320,10181.0,956.0,910.0,6030.0
17321,6532.0,1583.0,1048.0,3186.0
17322,9982.0,1061.0,2294.0,6829.0
17323,5269.0,176.0,2434.0,767.0
17324,31978.0,2663.0,2017.0,6329.0
17325,8583.0,957.0,793.0,11463.0
17326,21024.0,1694.0,1495.0,4019.0
17327,5000.0,410.0,865.0,7149.0
17328,6546.0,1034.0,2371.0,9047.0
17329,24378.0,1721.0,3446.0,6620.0
17330,3979.0,432.0,3247.0,8883.0
17331,5051.0,543.0,2953.0,11741.0
17332,4286.0,469.0,2334.0,1446.0
17333,21468.0,915.0,4267.0,7380.0
17334,10352.0,1752.0,1283.0,7087.0
17335,27097.0,2836.0,3080.0,7679.0
17336,6692.0,574.0,1162.0,6050.0
17337,6972.0,659.0,1658.0,12381.0
17338,10332.0,918.0,1823.0,3633.0
17339,3216.0,932.0,4892.0,6919.0
17340,3791.0,122.0,1717.0,7314.0
17341,11801.0,493.0,1639.0,11766.0
17342,20905.0,2472.0,3446.0,13919.0
17343,7693.0,533.0,548.0,4139.0
17344,5396.0,1039.0,1070.0,9151.0
17345,4839.0,607.0,1987.0,7761.0
17346,46019.0,3504.0,1246.0,7187.0
17347,6277.0,1290.0,1451.0,9297.0
17348,4991.0,363.0,1201.0,3572.0
17349,5498.0,1399.0,1153.0,5704.0
17350,23905.0,2405.0,2838.0,4421.0
17351,9608.0,1138.0,158.0,2961.0
17352,3306.0,839.0,1150.0,12613.0
17353,4197.0,504.0,3181.0,6323.0
17354,28248.0,3196.0,5350.0,8010.0
17355,4483.0,76.0,1316.0,8505.0
17356,3412.0,1030.0,2180.0,5903.0
17357,3117.0,997.0,1900.0,14841.0
17358,3749.0,154.0,920.0,5521.0
17359,6114.0,940.0,2347.0,2410.0
17360,2780.0,297.0,1882.0,12441.0
17361,12983.0,1715.0,823.0,1105.0
17362,29213.0,3069.0,2391.0,6618.0
17363,2777.0,236.0,1946.0,7357.0
17364,11430.0,990.0,1518.0,9879.0
17365,2529.0,884.0,1340.0,5908.0
17366,8452.0,1181.0,2576.0,5684.0
17367,49832.0,5187.0,12192.0,35593.0
17368,5014.0,656.0,954.0,5684.0
17369,4147.0,113.0,2901.0,5724.0
17370,3949.0,525.0,1423.0,10775.0
17371,6605.0,1797.0,3033.0,4224.0
17372,22163.0,2313.0,5870.0,4639.0
17373,18282.0,1130.0,4747.0,10023.0
17374,9772.0,910.0,1795.0,11198.0
17375,5561.0,1093.0,3815.0,6042.0
17376,8620.0,421.0,2879.0,11042.0
17377,8542.0,914.0,2483.0,7833.0
17378,7288.0,511.0,1128.0,3172.0
17379,55163.0,20072.0,36892.0,62067.0
17380,47046.0,4751.0,3537.0,7069.0
17381,13756.0,4557.0,6246.0,26271.0
17382,6177.0,811.0,4208.0,5828.0
17383,13876.0,1844.0,3178.0,4146.0
17384,5009.0,754.0,2318.0,8139.0
17385,3851.0,742.0,1241.0,5728.0
17386,4153.0,1993.0,2961.0,8334.0
17387,6067.0,841.0,2657.0,9405.0
17388,4471.0,458.0,3351.0,7691.0
17389,3677.0,783.0,11.0,6551.0
17390,14895.0,1099.0,2541.0,8223.0
17391,6155.0,887.0,2282.0,3383.0
17392,4429.0,2401.0,6019.0,10317.0
17393,3110.0,213.0,1747.0,5426.0
17394,13153.0,889.0,2147.0,6673.0
17395,4493.0,1031.0,1604.0,611.0
17396,3648.0,357.0,3090.0,15338.0
17397,3898.0,342.0,2683.0,-0.0
17398,4396.0,175.0,2215.0,7546.0
17399,9324.0,1310.0,1396.0,6001.0
17400,5448.0,1318.0,1544.0,8527.0
17401,25217.0,1796.0,3279.0,10473.0
17402,3398.0,420.0,1368.0,13719.0
17403,4326.0,524.0,1544.0,6034.0
17404,6009.0,596.0,1521.0,7596.0
17405,2927.0,86.0,1804.0,13870.0
17406,27890.0,2932.0,3035.0,6906.0
17407,15418.0,921.0,1939.0,5956.0
17408,3393.0,549.0,1819.0,8820.0
17409,16960.0,1544.0,2965.0,6929.0
17410,8407.0,561.0,2491.0,12758.0
17411,3929.0,834.0,2798.0,6618.0
17412,7012.0,276.0,686.0,5629.0
17413,7316.0,674.0,1168.0,17242.0
17414,3139.0,1372.0,758.0,6681.0
17415,10295.0,841.0,2212.0,11742.0
17416,8538.0,309.0,2865.0,8173.0
17417,22087.0,2732.0,1137.0,10786.0
17418,4668.0,556.0,2882.0,13067.0
17419,2999.0,214.0,33.0,2106.0
17420,54066.0,6658.0,36231.0,58013.0
17421,2997.0,622.0,2728.0,10852.0
17422,10482.0,1891.0,1655.0,13453.0
17423,21656.0,1694.0,1672.0,3137.0
17424,3771.0,740.0,551.0,8580.0
17425,15302.0,1103.0,3929.0,4269.0
17426,4580.0,299.0,3146.0,9798.0
17427,4782.0,1044.0,3724.0,4613.0
17428,7910.0,696.0,2577.0,8279.0
17429,22160.0,568.0,3441.0,5542.0
17430,4846.0,654.0,639.0,759.0
17431,14479.0,1784.0,3364.0,12418.0
17432,4702.0,292.0,1099.0,9945.0
17433,6389.0,653.0,3117.0,3866.0
17434,5032.0,976.0,3646.0,9695.0
17435,4891.0,672.0,2337.0,-0.0
17436,77408.0,6956.0,141552.0,87470.0
17437,7945.0,1006.0,730.0,10382.0
17438,3676.0,1382.0,2861.0,6339.0
17439,8790.0,1837.0,1340.0,6447.0
17440,8924.0,1152.0,1620.0,6238.0
17441,6447.0,1185.0,2439.0,683.0
17442,40911.0,2403.0,1336.0,6669.0
17443,4748.0,1175.0,728.0,15117.0
17444,2630.0,752.0,1488.0,12166.0
17445,29139.0,4102.0,2368.0,4525.0
17446,4154.0,253.0,1534.0,6054.0
17447,5467.0,338.0,2691.0,8519.0
17448,2953.0,290.0,1217.0,10013.0
17449,30033.0,2825.0,3789.0,12535.0
17450,6979.0,1261.0,3310.0,7538.0
17451,5728.0,633.0,1058.0,4379.0
17452,193028.0,13233.0,3826.0,23191.0
17453,6148.0,557.0,1121.0,7539.0
17454,5605.0,1197.0,1715.0,13834.0
17455,14242.0,697.0,1028.0,6078.0
17456,18104.0,2811.0,4517.0,10132.0
17457,33000.0,12709.0,408850.0,76268.0
17458,4822.0,532.0,-0.0,8834.0
17459,3575.0,821.0,2705.0,8328.0
17460,11373.0,994.0,2922.0,5395.0
17461,23574.0,2097.0,3633.0,6146.0
17462,3851.0,755.0,1714.0,6817.0
17463,2576.0,14.0,740.0,4448.0
17464,7122.0,629.0,2768.0,6887.0
17465,20326.0,1151.0,3255.0,15106.0
17466,3026.0,1108.0,-0.0,9545.0
17467,5196.0,1188.0,730.0,4649.0
17468,3398.0,788.0,887.0,11471.0
17469,12058.0,972.0,3077.0,5840.0
17470,4003.0,1335.0,2420.0,6269.0
17471,2552.0,481.0,707.0,5548.0
17472,7313.0,1406.0,2058.0,9940.0
17473,84090.0,5165.0,5060.0,25819.0
17474,3311.0,373.0,4401.0,9896.0
17475,4661.0,969.0,3176.0,7698.0
17476,13182.0,960.0,4216.0,7197.0
17477,22886.0,1244.0,39222.0,17251.0
17478,5001.0,987.0,3040.0,11039.0
17479,6261.0,986.0,2149.0,8359.0
17480,3365.0,1038.0,321.0,1685.0
17481,2651.0,331.0,2419.0,9771.0
17482,4587.0,1002.0,1706.0,7777.0
17483,8003.0,606.0,1471.0,8975.0
17484,3490.0,599.0,1069.0,12992.0
17485,8723.0,807.0,1211.0,11671.0
17486,6943.0,1273.0,3590.0,4175.0
17487,5182.0,1234.0,2035.0,6379.0
17488,4378.0,837.0,2287.0,18381.0
17489,20636.0,2580.0,2086.0,12186.0
17490,8016.0,660.0,1337.0,7435.0
17491,7976.0,1286.0,2359.0,541.0
17492,5859.0,618.0,3229.0,7474.0
17493,3824.0,121.0,3656.0,5207.0
17494,3925.0,1295.0,2387.0,6317.0
17495,6677.0,514.0,2428.0,4322.0
17496,3583.0,516.0,1057.0,4519.0
17497,43177.0,2624.0,2513.0,4643.0
17498,2461.0,466.0,1089.0,4946.0
17499,23878.0,14110.0,30823.0,45883.0
17500,5186.0,270.0,2424.0,9129.0
17501,27648.0,1447.0,1117.0,4472.0
17502,5545.0,865.0,2867.0,2486.0
17503,5193.0,899.0,2702.0,9504.0
17504,7191.0,635.0,1684.0,1718.0
17505,3205.0,259.0,1526.0,9486.0
17506,24845.0,2822.0,1602.0,4604.0
17507,24157.0,2239.0,2865.0,7187.0
17508,8220.0,966.0,2337.0,9334.0
17509,12595.0,2548.0,2877.0,9520.0
17510,18172.0,1448.0,3192.0,3576.0
17511,3177.0,852.0,1488.0,8699.0
17512,30033.0,2062.0,1973.0,13590.0
17513,45101.0,2893.0,1918.0,6537.0
17514,22500.0,1856.0,1198.0,9174.0
17515,5203.0,972.0,1680.0,7498.0
17516,26856.0,9577.0,21256.0,24443.0
17517,3927.0,652.0,2341.0,7638.0
17518,4858.0,1247.0,1733.0,12418.0
17519,14602.0,1511.0,2938.0,5104.0
17520,4731.0,1252.0,1537.0,6205.0
17521,36480.0,6587.0,2876.0,18532.0
17522,32170.0,1753.0,9459.0,11358.0
17523,5758.0,1792.0,1659.0,6747.0
17524,36771.0,2188.0,2786.0,9650.0
17525,4962.0,290.0,2209.0,8048.0
17526,3687.0,413.0,459.0,6145.0
17527,2588.0,433.0,2775.0,11997.0
17528,5828.0,233.0,2427.0,12800.0
17529,4691.0,372.0,1273.0,9815.0
17530,3709.0,2127.0,762621.0,385278.0
17531,3229.0,574.0,2868.0,9139.0
17532,19342.0,2134.0,12461.0,17602.0
17533,5980.0,570.0,2203.0,9922.0
17534,3405.0,1073.0,1580.0,4594.0
17535,93107.0,7008.0,15762.0,11892.0
17536,8965.0,979.0,1247.0,16322.0
17537,4253.0,966.0,1743.0,4314.0
17538,6680.0,553.0,403.0,4376.0
17539,8418.0,1402.0,1922.0,5979.0
17540,4394.0,804.0,811.0,-0.0
17541,4897.0,519.0,1639.0,6978.0
17542,3678.0,571.0,1459.0,9541.0
17543,3706.0,409.0,1591.0,-0.0
17544,2648.0,524.0,1615.0,4421.0
17545,5903.0,594.0,2108.0,9541.0
17546,8476.0,1348.0,2223.0,8090.0
17547,13747.0,1489.0,2986.0,14804.0
17548,7970.0,1029.0,1774.0,5365.0
17549,2874.0,407.0,2630.0,8774.0
17550,3004.0,1000.0,2188.0,5860.0
17551,5017.0,560.0,1535.0,3855.0
17552,4174.0,127.0,2182.0,8471.0
17553,18918.0,605.0,1664.0,4241.0
17554,15340.0,1266.0,2757.0,10455.0
17555,6375.0,1440.0,309.0,4779.0
17556,32516.0,4988.0,19847.0,37086.0
17557,4585.0,747.0,1543.0,5858.0
17558,7666.0,1176.0,1050.0,6278.0
17559,2980.0,1731.0,5052.0,11591.0
17560,10421.0,1767.0,2374.0,14655.0
17561,4999.0,922.0,3220.0,5146.0
17562,4496.0,586.0,2272.0,10323.0
17563,4039.0,291.0,1493.0,5368.0
17564,4801.0,827.0,3367.0,5834.0
17565,37476.0,2550.0,1819.0,7186.0
17566,26018.0,1092.0,4131.0,7474.0
17567,3814.0,1091.0,2935.0,10980.0
17568,4657.0,730.0,2168.0,8665.0
17569,4229.0,544.0,1470.0,5782.0
17570,35894.0,4912.0,4894.0,16186.0
17571,2478.0,298.0,858.0,11043.0
17572,8049.0,4084.0,79008.0,14718.0
17573,4510.0,489.0,1478.0,5802.0
17574,8224.0,830.0,4041.0,11135.0
17575,4827.0,988.0,2013.0,2813.0
17576,5084.0,890.0,2087.0,9931.0
17577,12752.0,950.0,2239.0,7549.0
17578,3216.0,217.0,2853.0,4453.0
17579,7242.0,750.0,2644.0,11719.0
17580,18137.0,2002.0,3184.0,9971.0
17581,3582.0,865.0,2528.0,10208.0
17582,4324.0,671.0,1878.0,3344.0
17583,2731.0,917.0,1383.0,8708.0
17584,8069.0,606.0,2914.0,8264.0
17585,33944.0,1670.0,2734.0,9112.0
17586,3180.0,154.0,3440.0,12361.0
17587,8667.0,982.0,4526.0,2155.0
17588,2589.0,310.0,1405.0,12254.0
17589,14820.0,1591.0,2859.0,7674.0
17590,4692.0,1156.0,2214.0,5134.0
17591,5244.0,427.0,949.0,-0.0
17592,17639.0,840.0,1492.0,4426.0
17593,55211.0,3924.0,1663.0,8855.0
17594,3436.0,355.0,1491.0,4031.0
17595,6140.0,890.0,1756.0,6669.0
17596,3927.0,301.0,1260.0,14011.0
17597,12202.0,951.0,2999.0,9902.0
17598,9603.0,1118.0,1533.0,7380.0
17599,4664.0,1004.0,3437.0,10751.0
17600,28244.0,1555.0,2126.0,8553.0
17601,4757.0,382.0,1246.0,12053.0
17602,6818.0,1168.0,2232.0,6069.0
17603,13023.0,985.0,1751.0,2561.0
17604,3102.0,595.0,2634.0,5738.0
17605,2578.0,174.0,1221.0,8903.0
17606,81439.0,24086.0,83540.0,35459.0
17607,6691.0,324.0,2117.0,4331.0
17608,9419.0,1572.0,1734.0,6250.0
17609,8066.0,1161.0,3370.0,9065.0
17610,2893.0,424.0,826.0,3663.0
17611,17637.0,1850.0,2014.0,6476.0
17612,2856.0,573.0,1114.0,5712.0
17613,12706.0,1819.0,2873.0,9753.0
17614,23077.0,1196.0,2910.0,6148.0
17615,7256.0,621.0,4106.0,6402.0
17616,3781.0,778.0,2852.0,3966.0
17617,29977.0,1841.0,1989.0,6490.0
17618,6308.0,1814.0,1363.0,5844.0
17619,40894.0,3042.0,1994.0,6102.0
17620,18130.0,1631.0,2287.0,10221.0
17621,7196.0,1432.0,1294.0,7563.0
17622,8306.0,604.0,1478.0,8574.0
17623,6397.0,673.0,883.0,5545.0
17624,40594.0,2357.0,3060.0,10000.0
17625,5394.0,1291.0,1495.0,10781.0
17626,3994.0,2213.0,57545.0,15624.0
17627,27972.0,1810.0,2974.0,14023.0
17628,9445.0,1851.0,1278.0,4225.0
17629,6003.0,734.0,2172.0,2758.0
17630,7089.0,573.0,2021.0,4820.0
17631,38320.0,4155.0,14834.0,64009.0
17632,4348.0,1510.0,2922.0,8887.0
17633,6253.0,747.0,1767.0,5037.0
17634,7498.0,227.0,1825.0,6748.0
17635,15182.0,727.0,3541.0,4004.0
17636,6519.0,714.0,1749.0,9259.0
17637,30630.0,1686.0,1580.0,11654.0
17638,4348.0,602.0,1645.0,10299.0
17639,4188.0,626.0,1063.0,7150.0
17640,2958.0,349.0,2095.0,1813.0
17641,4317.0,935.0,2885.0,5365.0
17642,5477.0,132.0,2824.0,8160.0
17643,4259.0,362.0,1766.0,6042.0
17644,2697.0,477.0,343.0,11134.0
17645,2805.0,519.0,766.0,9376.0
17646,7450.0,708.0,3013.0,14051.0
17647,4798.0,681.0,1072.0,16432.0
17648,7506.0,498.0,2904.0,1043.0
17649,7314.0,604.0,3219.0,5190.0
17650,17227.0,1937.0,2320.0,7573.0
17651,2772.0,701.0,3027.0,14518.0
17652,8375.0,1399.0,2564.0,9053.0
17653,3683.0,311.0,810.0,4116.0
17654,4212.0,526.0,1336.0,2536.0
17655,3333.0,1003.0,2583.0,5942.0
17656,6599.0,510.0,2730.0,6705.0
17657,14260.0,1580.0,1117.0,4567.0
17658,23679.0,2617.0,1233.0,9850.0
17659,7917.0,1657.0,3207.0,11809.0
17660,4135.0,904.0,1598.0,9112.0
17661,23612.0,4050.0,3104.0,37.0
17662,4507.0,622.0,1676.0,4545.0
17663,38336.0,4909.0,847.0,13889.0
17664,5547.0,1027.0,-0.0,-0.0
17665,4752.0,410.0,719.0,-0.0
17666,3334.0,572.0,2075.0,16566.0
17667,7574.0,1352.0,2337.0,3966.0
17668,5416.0,504.0,1460.0,9388.0
17669,14346.0,345.0,1999.0,5934.0
17670,3141.0,1383.0,3443.0,18078.0
17671,8009.0,606.0,962.0,6841.0
17672,40129.0,2533.0,1905.0,13492.0
17673,4396.0,745.0,1599.0,4572.0
17674,3516.0,284.0,1565.0,9723.0
17675,2498.0,958.0,1262.0,8193.0
17676,25721.0,2708.0,2551.0,14859.0
17677,3233.0,175.0,1522.0,4101.0
17678,5749.0,897.0,2599.0,11878.0
17679,35564.0,2781.0,3877.0,9339.0
17680,3788.0,497.0,1101.0,4504.0
17681,68554.0,4504.0,2439.0,8218.0
17682,5846.0,310.0,3713.0,15165.0
17683,4517.0,607.0,2705.0,7485.0
17684,3515.0,552.0,2653.0,6090.0
17685,2863.0,694.0,965.0,7326.0
17686,3098.0,542.0,-0.0,6006.0
17687,28142.0,1656.0,1849.0,2371.0
17688,14392.0,1056.0,3652.0,7481.0
17689,4131.0,758.0,57.0,7282.0
17690,9245.0,587.0,3498.0,5230.0
17691,21710.0,2115.0,1574.0,10627.0
17692,3167.0,271.0,1291.0,8313.0
17693,5070.0,1345.0,1861.0,14864.0
17694,2489.0,329.0,3427.0,4723.0
17695,7464.0,1294.0,1977.0,4666.0
17696,2623.0,893.0,936.0,8032.0
17697,3511.0,361.0,2154.0,10518.0
17698,2860.0,788.0,2423.0,3817.0
17699,7017.0,622.0,1848.0,6607.0
17700,7599.0,954.0,2724.0,7850.0
17701,84187.0,8455.0,152771.0,142971.0
17702,31178.0,2227.0,2970.0,13339.0
17703,16823.0,1163.0,2318.0,7074.0
17704,27489.0,2490.0,3049.0,14906.0
17705,5337.0,526.0,961.0,2875.0
17706,6851.0,302.0,3086.0,13884.0
17707,4722.0,1073.0,1751.0,1996.0
17708,11882.0,853.0,1540.0,7013.0
17709,4497.0,352.0,2986.0,8605.0
17710,8774.0,645.0,1676.0,12259.0
17711,24118.0,2559.0,3848.0,5934.0
17712,25475.0,3789.0,1746.0,10794.0
17713,12430.0,1335.0,3728.0,11305.0
17714,7014.0,1121.0,2666.0,5669.0
17715,40510.0,8149.0,12857.0,17116.0
17716,4239.0,991.0,861.0,3380.0
17717,5266.0,620.0,1611.0,9866.0
17718,6109.0,1254.0,189.0,5232.0
17719,4666.0,736.0,461.0,1490.0
17720,5906.0,486.0,1372.0,3998.0
17721,33349.0,20161.0,25252.0,60558.0
17722,4379.0,242.0,2132.0,7636.0
17723,18092.0,1212.0,1115.0,8305.0
17724,7556.0,1412.0,1936.0,5158.0
17725,19229.0,2034.0,2296.0,6275.0
17726,7131.0,1913.0,2094.0,6876.0
17727,3235.0,455.0,2511.0,12442.0
17728,6734.0,1157.0,2285.0,7633.0
17729,6036.0,1128.0,1936.0,12969.0
17730,10709.0,545.0,3228.0,12529.0
17731,6826.0,985.0,2587.0,12726.0
17732,11313.0,604.0,2439.0,12562.0
17733,7877.0,625.0,1137.0,9360.0
17734,3815.0,643.0,975.0,4869.0
17735,20287.0,2165.0,1548.0,3652.0
17736,4368.0,944.0,72.0,4403.0
17737,3056.0,533.0,1668.0,52.0
17738,3468.0,208.0,992.0,6006.0
17739,30046.0,1623.0,2615.0,7570.0
17740,20595.0,1954.0,3045.0,13458.0
17741,29018.0,2721.0,3001.0,13663.0
17742,6488.0,480.0,1307.0,8838.0
17743,3317.0,817.0,1718.0,2159.0
17744,17211.0,1461.0,1397.0,17287.0
17745,5890.0,801.0,2151.0,8150.0
17746,23776.0,3884.0,6172.0,16724.0
17747,4899.0,1932.0,2180.0,4622.0
17748,9863.0,1204.0,2066.0,10215.0
17749,9624.0,1472.0,2318.0,11661.0
17750,7886.0,996.0,2244.0,12763.0
17751,3576.0,636.0,2737.0,4101.0
17752,4020.0,498.0,740.0,8049.0
17753,16259.0,2459.0,1499.0,9066.0
17754,11447.0,799.0,1653.0,5178.0
17755,5133.0,901.0,1942.0,2450.0
17756,28990.0,4174.0,24763.0,43565.0
17757,8787.0,597.0,2874.0,8873.0
17758,5106.0,1004.0,1777.0,10635.0
17759,3540.0,788.0,2184.0,8151.0
17760,3348.0,769.0,1971.0,12837.0
17761,5460.0,1168.0,909.0,11998.0
17762,18078.0,1416.0,977.0,14629.0
17763,38877.0,10818.0,16750.0,10462.0
17764,19031.0,2931.0,2255.0,6312.0
17765,5497.0,384.0,2437.0,5711.0
17766,6426.0,581.0,992.0,3334.0
17767,4177.0,545.0,2699.0,5933.0
17768,3709.0,1049.0,1765.0,11550.0
17769,5815.0,473.0,1146.0,9515.0
17770,5086.0,504.0,1296.0,12674.0
17771,3196.0,528.0,2527.0,7733.0
17772,2849.0,548.0,782.0,4189.0
17773,2877.0,165.0,2556.0,5436.0
17774,127883.0,9817.0,15251.0,45572.0
17775,6028.0,512.0,3476.0,4737.0
17776,5455.0,526.0,477.0,8946.0
17777,13768.0,1655.0,1684.0,9438.0
17778,3780.0,1190.0,1786.0,5379.0
17779,5452.0,615.0,2210.0,17373.0
17780,2917.0,426.0,1104.0,-0.0
17781,5158.0,974.0,302.0,11567.0
17782,4219.0,28.0,1938.0,10150.0
17783,7533.0,1301.0,2922.0,2692.0
17784,12636.0,762.0,3077.0,23580.0
17785,6736.0,858.0,921.0,17348.0
17786,6711.0,822.0,-0.0,2715.0
17787,14919.0,1860.0,4480.0,10610.0
17788,7198.0,433.0,1275.0,11267.0
17789,4210.0,1022.0,2260.0,-0.0
17790,3097.0,180.0,1014.0,11562.0
17791,2516.0,291.0,1937.0,616.0
17792,3211.0,163.0,-0.0,8515.0
17793,3582.0,337.0,441.0,2814.0
17794,17579.0,1111.0,2316.0,12832.0
17795,3975.0,689.0,1873.0,4286.0
17796,4231.0,1039.0,839.0,6443.0
17797,7231.0,577.0,2205.0,13350.0
17798,4940.0,796.0,1915.0,8379.0
17799,4217.0,1014.0,2824.0,8280.0
17800,5729.0,479.0,2661.0,8334.0
17801,2474.0,932.0,858.0,6042.0
17802,7742.0,556.0,2430.0,7872.0
17803,18531.0,1753.0,7560.0,5093.0
17804,12158.0,1705.0,1546.0,11150.0
17805,46667.0,5767.0,9232.0,18119.0
17806,12995.0,1144.0,582.0,6322.0
17807,8458.0,1458.0,2480.0,10882.0
17808,4088.0,599.0,316.0,10208.0
17809,6043.0,696.0,3864.0,4993.0
17810,12897.0,792.0,1571.0,5058.0
17811,4621.0,549.0,2306.0,5208.0
17812,3474.0,54.0,1195.0,12213.0
17813,2547.0,581.0,1188.0,2193.0
17814,3727.0,544.0,2362.0,9858.0
17815,4867.0,21.0,1362.0,5625.0
17816,10336.0,913.0,1774.0,8076.0
17817,6232.0,763.0,2084.0,6519.0
17818,3940.0,1008.0,2042.0,10002.0
17819,20169.0,1527.0,2876.0,3062.0
17820,4083.0,154.0,-0.0,3554.0
17821,32639.0,3086.0,3215.0,10629.0
17822,4614.0,537.0,2744.0,7422.0
17823,14051.0,1463.0,2644.0,16492.0
17824,7340.0,653.0,540.0,10731.0
17825,5343.0,507.0,2478.0,8314.0
17826,2753.0,354.0,4129.0,9508.0
17827,9756.0,831.0,524.0,6805.0
17828,32584.0,2178.0,2614.0,7277.0
17829,17512.0,1098.0,2941.0,5687.0
17830,58911.0,3238.0,4008.0,8242.0
17831,4640.0,275.0,38.0,35.0
17832,2775.0,1018.0,2835.0,3934.0
17833,6079.0,997.0,2205.0,8487.0
17834,11612.0,955.0,2848.0,8351.0
17835,19127.0,611.0,2163.0,7090.0
17836,6649.0,961.0,1546.0,7433.0
17837,4075.0,360.0,2774.0,10565.0
17838,11897.0,1106.0,1567.0,9768.0
17839,8240.0,339.0,4689.0,14542.0
17840,26499.0,1894.0,2349.0,4469.0
17841,2717.0,979.0,1631.0,6610.0
17842,31697.0,2928.0,7029.0,10418.0
17843,21475.0,2600.0,2100.0,5743.0
17844,15076.0,875.0,1085.0,14420.0
17845,27098.0,1430.0,2559.0,11468.0
17846,4151.0,343.0,2027.0,9366.0
17847,9118.0,712.0,3647.0,2963.0
17848,5822.0,500.0,2122.0,9152.0
17849,2951.0,614.0,1340.0,6553.0
17850,8026.0,500.0,4742.0,12126.0
17851,4519.0,1091.0,587.0,3857.0
17852,22488.0,1377.0,1947.0,9130.0
17853,9096.0,583.0,1259.0,1303.0
17854,11198.0,565.0,1443.0,7723.0
17855,7557.0,1146.0,5883.0,6786.0
17856,14988.0,1272.0,4701.0,4747.0
17857,14251.0,1839.0,2074.0,4913.0
17858,7435.0,1622.0,3342.0,8740.0
17859,2471.0,719.0,2038.0,12870.0
17860,10301.0,1189.0,2960.0,6536.0
17861,3262.0,276.0,2686.0,5519.0
17862,4270.0,1141.0,2588.0,5311.0
17863,29401.0,2409.0,1538.0,4097.0
17864,8027.0,816.0,2496.0,4576.0
17865,34258.0,4128.0,4194.0,6419.0
17866,5640.0,643.0,3025.0,10023.0
17867,5047.0,557.0,2700.0,1794.0
17868,43326.0,3846.0,3100.0,12775.0
17869,27439.0,2346.0,3507.0,8224.0
17870,11408.0,2564.0,1486.0,5764.0
17871,3267.0,1204.0,2488.0,7737.0
17872,5338.0,496.0,1628.0,10055.0
17873,8227.0,920.0,1800.0,7499.0
17874,39106.0,2765.0,1412.0,12149.0
17875,37461.0,2308.0,130.0,11062.0
17876,43102.0,3717.0,3507.0,5981.0
17877,9583.0,1436.0,2422.0,6755.0
17878,42873.0,3197.0,2514.0,11572.0
17879,34583.0,2239.0,1670.0,9846.0
17880,4406.0,689.0,1481.0,10259.0
17881,5305.0,1477.0,1789.0,6480.0
17882,3318.0,280.0,488.0,5143.0
17883,4646.0,787.0,3651.0,7061.0
17884,2903.0,23.0,268.0,9464.0
17885,6406.0,1445.0,3044.0,9863.0
17886,21594.0,1771.0,2190.0,4779.0
17887,5603.0,242.0,1838.0,4822.0
17888,4270.0,502.0,2144.0,7446.0
17889,8917.0,463.0,2805.0,10859.0
17890,3662.0,1246.0,4035.0,8438.0
17891,2810.0,59.0,1689.0,8750.0
17892,49068.0,2712.0,2675.0,12516.0
17893,3469.0,779.0,2741.0,14216.0
17894,11878.0,1692.0,905.0,10827.0
17895,120616.0,16546.0,20856.0,27194.0
17896,4840.0,2797.0,6441.0,22127.0
17897,11660.0,1714.0,2430.0,6552.0
17898,18895.0,1165.0,2387.0,11853.0
17899,4692.0,764.0,-0.0,5346.0
17900,4605.0,682.0,612.0,11097.0
17901,3050.0,339.0,2476.0,-0.0
17902,3631.0,786.0,2490.0,5878.0
17903,46325.0,3235.0,5327.0,8423.0
17904,2909.0,78.0,2384.0,6488.0
17905,8326.0,517.0,1160.0,3007.0
17906,5106.0,717.0,2511.0,6055.0
17907,17374.0,1092.0,3253.0,6085.0
17908,5528.0,421.0,2203.0,9665.0
17909,4880.0,1601.0,1215.0,9172.0
17910,2621.0,544.0,2263.0,6129.0
17911,3365.0,1056.0,1525.0,3761.0
17912,39279.0,2237.0,1842.0,9909.0
17913,3165.0,533.0,1316.0,10144.0
17914,4713.0,808.0,823.0,9119.0
17915,6396.0,1042.0,1646.0,2585.0
17916,7139.0,252.0,1585.0,4611.0
17917,30097.0,1290.0,3592.0,10641.0
17918,8450.0,822.0,513.0,6544.0
17919,17209.0,2756.0,2767.0,2853.0
17920,4670.0,288.0,917.0,3742.0
17921,4407.0,759.0,1526.0,2400.0
17922,4100.0,69.0,544.0,3912.0
17923,136395.0,95875.0,268177.0,350755.0
17924,7644.0,969.0,2211.0,7882.0
17925,7916.0,2115.0,2874.0,9141.0
17926,2568.0,353.0,1705.0,7497.0
17927,4096.0,699.0,4368.0,9195.0
17928,4868.0,718.0,3409.0,13186.0
17929,40910.0,3747.0,1476.0,8231.0
17930,2748.0,618.0,3163.0,8847.0
17931,6890.0,971.0,1849.0,16682.0
17932,2582.0,136.0,992.0,6066.0
17933,4618.0,720.0,3162.0,5209.0
17934,3256.0,353.0,3268.0,10233.0
17935,11917.0,502.0,2661.0,5461.0
17936,4382.0,551.0,2533.0,8377.0
17937,4154.0,526.0,1752.0,8688.0
17938,5491.0,678.0,1286.0,3971.0
17939,4115.0,506.0,2113.0,15742.0
17940,9045.0,972.0,2292.0,5627.0
17941,12358.0,1875.0,2646.0,13655.0
17942,3844.0,861.0,2492.0,7424.0
17943,57422.0,5305.0,2934.0,10942.0
17944,8021.0,811.0,3505.0,738.0
17945,6014.0,461.0,2258.0,6821.0
17946,5638.0,642.0,356.0,3536.0
17947,3973.0,570.0,2133.0,1708.0
17948,7881.0,371.0,2932.0,14152.0
17949,3523.0,1062.0,2023.0,5890.0
17950,4332.0,426.0,3025.0,1718.0
17951,3522.0,146.0,1924.0,7902.0
17952,4943.0,627.0,2261.0,13963.0
17953,8564.0,1483.0,1404.0,4827.0
17954,46260.0,4413.0,2246.0,5253.0
17955,2466.0,318.0,2171.0,6851.0
17956,4332.0,785.0,1906.0,7052.0
17957,7120.0,1212.0,828.0,3121.0
17958,2687.0,640.0,1783.0,6093.0
17959,37267.0,2188.0,3268.0,11690.0
17960,16933.0,736.0,2687.0,5626.0
17961,4880.0,664.0,2232.0,2930.0
17962,4460.0,157.0,2417.0,1107.0
17963,4429.0,551.0,1442.0,6965.0
17964,4707.0,223.0,2258.0,5361.0
17965,13508.0,786.0,2495.0,3421.0
17966,9391.0,884.0,3119.0,8412.0
17967,2566.0,234.0,1548.0,3497.0
17968,5206.0,620.0,3889.0,16455.0
17969,5858.0,711.0,1621.0,6296.0
17970,31412.0,3074.0,1394.0,9099.0
17971,15605.0,1085.0,2357.0,6803.0
17972,9092.0,560.0,3610.0,1271.0
17973,3784.0,448.0,674.0,3536.0
17974,7680.0,841.0,993.0,1610.0
17975,8941.0,386.0,952.0,4576.0
17976,7203.0,884.0,2932.0,4859.0
17977,24102.0,3306.0,1950.0,17841.0
17978,4513.0,768.0,3686.0,10357.0
17979,33450.0,1791.0,3235.0,9074.0
17980,21649.0,2069.0,1512.0,1293.0
17981,4079.0,969.0,2154.0,7278.0
17982,23623.0,2049.0,2578.0,5949.0
17983,39041.0,3276.0,4736.0,10137.0
17984,6357.0,838.0,2613.0,5600.0
17985,4179.0,481.0,1396.0,-0.0
17986,7462.0,578.0,499.0,3077.0
17987,6924.0,956.0,3538.0,9912.0
17988,35029.0,2520.0,2616.0,6420.0
17989,11326.0,1006.0,3027.0,8763.0
17990,9054.0,841.0,3022.0,11119.0
17991,35632.0,1545.0,1117.0,3003.0
17992,9606.0,979.0,854.0,10742.0
17993,5278.0,1330.0,2712.0,5766.0
17994,9093.0,1061.0,2340.0,6916.0
17995,6514.0,506.0,4635.0,9587.0
17996,4672.0,232.0,2938.0,8848.0
17997,7709.0,1036.0,1196.0,7017.0
17998,7070.0,408.0,1176.0,4910.0
17999,27202.0,1938.0,1122.0,3066.0
18000,3682.0,549.0,995.0,4326.0
18001,8515.0,1028.0,2020.0,6066.0
18002,2820.0,340.0,3213.0,12849.0
18003,16663.0,1949.0,1685.0,3989.0
18004,9040.0,742.0,899.0,16716.0
18005,3753.0,508.0,329.0,11676.0
18006,12472.0,1282.0,1356.0,10118.0
18007,27219.0,2086.0,1002.0,1670.0
18008,17303.0,687.0,3649.0,17013.0
18009,27054.0,2048.0,3380.0,13402.0
18010,2903.0,748.0,2421.0,10924.0
18011,4169.0,96.0,1807.0,4481.0
18012,4359.0,1180.0,-0.0,6749.0
18013,4442.0,420.0,1737.0,7156.0
18014,9861.0,957.0,3085.0,8342.0
18015,21956.0,1591.0,4497.0,8145.0
18016,10457.0,858.0,183.0,7241.0
18017,5784.0,1067.0,3063.0,9528.0
18018,27784.0,5477.0,4010.0,9330.0
18019,4276.0,703.0,2197.0,4452.0
18020,3775.0,69.0,789.0,5647.0
18021,4414.0,797.0,1464.0,4669.0
18022,4177.0,839.0,2061.0,517.0
18023,4833.0,554.0,1431.0,10233.0
18024,3708.0,1613.0,2817.0,2501.0
18025,570752.0,229240.0,1131825.0,386047.0
18026,2976.0,1153.0,3324.0,4797.0
18027,3784.0,385.0,1272.0,9618.0
18028,21568.0,1252.0,2171.0,321.0
18029,21907.0,1521.0,1796.0,12377.0
18030,9080.0,547.0,2165.0,6421.0
18031,3060.0,220.0,3959.0,9118.0
18032,2988.0,226.0,975.0,8550.0
18033,13707.0,794.0,1058.0,17877.0
18034,48241.0,3533.0,3759.0,8107.0
18035,6226.0,468.0,3180.0,6547.0
18036,5121.0,463.0,1295.0,3274.0
18037,7206.0,578.0,1149.0,6105.0
18038,27543.0,2241.0,2123.0,13878.0
18039,6242.0,1169.0,553.0,6743.0
18040,27762.0,2447.0,1056.0,7877.0
18041,4834.0,123.0,1608.0,10189.0
18042,3540.0,740.0,1347.0,9483.0
18043,51764.0,4092.0,2425.0,19277.0
18044,2603.0,301.0,1281.0,270.0
18045,4057.0,1102.0,510.0,14913.0
18046,22082.0,1633.0,1053.0,3769.0
18047,23920.0,1991.0,2969.0,9678.0
18048,27699.0,2311.0,4006.0,8035.0
18049,5693.0,500.0,1586.0,8262.0
18050,3498.0,563.0,1893.0,1474.0
18051,4359.0,1018.0,486.0,-0.0
18052,25743.0,1932.0,2358.0,10296.0
18053,5503.0,444.0,3113.0,8296.0
18054,4150.0,402.0,1309.0,4036.0
18055,2483.0,297.0,1737.0,2206.0
18056,7871.0,600.0,1524.0,9694.0
18057,3156.0,825.0,463.0,5228.0
18058,4847.0,990.0,2344.0,6200.0
18059,7670.0,1212.0,2490.0,8289.0
18060,8894.0,584.0,4471.0,13590.0
18061,2746.0,790.0,909.0,8486.0
18062,8014.0,1610.0,2048.0,3747.0
18063,7892.0,1123.0,1438.0,1412.0
18064,13306.0,1044.0,3454.0,6655.0
18065,6064.0,1189.0,1001.0,7903.0
18066,16590.0,1760.0,1564.0,9939.0
18067,8096.0,1010.0,1807.0,5701.0
18068,2955.0,795.0,808.0,9135.0
18069,10063.0,613.0,2037.0,9020.0
18070,5024.0,766.0,1712.0,1347.0
18071,4576.0,803.0,2799.0,6572.0
18072,7682.0,2466.0,4227.0,11196.0
18073,7617.0,1151.0,2034.0,6896.0
18074,7186.0,1135.0,3784.0,7724.0
18075,9067.0,1044.0,1458.0,6258.0
18076,12487.0,1174.0,2231.0,3893.0
18077,5100.0,358.0,1829.0,8620.0
18078,4304.0,605.0,1864.0,9711.0
18079,7198.0,783.0,1654.0,13516.0
18080,25557.0,1838.0,2718.0,14938.0
18081,3728.0,469.0,580.0,5167.0
18082,17358.0,2537.0,794.0,7942.0
18083,5682.0,797.0,3166.0,14687.0
18084,2720.0,596.0,552.0,8801.0
18085,5097.0,779.0,4012.0,14448.0
18086,11567.0,1488.0,614.0,5634.0
18087,4617.0,1491.0,2698.0,9139.0
18088,2889.0,1023.0,845.0,7058.0
18089,5769.0,102.0,244.0,3565.0
18090,3041.0,330.0,1072.0,10553.0
18091,2739.0,547.0,1112.0,6957.0
18092,5042.0,398.0,1815.0,9230.0
18093,4270.0,532.0,4081.0,8262.0
18094,3738.0,576.0,1238.0,11290.0
18095,5694.0,1213.0,1095.0,3097.0
18096,16265.0,1703.0,3487.0,7049.0
18097,30696.0,2867.0,3070.0,10710.0
18098,4947.0,456.0,2461.0,10735.0
18099,57714.0,4329.0,3521.0,14965.0
18100,6817.0,1144.0,1242.0,12522.0
18101,15133.0,1614.0,2457.0,5900.0
18102,11824.0,1296.0,1684.0,14288.0
18103,6926.0,988.0,6212.0,8651.0
18104,7563.0,822.0,1963.0,8430.0
18105,14191.0,876.0,3491.0,7089.0
18106,2608.0,569.0,3042.0,7479.0
18107,2550.0,970.0,449.0,3414.0
18108,3854.0,477.0,395.0,3284.0
18109,4463.0,403.0,3048.0,11753.0
18110,22717.0,2536.0,3453.0,8980.0
18111,4151.0,723.0,3092.0,5692.0
18112,29374.0,1544.0,1912.0,16223.0
18113,16048.0,1525.0,361.0,1512.0
18114,11329.0,1358.0,1133.0,7049.0
18115,4304.0,434.0,1476.0,5494.0
18116,121473.0,11673.0,124916.0,166310.0
18117,4676.0,176.0,949.0,1614.0
18118,18493.0,1531.0,2493.0,16034.0
18119,26851.0,1275.0,85520.0,346498.0
18120,2650.0,14.0,-0.0,4789.0
18121,6357.0,322.0,1614.0,5344.0
18122,38562.0,1899.0,3302.0,13568.0
18123,19664.0,1449.0,1068.0,7955.0
18124,6950.0,1589.0,1104.0,6510.0
18125,4459.0,737.0,1418.0,5429.0
18126,3405.0,61.0,3171.0,5024.0
18127,4022.0,551.0,2693.0,8005.0
18128,21890.0,2702.0,2127.0,9921.0
18129,2655.0,595.0,1562.0,4122.0
18130,9764.0,941.0,1638.0,10762.0
18131,3530.0,353.0,3329.0,3881.0
18132,8784.0,1150.0,207.0,2156.0
18133,4413.0,691.0,595.0,11123.0
18134,5255.0,1236.0,2836.0,16512.0
18135,12596.0,1651.0,2766.0,-0.0
18136,7692.0,601.0,2896.0,10459.0
18137,4530.0,266.0,1349.0,10174.0
18138,7241.0,771.0,1817.0,13669.0
18139,42245.0,3066.0,2814.0,5020.0
18140,5742.0,1338.0,2137.0,2146.0
18141,19814.0,1055.0,428.0,5219.0
18142,2798.0,338.0,1097.0,8399.0
18143,12539.0,2038.0,1654.0,3500.0
18144,2638172.0,492085.0,2306683.0,480317.0
18145,11506.0,2564.0,1468.0,3993.0
18146,6920.0,781.0,1897.0,11072.0
18147,12515.0,1733.0,1623.0,5690.0
18148,3580.0,530.0,1635.0,10026.0
18149,6074.0,410.0,1048.0,12402.0
18150,6904.0,1092.0,2127.0,5396.0
18151,12792.0,459.0,1297.0,7981.0
18152,6227.0,1119.0,2291.0,11106.0
18153,16175.0,899.0,1292.0,5224.0
18154,3383.0,443.0,327.0,4732.0
18155,5257.0,1218.0,230.0,9967.0
18156,3826.0,591.0,3867.0,16818.0
18157,3594.0,827.0,550.0,6684.0
18158,4700.0,1036.0,288.0,11897.0
18159,3703.0,606.0,1732.0,6753.0
18160,8192.0,1408.0,4183.0,6063.0
18161,4482.0,1106.0,2798.0,9093.0
18162,4434.0,565.0,2898.0,4205.0
18163,5158.0,849.0,2973.0,10153.0
18164,26163.0,1487.0,2453.0,5066.0
18165,9143.0,995.0,1931.0,14787.0
18166,23825.0,2875.0,3785.0,13650.0
18167,4284.0,1435.0,1951.0,-0.0
18168,38067.0,3629.0,15841.0,18360.0
18169,7619.0,867.0,2732.0,10267.0
18170,8294.0,1551.0,988.0,16595.0
18171,11934.0,1347.0,1659.0,6658.0
18172,8832.0,528.0,1378.0,10123.0
18173,12121.0,818.0,1648.0,4642.0
18174,54656.0,9103.0,4462.0,22679.0
18175,3621.0,1018.0,961.0,8967.0
18176,3270.0,533.0,210.0,5015.0
18177,6520.0,440.0,1581.0,3199.0
18178,2965.0,1162.0,419.0,3701.0
18179,4841.0,1021.0,2254.0,2727.0
18180,3252.0,634.0,2584.0,13616.0
18181,10013.0,658.0,970.0,4765.0
18182,6986.0,1235.0,2303.0,13646.0
18183,22131.0,1752.0,3030.0,9210.0
18184,7463.0,821.0,1441.0,7071.0
18185,4850.0,823.0,1788.0,8686.0
18186,21571.0,983.0,1407.0,8740.0
18187,2514.0,464.0,-0.0,4095.0
18188,2553.0,664.0,1212.0,9601.0
18189,15499.0,1131.0,2885.0,8826.0
18190,25139.0,1691.0,3092.0,5633.0
18191,8996.0,1170.0,2351.0,7896.0
18192,3903.0,405.0,1315.0,7161.0
18193,41337.0,3044.0,1541.0,12532.0
18194,5504.0,363.0,1813.0,1702.0
18195,23094.0,1236.0,1812.0,15198.0
18196,22690.0,1659.0,2934.0,15043.0
18197,5284.0,1171.0,1079.0,8059.0
18198,7195.0,1593.0,2489.0,11250.0
18199,24457.0,2873.0,11138.0,7135.0
18200,8431.0,1314.0,3307.0,8342.0
18201,4944.0,1768.0,1730.0,1685.0
18202,98771.0,13531.0,83560.0,60898.0
18203,7404.0,152.0,2061.0,300.0
18204,2840.0,498.0,2262.0,10250.0
18205,2722.0,824.0,2080.0,10853.0
18206,7036.0,685.0,974.0,7419.0
18207,6057.0,662.0,1491.0,4674.0
18208,14500.0,811.0,1533.0,6903.0
18209,21129.0,1418.0,2545.0,7622.0
18210,4258.0,160.0,2805.0,7776.0
18211,3695.0,1213.0,1023.0,898.0
18212,4790.0,243.0,3022.0,11858.0
18213,2978.0,659.0,2125.0,5963.0
18214,4075.0,762.0,1820.0,9893.0
18215,21577.0,1998.0,2662.0,24977.0
18216,7511.0,1702.0,1457.0,3135.0
18217,8426.0,1362.0,3676.0,13161.0
18218,5366.0,419.0,1632.0,10145.0
18219,5255.0,743.0,1119.0,5657.0
18220,4898.0,759.0,2233.0,11842.0
18221,2838.0,617.0,853.0,6677.0
18222,6321.0,1143.0,2616.0,5232.0
18223,21462.0,2246.0,2942.0,5619.0
18224,15405.0,1423.0,1334.0,7040.0
18225,12149.0,640.0,2741.0,5263.0
18226,8436.0,1235.0,1102.0,12522.0
18227,7073.0,909.0,1443.0,937.0
18228,16434.0,2131.0,3135.0,8919.0
18229,56808.0,5168.0,63419.0,132597.0
18230,6875.0,2561.0,4469.0,12791.0
18231,4490.0,351.0,811.0,11114.0
18232,4391.0,794.0,2299.0,6953.0
18233,4744.0,439.0,1165.0,8664.0
18234,3577.0,310.0,1627.0,4595.0
18235,23334.0,1698.0,2535.0,7694.0
18236,27349.0,1769.0,1807.0,14069.0
18237,5681.0,1252.0,-0.0,4811.0
18238,8733.0,669.0,1400.0,3883.0
18239,7249.0,794.0,2144.0,5710.0
18240,24424.0,2114.0,1057.0,4547.0
18241,3240.0,510.0,1118.0,6919.0
18242,9482.0,735.0,2799.0,7070.0
18243,4845.0,801.0,4035.0,371.0
18244,3312.0,434.0,530.0,6869.0
18245,6188.0,323.0,1191.0,15696.0
18246,14338.0,1673.0,2245.0,4468.0
18247,2835.0,200.0,-0.0,4692.0
18248,7240.0,1380.0,1721.0,3240.0
18249,6279.0,956.0,941.0,6999.0
18250,3833.0,482.0,889.0,8022.0
18251,32855.0,2600.0,3283.0,8251.0
18252,4643.0,544.0,2655.0,7687.0
18253,35418.0,2779.0,19431.0,19812.0
18254,3629.0,1254.0,2961.0,12763.0
18255,4416.0,859.0,3015.0,3524.0
18256,5118.0,522.0,1024.0,2497.0
18257,4204.0,408.0,2676.0,7531.0
18258,4480.0,756.0,1338.0,2568.0
18259,3443.0,484.0,2801.0,9725.0
18260,38674.0,5139.0,24669.0,12120.0
18261,5945.0,507.0,3666.0,6761.0
18262,3725.0,605.0,1191.0,5490.0
18263,3805.0,323.0,998.0,2929.0
18264,4818.0,1276.0,2397.0,15124.0
18265,3714.0,61.0,596.0,4447.0
18266,40693.0,3185.0,5957.0,11278.0
18267,3752.0,1521.0,1561.0,2549.0
18268,2467.0,1101.0,3043.0,5517.0
18269,8769.0,462.0,2147.0,10695.0
18270,12811.0,1052.0,1412.0,8976.0
18271,4641.0,1514.0,1376.0,7165.0
18272,4606.0,474.0,2538.0,11686.0
18273,3070.0,451.0,4352.0,8646.0
18274,6390.0,598.0,2841.0,3343.0
18275,3726.0,1172.0,2077.0,10522.0
18276,3303.0,771.0,2708.0,2885.0
18277,4314.0,385.0,1412.0,6381.0
18278,4917.0,567.0,563.0,6597.0
18279,8223.0,307.0,2879.0,2134.0
18280,11364.0,466.0,2287.0,11549.0
18281,5186.0,1009.0,3641.0,8001.0
18282,4429.0,831.0,3248.0,7837.0
18283,2554.0,1040.0,2889.0,20289.0
18284,23449.0,1976.0,2504.0,13086.0
18285,14738.0,828.0,187.0,3880.0
18286,5960.0,774.0,2054.0,2276.0
18287,9472.0,554.0,3807.0,13196.0
18288,4419.0,970.0,3885.0,3704.0
18289,11875.0,1146.0,3659.0,16501.0
18290,4796.0,393.0,1350.0,9187.0
18291,152844.0,11042.0,4786.0,39066.0
18292,2677.0,126.0,202.0,12891.0
18293,24829.0,2127.0,1128.0,7193.0
18294,60843.0,6848.0,8131.0,24447.0
18295,24928.0,2149.0,2264.0,10136.0
18296,4772.0,904.0,2380.0,3164.0
18297,4596.0,1320.0,2022.0,9273.0
18298,7835.0,738.0,1353.0,5401.0
18299,3235.0,669.0,1431.0,9399.0
18300,7172.0,461.0,2043.0,8808.0
18301,8333.0,825.0,1485.0,8666.0
18302,5322.0,1297.0,1343.0,5226.0
18303,20631.0,1428.0,1200.0,-0.0
18304,5064.0,444.0,3572.0,6167.0
18305,5144.0,1286.0,2965.0,10858.0
18306,12692.0,856.0,2538.0,7107.0
18307,8261.0,1424.0,959.0,5091.0
18308,4369.0,929.0,2083.0,6856.0
18309,3728.0,141.0,1489.0,5845.0
18310,44003.0,4405.0,1943.0,18819.0
18311,4216.0,302.0,1255.0,3381.0
18312,5670.0,225.0,2762.0,14382.0
18313,2691.0,448.0,1651.0,4389.0
18314,4400.0,1024.0,3064.0,3176.0
18315,35410.0,2533.0,2262.0,2640.0
18316,4293.0,1156.0,2476.0,15645.0
18317,4437.0,926.0,4092.0,5568.0
18318,8043.0,830.0,2584.0,9117.0
18319,24813.0,1524.0,2337.0,6868.0
18320,7012.0,1050.0,1130.0,8817.0
18321,6808.0,1615.0,1925.0,6661.0
18322,22784.0,1694.0,1928.0,7540.0
18323,25904.0,2799.0,2531.0,3946.0
18324,6013.0,428.0,3468.0,13006.0
18325,4858.0,1265.0,1599.0,2329.0
18326,3394.0,245.0,3375.0,10426.0
18327,4581.0,610.0,3945.0,6545.0
18328,10117.0,750.0,2891.0,11383.0
18329,13470.0,1447.0,2496.0,10277.0
18330,3572.0,709.0,630.0,2776.0
18331,30552.0,3213.0,4090.0,8414.0
18332,5159.0,1634.0,2410.0,8225.0
18333,4979.0,270.0,3134.0,11106.0
18334,12791.0,1721.0,338.0,4356.0
18335,6504.0,651.0,894.0,3067.0
18336,6062.0,834.0,1817.0,11894.0
18337,4603.0,969.0,961.0,2770.0
18338,3560.0,1385.0,3962.0,2259.0
18339,6645.0,260.0,2180.0,2774.0
18340,9329.0,1113.0,1473.0,10458.0
18341,9532.0,1519.0,4659.0,16247.0
18342,2957.0,256.0,722.0,6449.0
18343,3347.0,493.0,606.0,4381.0
18344,6722.0,685.0,2781.0,6929.0
18345,4088.0,147.0,2202.0,8523.0
18346,6105.0,769.0,991.0,4644.0
18347,2765.0,729.0,921.0,3550.0
18348,5407.0,1167.0,1546.0,7289.0
18349,2564.0,334.0,419.0,11823.0
18350,5894.0,1457.0,905.0,12362.0
18351,13324.0,1125.0,569.0,5181.0
18352,3064.0,885.0,581.0,1356.0
18353,10619.0,1147.0,1737.0,11590.0
18354,23534.0,1308.0,3830.0,8079.0
18355,27503.0,2009.0,2385.0,10527.0
18356,7892.0,1510.0,2168.0,3937.0
18357,30786.0,2229.0,1443.0,7539.0
18358,5995.0,945.0,625.0,2913.0
18359,4318.0,370.0,1580.0,5362.0
18360,3754.0,350.0,411.0,2693.0
18361,4956.0,433.0,3044.0,4368.0
18362,5435.0,1152.0,1980.0,13384.0
18363,23417.0,878.0,2526.0,8987.0
18364,18171.0,524.0,1751.0,10651.0
18365,5567.0,524.0,2825.0,6783.0
18366,14501.0,1041.0,333.0,4038.0
18367,30664.0,2315.0,2671.0,12157.0
18368,6367.0,1098.0,1241.0,6708.0
18369,5063.0,470.0,1001.0,9005.0
18370,4473.0,408.0,2729.0,6124.0
18371,5360.0,561.0,2121.0,5462.0
18372,47194.0,14752.0,130453.0,184329.0
18373,14101.0,2617.0,2173.0,11187.0
18374,4414.0,230.0,3217.0,5134.0
18375,15988.0,1047.0,2737.0,8816.0
18376,6371.0,944.0,2122.0,6300.0
18377,3971.0,627.0,1184.0,6288.0
18378,21702.0,2577.0,12380.0,20791.0
18379,2607.0,530.0,765.0,9586.0
18380,7353.0,1285.0,1673.0,3103.0
18381,13629.0,967.0,1492.0,7965.0
18382,2497.0,853.0,1814.0,7129.0
18383,5651.0,294.0,4397.0,12487.0
18384,7739.0,853.0,2175.0,9032.0
18385,3752.0,1163.0,161.0,9903.0
18386,21558.0,1386.0,1511.0,6216.0
18387,4785.0,693.0,1003.0,3713.0
18388,4182.0,260.0,2114.0,6081.0
18389,7405.0,648.0,1232.0,8442.0
18390,3698.0,1179.0,2025.0,2111.0
18391,26883.0,1562.0,1466.0,872.0
18392,35982.0,2212.0,9091.0,15415.0
18393,10520.0,1144.0,1229.0,8803.0
18394,7184.0,1006.0,1660.0,7621.0
18395,2720.0,311.0,1965.0,9973.0
18396,4678.0,647.0,2430.0,8085.0
18397,8287.0,2010.0,3901.0,6654.0
18398,5251.0,363.0,722.0,10119.0
18399,9405.0,925.0,2951.0,5766.0
18400,61398.0,4880.0,4969.0,16128.0
18401,5779.0,360.0,1463.0,15277.0
18402,5111.0,282.0,1684.0,8885.0
18403,25766.0,1760.0,2340.0,7871.0
18404,10284.0,2127.0,2929.0,11594.0
18405,3825.0,409.0,2523.0,6202.0
18406,13752.0,2140.0,3102.0,10961.0
18407,29455.0,2620.0,5056.0,8238.0
18408,3150.0,441.0,1049.0,4089.0
18409,4094.0,476.0,79.0,3085.0
18410,5160.0,776.0,1471.0,5715.0
18411,4572.0,268.0,675.0,8045.0
18412,16023.0,1008.0,2387.0,5466.0
18413,3635.0,665.0,1909.0,9981.0
18414,3035.0,480.0,1244.0,-0.0
18415,3589.0,619.0,801.0,10829.0
18416,17701.0,1544.0,2972.0,7035.0
18417,2505.0,568.0,1469.0,4615.0
18418,14528.0,1619.0,2181.0,10163.0
18419,17427.0,1592.0,806.0,-0.0
18420,4287.0,970.0,2386.0,10011.0
18421,8042.0,739.0,3983.0,10991.0
18422,4443.0,856.0,2108.0,8958.0
18423,4045.0,634.0,2977.0,12938.0
18424,6024.0,1194.0,1056.0,12913.0
18425,16801.0,1167.0,2383.0,6809.0
18426,14891.0,1318.0,2904.0,8837.0
18427,4674.0,548.0,-0.0,6525.0
18428,3888.0,1057.0,2185.0,2299.0
18429,19013.0,1591.0,1183.0,10799.0
18430,3184.0,268.0,1882.0,18877.0
18431,5024.0,565.0,560.0,4351.0
18432,14081.0,876.0,2024.0,12529.0
18433,5812.0,1027.0,2429.0,1057.0
18434,8242.0,731.0,2874.0,9920.0
18435,4053.0,392.0,5501.0,5198.0
18436,5681.0,1828.0,20579.0,14386.0
18437,18086.0,2731.0,1066.0,14649.0
18438,4541.0,797.0,1117.0,5798.0
18439,29816.0,1594.0,2115.0,18407.0
18440,4119.0,744.0,2977.0,4204.0
18441,30274.0,7530.0,19582.0,65738.0
18442,54121.0,6865.0,8404.0,24005.0
18443,4246.0,433.0,1422.0,5747.0
18444,2655.0,294.0,1225.0,-0.0
18445,3031.0,599.0,217.0,6285.0
18446,11981.0,1328.0,765.0,13421.0
18447,7239.0,798.0,2054.0,6311.0
18448,23578.0,2670.0,4151.0,14725.0
18449,6130.0,1190.0,2194.0,6859.0
18450,3216.0,1001.0,1517.0,2072.0
18451,4136.0,198.0,1397.0,4215.0
18452,6221.0,1800.0,2197.0,12646.0
18453,4392.0,772.0,3198.0,8361.0
18454,3121.0,649.0,1574.0,1837.0
18455,2746.0,651.0,63.0,7413.0
18456,4169.0,823.0,1560.0,10718.0
18457,3197.0,122.0,-0.0,5463.0
18458,7878.0,1236.0,1058.0,3956.0
18459,27311.0,2536.0,3303.0,15183.0
18460,6496.0,731.0,1302.0,209.0
18461,57829.0,4815.0,5694.0,13725.0
18462,6269.0,388.0,820.0,14209.0
18463,22182.0,2928.0,4604.0,3766.0
18464,16784.0,1914.0,2419.0,12217.0
18465,26303.0,1563.0,2120.0,7630.0
18466,28678.0,794.0,2602.0,12361.0
18467,3618.0,1768.0,1160.0,5651.0
18468,9096.0,827.0,1801.0,9759.0
18469,6030.0,1050.0,2108.0,2517.0
18470,11730.0,3337.0,3071.0,10351.0
18471,29646.0,1495.0,2515.0,3296.0
18472,24546.0,2178.0,1273.0,12335.0
18473,3885.0,370.0,1716.0,5544.0
18474,7144.0,2166.0,1986.0,5208.0
18475,33993.0,13610.0,22842.0,59324.0
18476,15531.0,1305.0,2814.0,12966.0
18477,25745.0,2007.0,1997.0,11721.0
18478,19345.0,1299.0,2923.0,4794.0
18479,4689.0,751.0,1368.0,1894.0
18480,25822.0,1754.0,59808.0,49638.0
18481,6451.0,1257.0,2944.0,10022.0
18482,3355.0,454.0,664.0,9166.0
18483,114055.0,8668.0,46400.0,26165.0
18484,4918.0,497.0,146.0,1594.0
18485,7349.0,372.0,3319.0,6917.0
18486,6842.0,2205.0,3024.0,8783.0
18487,5432.0,883.0,2425.0,2627.0
18488,2827.0,130.0,2303.0,128.0
18489,36012.0,2232.0,1679.0,7669.0
18490,3842.0,286.0,2734.0,-0.0
18491,5370.0,1295.0,2876.0,9338.0
18492,4081.0,310.0,2378.0,10401.0
18493,38157.0,2085.0,4788.0,16344.0
18494,45168.0,2707.0,4079.0,5930.0
18495,2627.0,794.0,-0.0,6732.0
18496,6238.0,717.0,2651.0,7993.0
18497,10614.0,557.0,2382.0,5636.0
18498,4181.0,392.0,1033.0,10474.0
18499,22167.0,1993.0,1806.0,9925.0
18500,5597.0,296.0,1839.0,4768.0
18501,13148.0,1159.0,1844.0,10528.0
18502,22507.0,2167.0,2313.0,8108.0
18503,3369.0,157.0,1508.0,6915.0
18504,40618.0,3281.0,3506.0,6430.0
18505,3716.0,502.0,2611.0,6452.0
18506,3348.0,446.0,1944.0,12009.0
18507,3405.0,507.0,1002.0,5129.0
18508,7303.0,921.0,2018.0,14512.0
18509,4919.0,979.0,974.0,2637.0
18510,9579.0,986.0,2683.0,10684.0
18511,7289.0,454.0,1424.0,5935.0
18512,10934.0,1595.0,2437.0,8178.0
18513,9459.0,1163.0,2328.0,4780.0
18514,49610.0,3855.0,3364.0,14075.0
18515,9150.0,993.0,3561.0,11690.0
18516,7915.0,1063.0,2855.0,6641.0
18517,5762.0,298.0,5289.0,13636.0
18518,20748.0,2077.0,12124.0,30568.0
18519,5387.0,1425.0,1898.0,3858.0
18520,2580.0,665.0,2455.0,11305.0
18521,6083.0,553.0,2683.0,6551.0
18522,3005.0,471.0,2023.0,4147.0
18523,3330.0,786.0,925.0,5641.0
18524,15437.0,1494.0,2740.0,4155.0
18525,2508.0,315.0,1508.0,4452.0
18526,4318.0,48.0,2274.0,11749.0
18527,15740.0,1304.0,1954.0,12299.0
18528,24173.0,1625.0,2849.0,7883.0
18529,5588.0,754.0,1287.0,13987.0
18530,2662.0,442.0,2720.0,3069.0
18531,2480.0,400.0,1554.0,9235.0
18532,5919.0,1013.0,1383.0,9786.0
18533,24885.0,1551.0,2191.0,4545.0
18534,18136.0,2063.0,1893.0,11802.0
18535,34181.0,4029.0,1880.0,12009.0
18536,23626.0,1308.0,1721.0,4037.0
18537,21478.0,1524.0,3218.0,5567.0
18538,4759.0,1187.0,4050.0,11394.0
18539,6003.0,314.0,3662.0,2172.0
18540,5039.0,349.0,1977.0,6548.0
18541,8891.0,1020.0,1217.0,3774.0
18542,19631.0,1821.0,1374.0,6241.0
18543,4404.0,461.0,2681.0,2897.0
18544,14997.0,2321.0,2338.0,-0.0
18545,2717.0,318.0,1956.0,6160.0
18546,32004.0,2384.0,984.0,9363.0
18547,3461.0,318.0,2141.0,6664.0
18548,4444.0,266.0,1780.0,6779.0
18549,10866.0,2011.0,2814.0,5690.0
18550,4507.0,597.0,484.0,894.0
18551,2580.0,441.0,2523.0,8317.0
18552,3829.0,286.0,2295.0,11513.0
18553,2555.0,404.0,2260.0,8183.0
18554,2705.0,420.0,481.0,2226.0
18555,57254.0,10927.0,20425.0,147962.0
18556,4234.0,1140.0,2616.0,6951.0
18557,8165.0,1575.0,2628.0,15165.0
18558,3324.0,493.0,761.0,1604.0
18559,6283.0,1866.0,1530.0,5300.0
18560,69280.0,3835.0,4817.0,10263.0
18561,96002.0,12580.0,526605.0,535689.0
18562,3084.0,557.0,2133.0,6735.0
18563,2978.0,687.0,551.0,5733.0
18564,4898.0,558.0,3195.0,12356.0
18565,2659.0,685.0,1992.0,4278.0
18566,31526.0,3063.0,2654.0,12066.0
18567,2531.0,544.0,1410.0,6390.0
18568,5602.0,514.0,2560.0,10184.0
18569,16053.0,3697.0,4109.0,26628.0
18570,4545.0,755.0,1503.0,912.0
18571,7140.0,748.0,1645.0,5776.0
18572,4763.0,801.0,2493.0,7720.0
18573,6369.0,1901.0,2478.0,18249.0
18574,5415.0,658.0,-0.0,1976.0
18575,7795.0,612.0,2815.0,8187.0
18576,6526.0,1294.0,1795.0,14515.0
18577,13824.0,1434.0,2269.0,8728.0
18578,12731.0,1382.0,762.0,4257.0
18579,3332.0,574.0,2014.0,7133.0
18580,9904.0,828.0,1150.0,12274.0
18581,3587.0,621.0,477.0,11445.0
18582,4348.0,449.0,2905.0,11414.0
18583,11350.0,803.0,1216.0,10415.0
18584,4449.0,516.0,1159.0,2026.0
18585,21828.0,2484.0,3172.0,8533.0
18586,10874.0,462.0,2851.0,7664.0
18587,5554.0,298.0,2618.0,10955.0
18588,4517.0,790.0,3483.0,7300.0
18589,25573.0,1242.0,1863.0,4875.0
18590,23127.0,2040.0,1814.0,6596.0
18591,7799.0,308.0,1475.0,13620.0
18592,4991.0,650.0,2060.0,8761.0
18593,24402.0,1411.0,2444.0,5316.0
18594,4244.0,932.0,729.0,5743.0
18595,3585.0,131.0,1328.0,6217.0
18596,3829.0,890.0,2201.0,9774.0
18597,11234.0,1003.0,2836.0,7381.0
18598,10771.0,1460.0,3007.0,12924.0
18599,57519.0,3263.0,3572.0,9906.0
18600,5512.0,504.0,5030.0,15037.0
18601,4496.0,1060.0,2100.0,12115.0
18602,6747.0,886.0,1734.0,3946.0
18603,7796.0,741.0,-0.0,7460.0
18604,5479.0,618.0,1708.0,4940.0
18605,11212.0,1603.0,2129.0,6995.0
18606,16468.0,1253.0,1251.0,5506.0
18607,2855.0,1472.0,1849.0,-0.0
18608,4611.0,1044.0,2090.0,764.0
18609,4449.0,593.0,1652.0,8325.0
18610,22221.0,2600.0,3369.0,11628.0
18611,3328.0,732.0,1459.0,10260.0
18612,7835.0,1228.0,3808.0,13666.0
18613,2716.0,223.0,1446.0,678.0
18614,6629.0,974.0,1149.0,2824.0
18615,15881.0,2305.0,2343.0,15659.0
18616,25273.0,8664.0,8395.0,15234.0
18617,6024.0,402.0,2101.0,1577.0
18618,4461.0,762.0,1044.0,3690.0
18619,13465.0,698.0,2196.0,9375.0
18620,13711.0,1230.0,2098.0,5123.0
18621,4128.0,727.0,1708.0,9664.0
18622,11359.0,1304.0,1717.0,5162.0
18623,24994.0,2617.0,2797.0,10036.0
18624,3462.0,736.0,917.0,3346.0
18625,7277.0,701.0,3072.0,8380.0
18626,6584.0,972.0,457.0,3467.0
18627,14133.0,1191.0,1211.0,2606.0
18628,6406.0,794.0,2556.0,6978.0
18629,26724.0,2091.0,2363.0,18820.0
18630,6421.0,1374.0,884.0,1037.0
18631,5276.0,1495.0,1319.0,9584.0
18632,7663.0,316.0,2215.0,5966.0
18633,6917.0,1060.0,248.0,4361.0
18634,3896.0,783.0,1688.0,13751.0
18635,25056.0,1862.0,1241.0,6904.0
18636,3244.0,965.0,2124.0,4338.0
18637,4117.0,792.0,2326.0,-0.0
18638,10744.0,1109.0,1279.0,6045.0
18639,3807.0,766.0,2567.0,5064.0
18640,19456.0,1627.0,8046.0,6549.0
18641,46119.0,2243.0,1959.0,5045.0
18642,4733.0,103.0,2526.0,7486.0
18643,4512.0,938.0,1864.0,3901.0
18644,12658.0,918.0,5396.0,6002.0
18645,12813.0,1059.0,2976.0,7360.0
18646,6623.0,485.0,1819.0,8148.0
18647,9997.0,1237.0,2956.0,8125.0
18648,28044.0,4153.0,3287.0,9773.0
18649,20894.0,1396.0,2107.0,9943.0
18650,17492.0,1316.0,2464.0,3662.0
18651,6029.0,523.0,1981.0,9927.0
18652,28054.0,3600.0,1755.0,3902.0
18653,11965.0,938.0,2264.0,11461.0
18654,4482.0,542.0,1191.0,8156.0
18655,24372.0,1726.0,3393.0,10857.0
18656,4310.0,764.0,496.0,4420.0
18657,12729.0,1120.0,2291.0,11045.0
18658,13032.0,1030.0,1975.0,11354.0
18659,3386.0,413.0,871.0,6230.0
18660,17857.0,814.0,2205.0,6104.0
18661,4427.0,533.0,572.0,9016.0
18662,23631.0,976.0,950.0,9838.0
18663,5143.0,149.0,2431.0,16280.0
18664,4943.0,892.0,1787.0,-0.0
18665,3542.0,719.0,1236.0,5960.0
18666,12945.0,1763.0,1264.0,6064.0
18667,4923.0,844.0,2841.0,8173.0
18668,7570.0,1044.0,2329.0,7030.0
18669,3978.0,91.0,1598.0,10453.0
18670,4241.0,410.0,2131.0,5063.0
18671,11463.0,739.0,1176.0,-0.0
18672,12507.0,1319.0,1372.0,8657.0
18673,26270.0,2371.0,2679.0,6868.0
18674,3402.0,1473.0,2530.0,9694.0
18675,6577.0,318.0,2259.0,10527.0
18676,4778.0,515.0,2583.0,9477.0
18677,7109.0,799.0,2150.0,4662.0
18678,3127.0,572.0,1793.0,9796.0
18679,2648.0,111.0,1836.0,3157.0
18680,7572.0,1132.0,4769.0,8047.0
18681,5238.0,1207.0,350.0,7234.0
18682,2812.0,391.0,1592.0,1448.0
18683,4037.0,701.0,896.0,12898.0
18684,9474.0,1207.0,2742.0,6797.0
18685,4621.0,1123.0,1623.0,5108.0
18686,4109.0,884.0,1446.0,-0.0
18687,22059.0,1157.0,855.0,6373.0
18688,64401.0,13459.0,16915.0,33226.0
18689,6865.0,924.0,35.0,5136.0
18690,3509.0,1118.0,981.0,6040.0
18691,42822.0,2778.0,2530.0,11271.0
18692,5162.0,444.0,2042.0,13233.0
18693,4593.0,259.0,2146.0,4997.0
18694,10801.0,1286.0,3134.0,14038.0
18695,21525.0,2326.0,2527.0,4936.0
18696,16056.0,930.0,3788.0,11330.0
18697,3825.0,373.0,1250.0,11336.0
18698,18408.0,1947.0,1698.0,5166.0
18699,4459.0,877.0,936.0,15049.0
18700,9541.0,730.0,1971.0,7535.0
18701,9010.0,486.0,2106.0,5900.0
18702,5024.0,673.0,1024.0,14491.0
18703,65925.0,6475.0,3025.0,28245.0
18704,7233.0,864.0,312.0,8532.0
18705,4244.0,1884.0,3981.0,13827.0
18706,6068.0,1295.0,986.0,-0.0
18707,10900.0,1176.0,-0.0,10967.0
18708,5636.0,573.0,1855.0,7422.0
18709,7567.0,1685.0,1414.0,6815.0
18710,4329.0,1140.0,1244.0,4938.0
18711,2761.0,355.0,1798.0,1569.0
18712,4845.0,1444.0,4923.0,9506.0
18713,6160.0,483.0,3523.0,10241.0
18714,3060.0,299.0,2379.0,12015.0
18715,20032.0,1121.0,3898.0,9683.0
18716,2920.0,570.0,502.0,8037.0
18717,5941.0,1301.0,939.0,3178.0
18718,5697.0,1179.0,1106.0,10835.0
18719,4413.0,1241.0,2481.0,4096.0
18720,4299.0,650.0,112.0,9817.0
18721,3367.0,295.0,3133.0,13509.0
18722,21841.0,1227.0,1757.0,3095.0
18723,6388.0,276.0,2845.0,5938.0
18724,7328.0,376.0,-0.0,9490.0
18725,23214.0,1951.0,926.0,6053.0
18726,3727.0,695.0,1641.0,7866.0
18727,31580.0,3255.0,5421.0,11549.0
18728,4606.0,708.0,2644.0,3920.0
18729,8754.0,1973.0,1447.0,4881.0
18730,8276.0,937.0,4389.0,9104.0
18731,3094.0,276.0,685.0,2635.0
18732,8861.0,788.0,1901.0,9273.0
18733,18153.0,1753.0,1678.0,8098.0
18734,3207.0,646.0,2486.0,4193.0
18735,27533.0,3092.0,2676.0,5801.0
18736,8889.0,959.0,1749.0,10965.0
18737,21291.0,6390.0,4998.0,14600.0
18738,2507.0,706.0,297.0,1224.0
18739,4174.0,437.0,1473.0,6674.0
18740,4585.0,422.0,1978.0,9867.0
18741,9038.0,1412.0,1311.0,10468.0
18742,6027.0,337.0,284.0,6988.0
18743,7136.0,1067.0,1185.0,3406.0
18744,53639.0,4093.0,5461.0,8343.0
18745,10396.0,1507.0,2934.0,9206.0
18746,4001.0,630.0,780.0,4036.0
18747,24221.0,1332.0,2845.0,9141.0
18748,32000.0,3437.0,1589.0,6715.0
18749,13933.0,1424.0,1935.0,5659.0
18750,12323.0,1500.0,1286.0,5223.0
18751,7675.0,304.0,2147.0,6883.0
18752,34132.0,2697.0,2148.0,8548.0
18753,15442.0,1835.0,2646.0,6316.0
18754,12240.0,244.0,1500.0,7985.0
18755,6570.0,474.0,2560.0,4971.0
18756,2739.0,50.0,703.0,8163.0
18757,8301.0,799.0,2778.0,11253.0
18758,8852.0,1318.0,4321.0,13879.0
18759,7012.0,1408.0,2026.0,7403.0
18760,27429.0,2933.0,3922.0,4976.0
18761,10654.0,1687.0,2451.0,9278.0
18762,6601.0,1471.0,1968.0,1572.0
18763,18248.0,1864.0,3446.0,10564.0
18764,28512.0,843.0,4001.0,14989.0
18765,4366.0,759.0,1641.0,9346.0
18766,14047.0,799.0,2940.0,10131.0
18767,12172.0,1104.0,2760.0,7226.0
18768,4952.0,228.0,789.0,5233.0
18769,2548.0,281.0,2769.0,3743.0
18770,4569.0,968.0,2377.0,5015.0
18771,3204.0,649.0,1265.0,2839.0
18772,9605.0,1223.0,2631.0,6910.0
18773,18032.0,1922.0,1609.0,11563.0
18774,3950.0,945.0,1269.0,4830.0
18775,3554.0,303.0,10.0,-0.0
18776,2894.0,935.0,1874.0,2813.0
18777,13144.0,452.0,2502.0,8473.0
18778,19495.0,1416.0,1652.0,7815.0
18779,41943.0,1860.0,4835.0,14429.0
18780,11755.0,2025.0,2193.0,4940.0
18781,4722.0,660.0,1110.0,9127.0
18782,2890.0,606.0,-0.0,9714.0
18783,5889.0,449.0,2382.0,13580.0
18784,7601.0,453.0,1904.0,7903.0
18785,11781.0,1301.0,1728.0,13621.0
18786,5644.0,697.0,892.0,10202.0
18787,2703.0,620.0,1164.0,6923.0
18788,13735.0,1349.0,693.0,4598.0
18789,3317.0,583.0,1479.0,5964.0
18790,2812.0,252.0,2856.0,11686.0
18791,8847.0,232.0,2544.0,10650.0
18792,5498.0,677.0,2771.0,4500.0
18793,4042.0,610.0,2505.0,8171.0
18794,30262.0,1362.0,1328.0,6560.0
18795,13013.0,950.0,1238.0,7726.0
18796,5050.0,682.0,2020.0,6644.0
18797,30239.0,13948.0,1281720.0,713600.0
18798,2795.0,82.0,1647.0,4504.0
18799,4895.0,997.0,5280.0,10792.0
18800,76573.0,12775.0,16515.0,48368.0
18801,21900.0,2653.0,2143.0,5045.0
18802,32778.0,4351.0,4485.0,13214.0
18803,14650.0,1259.0,1204.0,8912.0
18804,4742.0,619.0,1915.0,6161.0
18805,3216.0,485.0,2567.0,5611.0
18806,3710.0,402.0,2648.0,6529.0
18807,3575.0,354.0,1213.0,6823.0
18808,4048.0,794.0,2365.0,6047.0
18809,7222.0,359.0,3934.0,7393.0
18810,7083.0,1041.0,1236.0,8619.0
18811,4742.0,852.0,2826.0,3451.0
18812,8489.0,1059.0,1998.0,1297.0
18813,3446.0,350.0,724.0,7948.0
18814,3469.0,313.0,2295.0,5781.0
18815,3053.0,539.0,489.0,8207.0
18816,2520.0,502.0,749.0,2627.0
18817,10976.0,427.0,476.0,3379.0
18818,10767.0,786.0,1445.0,6733.0
18819,4693.0,377.0,3183.0,8409.0
18820,4948.0,488.0,2198.0,7875.0
18821,12498.0,1256.0,2692.0,6593.0
18822,18296.0,948.0,2496.0,7149.0
18823,10009.0,851.0,2867.0,7172.0
18824,4605.0,273.0,2422.0,7714.0
18825,25301.0,1464.0,1888.0,8734.0
18826,23865.0,1484.0,2564.0,8400.0
18827,3916.0,274.0,1227.0,1982.0
18828,2580.0,917.0,1005.0,6196.0
18829,5234.0,834.0,1870.0,15216.0
18830,3365.0,1845.0,1898.0,7949.0
18831,2986.0,736.0,1152.0,10502.0
18832,4283.0,1561.0,1088.0,6027.0
18833,3227.0,480.0,1813.0,2453.0
18834,8564.0,1380.0,4769.0,6683.0
18835,5824.0,1136.0,4141.0,8676.0
18836,3732.0,495.0,1930.0,8725.0
18837,3371.0,365.0,1088.0,7724.0
18838,22947.0,2178.0,2662.0,8414.0
18839,13474.0,1548.0,1763.0,7627.0
18840,3573.0,1042.0,2209.0,5111.0
18841,13506.0,928.0,1223.0,6464.0
18842,5972.0,679.0,2198.0,9891.0
18843,3637.0,1128.0,2152.0,8483.0
18844,4167.0,1615.0,1827.0,7601.0
18845,7191.0,1420.0,2257.0,16299.0
18846,5237.0,684.0,2218.0,10052.0
18847,5816.0,690.0,3311.0,5529.0
18848,4865.0,758.0,1018.0,6261.0
18849,3648.0,1482.0,3129.0,5438.0
18850,679565.0,145835.0,428681.0,726440.0
18851,8037.0,955.0,2264.0,11259.0
18852,7069.0,1371.0,2052.0,-0.0
18853,19713.0,3601.0,3456.0,11956.0
18854,36792.0,3274.0,2459.0,15846.0
18855,70472.0,5762.0,3235.0,9227.0
18856,3809.0,468.0,2645.0,9414.0
18857,21829.0,2867.0,4874.0,22800.0
18858,8127.0,608.0,3643.0,9463.0
18859,3102.0,514.0,3600.0,8270.0
18860,4540.0,592.0,1923.0,-0.0
18861,6374.0,600.0,3317.0,10583.0
18862,3090.0,349.0,1492.0,6064.0
18863,2710.0,326.0,2935.0,9082.0
18864,6356.0,647.0,3749.0,9722.0
18865,3640.0,1188.0,2892.0,6145.0
18866,2787.0,61.0,1155.0,12643.0
18867,7509.0,761.0,1254.0,6353.0
18868,45384.0,3728.0,5037.0,12027.0
18869,7408.0,681.0,3072.0,11717.0
18870,4975.0,884.0,1902.0,6657.0
18871,7705.0,801.0,1737.0,15165.0
18872,4165.0,770.0,986.0,7759.0
18873,4450.0,1125.0,2608.0,11277.0
18874,19076.0,2023.0,1014.0,15380.0
18875,2512.0,434.0,2533.0,5638.0
18876,4271.0,649.0,1123.0,2777.0
18877,88985.0,33198.0,83146.0,269011.0
18878,7755.0,517.0,1267.0,5180.0
18879,20834.0,899.0,3553.0,12102.0
18880,7830.0,854.0,4988.0,11798.0
18881,3989.0,518.0,1697.0,978.0
18882,3470.0,360.0,2054.0,4065.0
18883,5508.0,2728.0,2788.0,9519.0
18884,3795.0,922.0,2637.0,723.0
18885,2851.0,1005.0,1374.0,6388.0
18886,16257.0,1058.0,1815.0,3924.0
18887,7537.0,489.0,1107.0,7987.0
18888,4337.0,421.0,1298.0,5770.0
18889,4277.0,781.0,1606.0,1689.0
18890,3393.0,336.0,1146.0,7137.0
18891,49233.0,21906.0,25782.0,81163.0
18892,19111.0,1429.0,460.0,12431.0
18893,4833.0,464.0,2797.0,10451.0
18894,4772.0,789.0,3930.0,2325.0
18895,7379.0,628.0,1425.0,10358.0
18896,4135.0,822.0,2328.0,12023.0
18897,57789.0,16790.0,12901.0,40877.0
18898,7633.0,1088.0,1455.0,3966.0
18899,8599.0,1121.0,1406.0,6696.0
18900,5462.0,1769.0,2545.0,3773.0
18901,8371.0,879.0,1450.0,1647.0
18902,3609.0,694.0,4303.0,12542.0
18903,9922.0,764.0,2698.0,11835.0
18904,30321.0,2251.0,2307.0,12690.0
18905,5605.0,1691.0,481.0,10968.0
18906,3614.0,580.0,1082.0,5732.0
18907,4352.0,911.0,885.0,10110.0
18908,32529.0,2678.0,1657.0,12783.0
18909,8793.0,863.0,1421.0,8278.0
18910,7510.0,1071.0,2502.0,5077.0
18911,7065.0,1506.0,977.0,9702.0
18912,3053.0,254.0,1041.0,4538.0
18913,15645.0,969.0,1610.0,4163.0
18914,20775.0,5693.0,6364.0,14131.0
18915,5462.0,766.0,-0.0,9289.0
18916,3010.0,765.0,1701.0,2839.0
18917,7206.0,1433.0,3394.0,7485.0
18918,11444.0,1165.0,1567.0,9076.0
18919,25603.0,2279.0,4737.0,9479.0
18920,19671.0,1534.0,2386.0,11468.0
18921,5045.0,126.0,3609.0,-0.0
18922,3164.0,249.0,562.0,8863.0
18923,7667.0,239.0,57.0,10929.0
18924,11773.0,1317.0,1832.0,14603.0
18925,4505.0,468.0,1980.0,7616.0
18926,6171.0,1468.0,1581.0,7325.0
18927,27237.0,2665.0,1974.0,8728.0
18928,4028.0,817.0,1636.0,11811.0
18929,4872.0,516.0,3254.0,3307.0
18930,30464.0,1920.0,2186.0,9991.0
18931,5665.0,612.0,143.0,2777.0
18932,8716.0,656.0,1486.0,5826.0
18933,18782.0,1647.0,2708.0,11595.0
18934,8493.0,1486.0,2087.0,8937.0
18935,34015.0,2816.0,682.0,7137.0
18936,4424.0,799.0,1487.0,4919.0
18937,5334.0,962.0,2226.0,8301.0
18938,4482.0,1273.0,1649.0,9405.0
18939,6303.0,208.0,2335.0,-0.0
18940,3673.0,801.0,1422.0,5783.0
18941,3845.0,122.0,139.0,696.0
18942,33861.0,1459.0,2520.0,6715.0
18943,19269.0,2529.0,1891.0,9201.0
18944,3998.0,1155.0,1684.0,6906.0
18945,5750.0,472.0,2138.0,5727.0
18946,15346.0,771.0,2285.0,13990.0
18947,3634.0,502.0,1793.0,15817.0
18948,26953.0,2900.0,2064.0,6645.0
18949,2732.0,984.0,586.0,2073.0
18950,3066.0,168.0,1573.0,14119.0
18951,6372.0,551.0,773.0,-0.0
18952,13690.0,792.0,918.0,7278.0
18953,2854.0,255.0,891.0,8784.0
18954,6369.0,439.0,3130.0,15462.0
18955,5269.0,1301.0,1405.0,1222.0
18956,9355.0,588.0,2375.0,9535.0
18957,4239.0,703.0,1578.0,5433.0
18958,18941.0,786.0,1856.0,8202.0
18959,47354.0,5840.0,46493.0,48357.0
18960,13200.0,1286.0,1621.0,9257.0
18961,26944.0,1551.0,2420.0,12776.0
18962,4277.0,943.0,2754.0,3144.0
18963,11024.0,1680.0,1583.0,9057.0
18964,12801.0,1535.0,1368.0,9359.0
18965,8348.0,1211.0,1350.0,5521.0
18966,2581.0,471.0,1340.0,9572.0
18967,4868.0,817.0,1814.0,8142.0
18968,205586.0,21495.0,355202.0,372389.0
18969,14050.0,1472.0,1133.0,6343.0
18970,7738.0,551.0,3062.0,5276.0
18971,18975.0,1413.0,915.0,9958.0
18972,3598.0,730.0,2779.0,5969.0
18973,17341.0,2382.0,5982.0,10363.0
18974,4045.0,292.0,3476.0,14079.0
18975,3873.0,320.0,409.0,9481.0
18976,12409.0,1247.0,1827.0,11524.0
18977,33705.0,3410.0,3436.0,11440.0
18978,13719.0,543.0,1030.0,1812.0
18979,5903.0,366.0,727.0,1549.0
18980,46884.0,2441.0,3895.0,11492.0
18981,12605.0,779.0,827.0,7148.0
18982,29496.0,2444.0,2299.0,9650.0
18983,3613.0,506.0,1361.0,11409.0
18984,5417.0,1527.0,3010.0,5361.0
18985,19046.0,1361.0,3121.0,4519.0
18986,3516.0,1040.0,3231.0,10139.0
18987,17323.0,2928.0,4706.0,12888.0
18988,48131.0,4420.0,41910.0,20691.0
18989,10085.0,1296.0,2212.0,5890.0
18990,3980.0,346.0,970.0,6920.0
18991,12719.0,1530.0,556.0,3048.0
18992,8350.0,1101.0,1363.0,7048.0
18993,59556.0,3398.0,1959.0,14064.0
18994,4784.0,486.0,1351.0,9844.0
18995,31310.0,2649.0,2495.0,9400.0
18996,16685.0,1539.0,2720.0,5800.0
18997,6049.0,990.0,2184.0,8353.0
18998,10280.0,1326.0,1383.0,10790.0
18999,13820.0,1271.0,2431.0,8044.0
19000,4243.0,541.0,548.0,2437.0
19001,3551.0,856.0,1324.0,9990.0
19002,7301.0,2365.0,749.0,17365.0
19003,10415.0,1533.0,3992.0,6731.0
19004,4308.0,196.0,576.0,4011.0
19005,2861.0,618.0,646.0,1413.0
19006,9134.0,772.0,1727.0,6215.0
19007,6088.0,1098.0,664.0,2084.0
19008,5050.0,595.0,2255.0,9468.0
19009,4095.0,1239.0,457.0,7925.0
19010,4430.0,1020.0,1764.0,9645.0
19011,2819.0,881.0,1476.0,8966.0
19012,6298.0,784.0,2681.0,-0.0
19013,6446.0,403.0,2648.0,3283.0
19014,24268.0,926.0,3463.0,16233.0
19015,34547.0,4645.0,1257.0,14050.0
19016,3921.0,537.0,3274.0,7206.0
19017,7104.0,1224.0,1913.0,5609.0
19018,5610.0,245.0,547.0,2349.0
19019,4762.0,484.0,2714.0,9117.0
19020,7406.0,544.0,728.0,16530.0
19021,11145.0,1385.0,1832.0,6961.0
19022,20951.0,1986.0,2203.0,14543.0
19023,3663.0,1194.0,163.0,2586.0
19024,3806.0,461.0,3847.0,17840.0
19025,6814.0,733.0,2270.0,10368.0
19026,9584.0,1053.0,2620.0,-0.0
19027,12726.0,1572.0,968.0,2047.0
19028,5065.0,386.0,2960.0,7966.0
19029,6364.0,914.0,2977.0,7892.0
19030,7698.0,702.0,1824.0,4354.0
19031,2571.0,409.0,906.0,2577.0
19032,11300.0,2473.0,1950.0,12677.0
19033,6262.0,352.0,2353.0,6527.0
19034,5012.0,786.0,2335.0,5374.0
19035,6553.0,1010.0,2531.0,8225.0
19036,9948.0,1543.0,1368.0,9613.0
19037,6368.0,984.0,1572.0,12208.0
19038,10111.0,1167.0,1881.0,12426.0
19039,4459.0,1053.0,-0.0,5098.0
19040,60961.0,5053.0,2090.0,16442.0
19041,6682.0,1492.0,4099.0,14734.0
19042,2596.0,595.0,204.0,4237.0
19043,4241.0,304.0,4128.0,5494.0
19044,3984.0,881.0,1658.0,11260.0
19045,3995.0,637.0,1472.0,7834.0
19046,4911.0,830.0,531.0,-0.0
19047,36499.0,3775.0,23344.0,56396.0
19048,3283.0,582.0,3465.0,15195.0
19049,12840.0,621.0,1537.0,9056.0
19050,28844.0,1932.0,2651.0,12267.0
19051,5186.0,801.0,1267.0,9738.0
19052,5581.0,810.0,1870.0,10527.0
19053,11422.0,943.0,1479.0,5498.0
19054,4657.0,588.0,1321.0,8430.0
19055,4977.0,306.0,1805.0,10813.0
19056,27046.0,2208.0,2838.0,11335.0
19057,4083.0,497.0,724.0,10572.0
19058,2931.0,554.0,186.0,5758.0
19059,5481.0,625.0,15632.0,-0.0
19060,2473.0,370.0,1237.0,6380.0
19061,4641.0,325.0,2973.0,5852.0
19062,8986.0,609.0,1327.0,3807.0
19063,21825.0,1670.0,2999.0,11860.0
19064,5957.0,569.0,2456.0,5738.0
19065,4273.0,415.0,1240.0,5816.0
19066,36762.0,2807.0,2944.0,11704.0
19067,18190.0,1975.0,831.0,14786.0
19068,2703.0,385.0,3872.0,469.0
19069,5304.0,768.0,2798.0,6048.0
19070,5463.0,1612.0,1648.0,8543.0
19071,5062.0,562.0,1332.0,10618.0
19072,2712.0,759.0,1360.0,4018.0
19073,2564.0,278.0,1386.0,12192.0
19074,3436.0,195.0,2750.0,4770.0
19075,3134.0,429.0,1632.0,8514.0
19076,8837.0,651.0,2464.0,5094.0
19077,8374.0,1722.0,2209.0,10720.0
19078,4419.0,742.0,1745.0,6584.0
19079,4179.0,783.0,872.0,5636.0
19080,4254.0,449.0,2356.0,13985.0
19081,5917.0,1546.0,2206.0,5178.0
19082,2797.0,159.0,1520.0,3225.0
19083,22306.0,2659.0,913.0,4531.0
19084,4129.0,454.0,1860.0,10682.0
19085,12337.0,1579.0,2378.0,8835.0
19086,26896.0,2002.0,2719.0,9060.0
19087,27705.0,2147.0,3871.0,7738.0
19088,9256.0,1183.0,835.0,4886.0
19089,3244.0,305.0,2148.0,10542.0
19090,5168.0,1285.0,1836.0,4492.0
19091,3144.0,529.0,990.0,10664.0
19092,4128.0,106.0,121.0,2518.0
19093,54806.0,5583.0,2996.0,9859.0
19094,26183.0,2541.0,23801.0,47323.0
19095,5927.0,912.0,1671.0,10638.0
19096,7047.0,666.0,2033.0,5833.0
19097,20064.0,967.0,2252.0,6417.0
19098,8396.0,1038.0,1975.0,6036.0
19099,4400.0,933.0,2076.0,4717.0
19100,3161.0,833.0,1413.0,8398.0
19101,2499.0,360.0,53.0,6687.0
19102,4978.0,459.0,2383.0,16732.0
19103,4457.0,794.0,5702.0,6784.0
19104,5625.0,911.0,1356.0,4852.0
19105,26396.0,1320.0,1714.0,10756.0
19106,2985.0,912.0,2788.0,7938.0
19107,4074.0,1829.0,1644.0,14492.0
19108,4337.0,632.0,1629.0,5806.0
19109,17347.0,1282.0,1441.0,9966.0
19110,13895.0,1618.0,2262.0,9932.0
19111,26167.0,2337.0,1277.0,11248.0
19112,44041.0,5558.0,1381.0,8971.0
19113,25995.0,1775.0,1890.0,12231.0
19114,21604.0,1877.0,3621.0,7138.0
19115,4299.0,719.0,1396.0,5252.0
19116,2937.0,314.0,1954.0,4844.0
19117,3751.0,120.0,2768.0,2210.0
19118,4300.0,435.0,602.0,4328.0
19119,9569.0,1532.0,5739.0,6316.0
19120,20100.0,1871.0,705.0,11307.0
19121,10693.0,1814.0,881.0,12060.0
19122,7696.0,682.0,3304.0,9603.0
19123,3466.0,964.0,3143.0,9508.0
19124,3322.0,507.0,14102.0,37532.0
19125,16740.0,1758.0,2033.0,5612.0
19126,3958.0,278.0,2703.0,6387.0
19127,21564.0,1807.0,2478.0,6957.0
19128,6083.0,844.0,2292.0,2169.0
19129,4386.0,1491.0,3324.0,6971.0
19130,2762.0,494.0,1443.0,5711.0
19131,14703.0,1501.0,1786.0,9246.0
19132,27258.0,1351.0,2713.0,6883.0
19133,6132.0,123.0,1714.0,4198.0
19134,13133.0,1526.0,-0.0,7128.0
19135,3107.0,379.0,1447.0,401.0
19136,4377.0,557.0,2495.0,13728.0
19137,3997.0,766.0,1095.0,4729.0
19138,3213.0,481.0,1824.0,12216.0
19139,13037.0,1588.0,1139.0,2336.0
19140,21724.0,1184.0,2443.0,11312.0
19141,5359.0,787.0,3415.0,2252.0
19142,18674.0,2145.0,2775.0,12707.0
19143,3133.0,884.0,3059.0,10494.0
19144,4611.0,607.0,1518.0,10776.0
19145,28774.0,1639.0,1572.0,4097.0
19146,28667.0,2258.0,1751.0,8597.0
19147,3503.0,216.0,-0.0,-0.0
19148,15486.0,1781.0,155.0,6086.0
19149,5557.0,2413.0,2107.0,9037.0
19150,3232.0,1530.0,2759.0,11072.0
19151,7777.0,1488.0,1644.0,6976.0
19152,3694.0,703.0,2420.0,12685.0
19153,5723.0,505.0,1709.0,7096.0
19154,6659.0,739.0,2519.0,6871.0
19155,10238.0,1398.0,2601.0,11323.0
19156,7853.0,810.0,3055.0,6872.0
19157,7218.0,934.0,1838.0,8133.0
19158,4670.0,621.0,1272.0,5620.0
19159,8359.0,751.0,1827.0,9091.0
19160,5260.0,809.0,2677.0,2644.0
19161,10125.0,702.0,2371.0,4205.0
19162,23774.0,2303.0,2508.0,13115.0
19163,19813.0,909.0,2767.0,8778.0
19164,23555.0,2993.0,957.0,1926.0
19165,5230.0,422.0,2386.0,9213.0
19166,17422.0,1531.0,428.0,5047.0
19167,3762.0,642.0,885.0,7319.0
19168,27966.0,1180.0,2671.0,11408.0
19169,4492.0,387.0,1642.0,12132.0
19170,2458.0,608.0,-0.0,189.0
19171,5169.0,475.0,1860.0,3897.0
19172,11004.0,1318.0,1609.0,7206.0
19173,24201.0,519.0,27159.0,14012.0
19174,38271.0,2734.0,1560.0,3242.0
19175,16310.0,1903.0,2965.0,8651.0
19176,4387.0,441.0,1148.0,7492.0
19177,7189.0,933.0,2377.0,1938.0
19178,11045.0,281.0,2692.0,7710.0
19179,2629.0,842.0,632.0,-0.0
19180,4364.0,889.0,1493.0,10442.0
19181,4140.0,373.0,1394.0,1667.0
19182,13422.0,666.0,1005.0,7861.0
19183,4504.0,628.0,1174.0,3519.0
19184,2720.0,546.0,2183.0,11846.0
19185,19034.0,849.0,2497.0,15592.0
19186,7754.0,1253.0,3665.0,6104.0
19187,6217.0,1039.0,4189.0,-0.0
19188,6325.0,1205.0,2677.0,6050.0
19189,33480.0,3094.0,1892.0,11055.0
19190,5305.0,973.0,4283.0,9596.0
19191,4865.0,16.0,1301.0,7206.0
19192,7706.0,741.0,863.0,8019.0
19193,12954.0,1843.0,2589.0,7497.0
19194,4320.0,578.0,1185.0,4916.0
19195,37425.0,14651.0,6766.0,33078.0
19196,5556.0,460.0,1548.0,5236.0
19197,4713.0,894.0,4368.0,10592.0
19198,4949.0,833.0,687.0,2700.0
19199,8473.0,393.0,2362.0,6032.0
19200,5971.0,1176.0,2053.0,5827.0
19201,3319.0,692.0,1597.0,6569.0
19202,4172.0,345.0,2989.0,10654.0
19203,3826.0,796.0,3187.0,7394.0
19204,32189.0,1149.0,4793.0,17306.0
19205,6644.0,744.0,648.0,6600.0
19206,16210.0,816.0,1258.0,9187.0
19207,10355.0,1125.0,136.0,2890.0
19208,32101.0,2582.0,3603.0,7072.0
19209,5116.0,1369.0,2522.0,9252.0
19210,12305.0,854.0,2119.0,9640.0
19211,7051.0,1261.0,3120.0,11779.0
19212,20949.0,872.0,3723.0,8750.0
19213,9677.0,472.0,1460.0,8732.0
19214,8857.0,683.0,2959.0,6901.0
19215,8824.0,966.0,1642.0,2127.0
19216,3779.0,1107.0,2430.0,13725.0
19217,22121.0,2369.0,4393.0,13509.0
19218,9465.0,1731.0,1916.0,5549.0
19219,14358.0,1366.0,1468.0,6894.0
19220,7126.0,525.0,2016.0,4727.0
19221,20806.0,1226.0,4009.0,14046.0
19222,4790.0,672.0,3267.0,15077.0
19223,73166.0,6774.0,2609.0,27062.0
19224,3895.0,793.0,2273.0,11785.0
19225,2787.0,378.0,913.0,4204.0
19226,4607.0,381.0,1702.0,11470.0
19227,3259.0,501.0,672.0,14005.0
19228,3503.0,412.0,1752.0,6556.0
19229,5823.0,1238.0,2628.0,8340.0
19230,2922.0,352.0,1278.0,8578.0
19231,4810.0,337.0,2910.0,7834.0
19232,2669.0,471.0,1426.0,8975.0
19233,13056.0,555.0,2214.0,4893.0
19234,4426.0,690.0,779.0,3588.0
19235,7662.0,685.0,2788.0,6679.0
19236,6197.0,537.0,2944.0,5800.0
19237,6878.0,1293.0,1311.0,6315.0
19238,4233.0,692.0,1381.0,8969.0
19239,4313.0,403.0,831.0,10549.0
19240,8766.0,270.0,2361.0,1417.0
19241,7404.0,328.0,1327.0,7661.0
19242,22223.0,1529.0,2344.0,13134.0
19243,22635.0,1272.0,2169.0,9565.0
19244,3838.0,366.0,340.0,19446.0
19245,6044.0,948.0,2208.0,5886.0
19246,46343.0,3468.0,2236.0,7059.0
19247,8188.0,1134.0,1151.0,9042.0
19248,3115.0,361.0,1369.0,8461.0
19249,6866.0,1059.0,2493.0,8542.0
19250,24683.0,1960.0,2677.0,9358.0
19251,24354.0,2215.0,2776.0,9760.0
19252,3229.0,559.0,2173.0,3875.0
19253,3934.0,180.0,658.0,4368.0
19254,23677.0,2646.0,2483.0,8314.0
19255,5832.0,702.0,1901.0,2348.0
19256,4938.0,2250.0,4569.0,13529.0
19257,4014.0,780.0,2718.0,8104.0
19258,4857.0,1477.0,2602.0,6076.0
19259,2960.0,282.0,2404.0,8761.0
19260,6739.0,1035.0,1681.0,7156.0
19261,4823.0,303.0,2369.0,7997.0
19262,16722.0,2117.0,507.0,12264.0
19263,8504.0,1583.0,3259.0,1517.0
19264,5064.0,844.0,1944.0,9911.0
19265,4414.0,398.0,4338.0,6642.0
19266,3595.0,506.0,2353.0,9867.0
19267,4616.0,548.0,2305.0,6579.0
19268,26422.0,1718.0,2077.0,13124.0
19269,15224.0,1960.0,3390.0,6389.0
19270,42355.0,3054.0,2273.0,10376.0
19271,3731.0,200.0,1359.0,8926.0
19272,13811.0,1284.0,1458.0,4189.0
19273,5790.0,704.0,3360.0,5490.0
19274,54024.0,4176.0,816.0,9798.0
19275,4885.0,204.0,1583.0,7941.0
19276,5746.0,1160.0,1423.0,4636.0
19277,6318.0,519.0,2055.0,6822.0
19278,8903.0,678.0,2868.0,7266.0
19279,4208.0,758.0,909.0,4961.0
19280,23417.0,2987.0,16141.0,19016.0
19281,30958.0,2874.0,1993.0,4659.0
19282,22032.0,2591.0,1253.0,4077.0
19283,5452.0,484.0,448.0,5548.0
19284,6911.0,695.0,2493.0,6053.0
19285,14718.0,2131.0,2246.0,4848.0
19286,5524.0,489.0,1345.0,7732.0
19287,11308.0,1409.0,2670.0,2010.0
19288,2893.0,742.0,515.0,8582.0
19289,3035.0,375.0,3859.0,8159.0
19290,48219.0,2677.0,1614.0,10001.0
19291,3940.0,741.0,-0.0,157.0
19292,3812.0,997.0,3026.0,13841.0
19293,4176.0,657.0,-0.0,8408.0
19294,81635.0,7262.0,21372.0,33750.0
19295,2913.0,419.0,1531.0,4870.0
19296,6793.0,991.0,961.0,2085.0
19297,33292.0,10485.0,7330.0,27496.0
19298,2589.0,1563.0,2590.0,8218.0
19299,4593.0,228.0,2727.0,3572.0
19300,4599.0,230.0,1931.0,10769.0
19301,3338.0,237.0,493.0,6762.0
19302,5780.0,26.0,557.0,3004.0
19303,19956.0,1164.0,2366.0,13424.0
19304,35595.0,1853.0,4101.0,9562.0
19305,6953.0,1063.0,2122.0,8404.0
19306,6879.0,1026.0,1333.0,4328.0
19307,7063.0,284.0,1790.0,7572.0
19308,3464.0,917.0,1177.0,2567.0
19309,10016.0,1320.0,2383.0,8173.0
19310,16170.0,1051.0,1879.0,4689.0
19311,5818.0,877.0,218.0,3167.0
19312,20138.0,2694.0,64836.0,94480.0
19313,4944.0,866.0,2359.0,3380.0
19314,4277.0,272.0,1671.0,9917.0
19315,5014.0,838.0,1577.0,4540.0
19316,26498.0,1392.0,4692.0,6287.0
19317,4020.0,375.0,2307.0,11134.0
19318,36247.0,3334.0,3773.0,5975.0
19319,8264.0,1030.0,2658.0,4337.0
19320,3482.0,623.0,2329.0,7547.0
19321,19794.0,2909.0,1427.0,8804.0
19322,155039.0,10813.0,4107.0,33454.0
19323,3881.0,347.0,450.0,8869.0
19324,4889.0,577.0,1608.0,2189.0
19325,8485.0,2097.0,1242.0,5719.0
19326,4183.0,540.0,1485.0,6677.0
19327,20977.0,1345.0,3404.0,11432.0
19328,5060.0,628.0,1969.0,3528.0
19329,7938.0,1586.0,2821.0,8323.0
19330,13164.0,684.0,2374.0,2726.0
19331,7715.0,1173.0,2804.0,9283.0
19332,9995.0,779.0,3254.0,7621.0
19333,3659.0,728.0,1855.0,3724.0
19334,6620.0,2643.0,902.0,2447.0
19335,2588.0,878.0,978.0,9279.0
19336,4773.0,1010.0,2061.0,8881.0
19337,24747.0,2966.0,3405.0,17153.0
19338,3817.0,824.0,-0.0,3011.0
19339,4991.0,723.0,2682.0,10353.0
19340,5477.0,1853.0,1525.0,12416.0
19341,15610.0,2018.0,2597.0,12878.0
19342,28765.0,5622.0,8653.0,14432.0
19343,3729.0,576.0,1615.0,5503.0
19344,6566.0,956.0,2198.0,12392.0
19345,3654.0,242.0,2002.0,6321.0
19346,28827.0,3391.0,1765.0,9049.0
19347,4980.0,508.0,140.0,11144.0
19348,86649.0,8662.0,8775.0,13549.0
19349,5631.0,588.0,2435.0,8969.0
19350,6986.0,1021.0,2884.0,7314.0
19351,33105.0,4328.0,3995.0,7738.0
19352,264107.0,25810.0,105610.0,70119.0
19353,5625.0,100.0,2127.0,5879.0
19354,19771.0,1547.0,2066.0,12704.0
19355,4466.0,685.0,940.0,4382.0
19356,6430.0,704.0,1105.0,2545.0
19357,23998.0,1551.0,2466.0,15749.0
19358,5476.0,825.0,1534.0,15047.0
19359,15509.0,1247.0,1975.0,14050.0
19360,17890.0,1370.0,1159.0,9651.0
19361,3197.0,373.0,605.0,6597.0
19362,4651.0,218.0,774.0,11966.0
19363,7106.0,903.0,2530.0,7688.0
19364,3484.0,889.0,1560.0,6675.0
19365,5345.0,182.0,4099.0,8770.0
19366,4335.0,1444.0,1150.0,7844.0
19367,40428.0,3095.0,2837.0,9539.0
19368,6784.0,471.0,653.0,465.0
19369,14684.0,2849.0,1708.0,9513.0
19370,7317.0,1141.0,3602.0,5874.0
19371,2589.0,218.0,1848.0,6095.0
19372,40046.0,3622.0,4643.0,8320.0
19373,5033.0,508.0,656.0,-0.0
19374,4278.0,330.0,1068.0,9322.0
19375,2928.0,483.0,1967.0,8483.0
19376,3027.0,522.0,2665.0,10873.0
19377,4239.0,860.0,1683.0,9143.0
19378,4911.0,1085.0,1695.0,5073.0
19379,4102.0,442.0,2114.0,7714.0
19380,47946.0,4698.0,2107.0,11344.0
19381,5878.0,620.0,-0.0,7241.0
19382,8254.0,805.0,2529.0,1688.0
19383,8097.0,471.0,1959.0,12419.0
19384,3926.0,962.0,2649.0,11097.0
19385,8463.0,447.0,3034.0,10748.0
19386,5711.0,344.0,4035.0,8043.0
19387,35641.0,3047.0,1835.0,8661.0
19388,5574.0,577.0,1706.0,13877.0
19389,31978.0,4277.0,22524.0,49245.0
19390,4287.0,1055.0,908.0,8384.0
19391,8973.0,622.0,2677.0,10055.0
19392,12245.0,578.0,2510.0,6831.0
19393,16744.0,1753.0,2580.0,10171.0
19394,6680.0,303.0,3039.0,7101.0
19395,9460.0,812.0,676.0,6053.0
19396,4464.0,1290.0,1681.0,529.0
19397,25862.0,2494.0,1954.0,14643.0
19398,10519.0,522.0,368.0,9352.0
19399,5002.0,629.0,5224.0,10094.0
19400,24763.0,2131.0,3789.0,7649.0
19401,2775.0,689.0,1799.0,4521.0
19402,6468.0,770.0,1075.0,3459.0
19403,4985.0,730.0,1612.0,6147.0
19404,4718.0,176.0,275.0,5145.0
19405,4867.0,501.0,2590.0,5343.0
19406,9127.0,1161.0,2459.0,7409.0
19407,34770.0,2240.0,3042.0,4231.0
19408,8570.0,429.0,2875.0,6295.0
19409,6275.0,926.0,1975.0,8066.0
19410,2541.0,812.0,1540.0,3213.0
19411,4174.0,687.0,1023.0,14378.0
19412,7060.0,867.0,718.0,8945.0
19413,3747.0,666.0,1763.0,7411.0
19414,18465.0,1746.0,1431.0,6173.0
19415,3045.0,952.0,2740.0,9767.0
19416,3430.0,462.0,2197.0,3632.0
19417,3726.0,540.0,2455.0,5797.0
19418,4013.0,98.0,1228.0,7780.0
19419,3631.0,289.0,3235.0,11465.0
19420,7116.0,634.0,1233.0,12443.0
19421,4445.0,433.0,3141.0,4260.0
19422,27887.0,3611.0,2451.0,14160.0
19423,2554.0,649.0,3311.0,9953.0
19424,8900.0,848.0,2163.0,3670.0
19425,5444.0,701.0,2230.0,5878.0
19426,9732.0,341.0,1115.0,-0.0
19427,5246.0,1035.0,2556.0,10637.0
19428,15892.0,5272.0,81572.0,803169.0
19429,2674.0,247.0,2619.0,6960.0
19430,8173.0,788.0,2036.0,5533.0
19431,3786.0,1721.0,1389.0,5775.0
19432,11497.0,827.0,2915.0,14027.0
19433,30762.0,1428.0,206.0,11936.0
19434,4766.0,528.0,1254.0,5686.0
19435,2727.0,161.0,2732.0,5920.0
19436,23202.0,2361.0,942.0,5362.0
19437,12343.0,1534.0,78.0,4427.0
19438,10634.0,796.0,961.0,7585.0
19439,8150.0,1877.0,2515.0,8614.0
19440,14471.0,1803.0,2874.0,7375.0
19441,14277.0,1754.0,1728.0,4848.0
19442,5436.0,1258.0,1531.0,4216.0
19443,6084.0,441.0,2893.0,7882.0
19444,4760.0,255.0,3108.0,12876.0
19445,7055.0,599.0,1149.0,11618.0
19446,5886.0,456.0,1829.0,9137.0
19447,5783.0,539.0,1433.0,9401.0
19448,11634.0,1104.0,1955.0,12117.0
19449,5395.0,1178.0,2530.0,15200.0
19450,7488.0,1115.0,2256.0,6310.0
19451,4884.0,913.0,1045.0,4639.0
19452,5382.0,1018.0,2663.0,8476.0
19453,3164.0,251.0,1548.0,2552.0
19454,2984.0,1113.0,1744.0,23.0
19455,4607.0,631.0,1766.0,9059.0
19456,9850.0,655.0,-0.0,3851.0
19457,2900.0,561.0,2423.0,14152.0
19458,7435.0,1061.0,2688.0,6023.0
19459,4729.0,359.0,2768.0,9300.0
19460,26968.0,950.0,4476.0,9689.0
19461,5064.0,557.0,1466.0,6424.0
19462,4791.0,589.0,1047.0,6640.0
19463,4060.0,391.0,1915.0,5116.0
19464,7473.0,548.0,1592.0,6334.0
19465,4132.0,336.0,345.0,4289.0
19466,3308.0,640.0,625.0,2640.0
19467,3232.0,253.0,3528.0,11319.0
19468,5787.0,204.0,3468.0,8800.0
19469,13667.0,2048.0,2982.0,4602.0
19470,2462.0,274.0,-0.0,6860.0
19471,3226.0,220.0,1338.0,4613.0
19472,4518.0,409.0,1149.0,10250.0
19473,31365.0,2729.0,3295.0,10538.0
19474,17970.0,2589.0,795.0,14238.0
19475,6176.0,286.0,1209.0,7196.0
19476,3937.0,288.0,3750.0,3935.0
19477,43786.0,2444.0,5559.0,13415.0
19478,2475.0,1101.0,1671.0,13769.0
19479,4459.0,985.0,782.0,12450.0
19480,3873.0,466.0,1532.0,4944.0
19481,7378.0,1854.0,2776.0,3243.0
19482,13399.0,535.0,1702.0,6390.0
19483,4469.0,548.0,2997.0,3379.0
19484,5528.0,1588.0,2065.0,10756.0
19485,4599.0,466.0,1325.0,6582.0
19486,4050.0,923.0,1128.0,3181.0
19487,5279.0,508.0,2412.0,5019.0
19488,5349.0,998.0,2996.0,6996.0
19489,14263.0,731.0,145.0,2855.0
19490,33567.0,3026.0,2916.0,6561.0
19491,3189.0,1035.0,1352.0,5980.0
19492,5727.0,389.0,375.0,2055.0
19493,29774.0,1204.0,1097.0,15942.0
19494,7641.0,850.0,1655.0,9847.0
19495,4576.0,181.0,1757.0,12057.0
19496,6856.0,609.0,1715.0,4971.0
19497,16368.0,1165.0,2236.0,7154.0
19498,3850.0,696.0,1580.0,5825.0
19499,20651.0,1936.0,2682.0,6471.0
19500,5183.0,321.0,1624.0,5606.0
19501,27652.0,2431.0,1608.0,10459.0
19502,4418.0,408.0,2408.0,6865.0
19503,4623.0,598.0,2956.0,14623.0
19504,4171.0,1009.0,709.0,907.0
19505,23917.0,1303.0,1214.0,7357.0
19506,4323.0,1010.0,2361.0,8010.0
19507,26317.0,3448.0,5631.0,11805.0
19508,3795.0,981.0,655.0,8638.0
19509,4900.0,513.0,312.0,5611.0
19510,2686.0,665.0,461.0,2984.0
19511,2624.0,727.0,3277.0,12279.0
19512,14534.0,1831.0,1957.0,6392.0
19513,3766.0,444.0,2125.0,14691.0
19514,3261.0,766.0,2415.0,6078.0
19515,4683.0,172.0,2103.0,14098.0
19516,2633.0,302.0,491.0,3222.0
19517,4264.0,499.0,1633.0,10461.0
19518,20910.0,1898.0,1878.0,6973.0
19519,5883.0,770.0,2927.0,3649.0
19520,5951.0,1812.0,2089.0,6985.0
19521,4894.0,1073.0,2419.0,3158.0
19522,15225.0,1481.0,989.0,12753.0
19523,3869.0,1143.0,983.0,8373.0
19524,4055.0,1409.0,358.0,2813.0
19525,22900.0,4845.0,1267.0,6088.0
19526,10846.0,773.0,2788.0,2045.0
19527,5802.0,868.0,2816.0,4877.0
19528,3810.0,924.0,956.0,2404.0
19529,30836.0,3783.0,2701.0,3356.0
19530,9847.0,370.0,1480.0,7647.0
19531,7099.0,511.0,269.0,4652.0
19532,5030.0,771.0,2510.0,12338.0
19533,3878.0,739.0,2908.0,10235.0
19534,8299.0,987.0,1934.0,19019.0
19535,4885.0,567.0,2510.0,9200.0
19536,3768.0,494.0,1094.0,8163.0
19537,2841.0,952.0,1395.0,9799.0
19538,9365.0,252.0,3943.0,12023.0
19539,20079.0,2275.0,1843.0,11137.0
19540,3264.0,522.0,3026.0,9981.0
19541,5759.0,659.0,2254.0,8584.0
19542,4518.0,666.0,2380.0,8131.0
19543,3913.0,650.0,1242.0,1787.0
19544,5157.0,1354.0,2964.0,12780.0
19545,10772.0,1484.0,1647.0,10847.0
19546,4380.0,454.0,5821.0,6337.0
19547,4129.0,1467.0,1932.0,2129.0
19548,8307.0,389.0,1927.0,14199.0
19549,116656.0,9768.0,9553.0,14393.0
19550,25476.0,1354.0,3106.0,13859.0
19551,4915.0,972.0,2375.0,4154.0
19552,16281.0,1585.0,2298.0,4570.0
19553,6268.0,773.0,4928.0,17447.0
19554,43842.0,3108.0,2535.0,4697.0
19555,12096.0,1318.0,892.0,5399.0
19556,5732.0,595.0,722.0,825.0
19557,10741.0,1208.0,1956.0,7198.0
19558,17895.0,1374.0,2111.0,7251.0
19559,4344.0,1274.0,1035.0,5808.0
19560,4186.0,1236.0,5981.0,8535.0
19561,2471.0,537.0,2625.0,10358.0
19562,37557.0,2577.0,1696.0,11931.0
19563,10731.0,1252.0,1278.0,5847.0
19564,4881.0,613.0,4111.0,4767.0
19565,2478.0,442.0,690.0,7908.0
19566,6885.0,658.0,1174.0,14110.0
19567,4199.0,688.0,2558.0,5873.0
19568,8033.0,750.0,2702.0,9765.0
19569,43801.0,3927.0,5616.0,17356.0
19570,27609.0,2392.0,1141.0,3183.0
19571,6610.0,435.0,1981.0,7470.0
19572,6072.0,25.0,4225.0,10433.0
19573,4297.0,231.0,1092.0,7414.0
19574,2591.0,480.0,1402.0,10805.0
19575,13361.0,1241.0,2145.0,8647.0
19576,10170.0,1001.0,226.0,4111.0
19577,20171.0,1988.0,2232.0,4592.0
19578,4643.0,413.0,1913.0,5634.0
19579,3780.0,1500.0,2697.0,2774.0
19580,8695.0,1252.0,1415.0,5205.0
19581,4339.0,512.0,2722.0,10712.0
19582,9237.0,787.0,1979.0,7295.0
19583,5073.0,498.0,2417.0,11839.0
19584,6087.0,959.0,2342.0,7951.0
19585,11312.0,994.0,2386.0,2544.0
19586,39579.0,2431.0,2151.0,13859.0
19587,44044.0,3743.0,3105.0,14530.0
19588,18113.0,1883.0,1745.0,5186.0
19589,5032.0,278.0,3417.0,8451.0
19590,18317.0,1332.0,3176.0,11648.0
19591,4271.0,540.0,2280.0,8676.0
19592,27472.0,4314.0,8308.0,31268.0
19593,6625.0,615.0,1069.0,5409.0
19594,4409.0,447.0,1968.0,6847.0
19595,3869.0,1204.0,1312.0,4746.0
19596,10194.0,1014.0,2497.0,4924.0
19597,2898.0,564.0,373.0,1601.0
19598,5413.0,504.0,1044.0,9369.0
19599,4096.0,594.0,1682.0,6300.0
19600,43093.0,3724.0,3983.0,7120.0
19601,3818.0,627.0,-0.0,6813.0
19602,10135.0,1219.0,1097.0,8944.0
19603,15769.0,875.0,3992.0,9052.0
19604,5696.0,769.0,3326.0,11777.0
19605,4405.0,1096.0,2256.0,15052.0
19606,3397.0,844.0,118.0,9622.0
19607,13848.0,505.0,2588.0,1865.0
19608,2791.0,326.0,1669.0,11367.0
19609,7159.0,527.0,1413.0,8757.0
19610,13754.0,1265.0,4426.0,8658.0
19611,54147.0,7008.0,8979.0,16430.0
19612,6421.0,531.0,2272.0,8977.0
19613,6789.0,861.0,1274.0,5415.0
19614,9750.0,899.0,1309.0,6800.0
19615,4182.0,553.0,2852.0,6887.0
19616,10706.0,1522.0,882.0,365.0
19617,2607.0,480.0,2427.0,6066.0
19618,5100.0,654.0,1536.0,8169.0
19619,7974.0,637.0,1271.0,7136.0
19620,3668.0,814.0,2775.0,8414.0
19621,3157.0,295.0,3173.0,861.0
19622,17826.0,2052.0,1047.0,14288.0
19623,4487.0,1101.0,1538.0,2808.0
19624,3716.0,448.0,5829.0,7559.0
19625,13250.0,1196.0,1788.0,6198.0
19626,19613.0,1037.0,1843.0,3918.0
19627,15148.0,1039.0,1992.0,15415.0
19628,2830.0,271.0,2025.0,686.0
19629,27944.0,5993.0,31328.0,10094.0
19630,3355.0,305.0,1531.0,11759.0
19631,8851.0,965.0,1458.0,4836.0
19632,4249.0,508.0,2736.0,7022.0
19633,21782.0,2720.0,4190.0,7333.0
19634,18336.0,543.0,2473.0,11983.0
19635,2605.0,370.0,2058.0,8518.0
19636,8697.0,546.0,2143.0,12012.0
19637,3408.0,485.0,1589.0,11665.0
19638,9892.0,775.0,3667.0,9155.0
19639,7099.0,540.0,4005.0,13009.0
19640,32894.0,2711.0,3083.0,7960.0
19641,4293.0,556.0,3711.0,10292.0
19642,3646.0,528.0,2999.0,8489.0
19643,5468.0,958.0,3205.0,15326.0
19644,6394.0,311.0,13.0,12265.0
19645,4574.0,1415.0,2477.0,4618.0
19646,10373.0,555.0,780.0,4175.0
19647,5873.0,291.0,3270.0,11777.0
19648,23667.0,2896.0,2440.0,15513.0
19649,3055.0,304.0,227.0,4273.0
19650,18370.0,667.0,1147.0,5493.0
19651,5517.0,648.0,721.0,7902.0
19652,43641.0,3569.0,4170.0,8247.0
19653,6043.0,427.0,2127.0,1602.0
19654,7129.0,860.0,2497.0,3993.0
19655,686946.0,148396.0,542191.0,444266.0
19656,4307.0,665.0,2439.0,2215.0
19657,23672.0,2632.0,1376.0,8442.0
19658,23464.0,1695.0,2156.0,7537.0
19659,19226.0,2177.0,4194.0,8674.0
19660,21107.0,2810.0,5187.0,7158.0
19661,8428.0,1079.0,2040.0,9723.0
19662,7823.0,1304.0,3196.0,9080.0
19663,22554.0,1835.0,1519.0,4944.0
19664,23319.0,1835.0,29046.0,6808.0
19665,4187.0,902.0,2631.0,10044.0
19666,5366.0,858.0,3846.0,5828.0
19667,9250.0,457.0,2520.0,6400.0
19668,3649.0,551.0,3488.0,7554.0
19669,11064.0,1626.0,5228.0,3171.0
19670,3894.0,1154.0,2314.0,9558.0
19671,2471.0,684.0,16.0,1277.0
19672,8190.0,717.0,4073.0,584.0
19673,2952.0,405.0,2872.0,9856.0
19674,5993.0,509.0,1757.0,3579.0
19675,4631.0,970.0,2582.0,4989.0
19676,12963.0,588.0,2210.0,4065.0
19677,7554.0,889.0,2568.0,6413.0
19678,183424.0,9687.0,50292.0,14867.0
19679,25391.0,3316.0,3236.0,4754.0
19680,8125.0,753.0,1883.0,3481.0
19681,4539.0,918.0,3570.0,1199.0
19682,10877.0,1044.0,2211.0,8980.0
19683,2530.0,1098.0,4791.0,7753.0
19684,4686.0,531.0,2424.0,4457.0
19685,4875.0,330.0,1183.0,5868.0
19686,3980.0,874.0,3678.0,16442.0
19687,4344.0,164.0,2126.0,11439.0
19688,6638.0,475.0,1142.0,8491.0
19689,9953.0,1597.0,2508.0,14801.0
19690,13013.0,933.0,58.0,6005.0
19691,8907.0,862.0,1818.0,13840.0
19692,11256.0,977.0,1806.0,11044.0
19693,3514.0,736.0,2813.0,5479.0
19694,10657.0,1056.0,1338.0,7058.0
19695,4526.0,373.0,1671.0,14877.0
19696,5699.0,573.0,1062.0,3201.0
19697,6140.0,361.0,2232.0,4819.0
19698,3301.0,899.0,2425.0,8091.0
19699,88392.0,7727.0,2474.0,8063.0
19700,7978.0,502.0,3419.0,11328.0
19701,6155.0,462.0,919.0,5320.0
19702,3286.0,20.0,3328.0,9861.0
19703,5966.0,462.0,2018.0,13527.0
19704,8936.0,1192.0,1322.0,7723.0
19705,15423.0,1327.0,6336.0,10694.0
19706,8849.0,618.0,2326.0,6287.0
19707,62503.0,4484.0,2029.0,6280.0
19708,2701.0,714.0,1700.0,9175.0
19709,5946.0,961.0,2588.0,-0.0
19710,9797.0,1159.0,1861.0,13184.0
19711,3954.0,1943.0,4218.0,10588.0
19712,2524.0,616.0,1547.0,4544.0
19713,10716.0,1293.0,1726.0,12851.0
19714,8269.0,709.0,4053.0,5666.0
19715,35031.0,2611.0,1110.0,5548.0
19716,7427.0,801.0,2743.0,8301.0
19717,4383.0,928.0,2885.0,6014.0
19718,30177.0,1708.0,2811.0,5717.0
19719,4071.0,613.0,2387.0,9080.0
19720,20246.0,1436.0,3533.0,6384.0
19721,10338.0,1293.0,3069.0,10097.0
19722,18985.0,1431.0,1413.0,11530.0
19723,3594.0,553.0,1661.0,9945.0
19724,10213.0,615.0,1606.0,10131.0
19725,25159.0,1728.0,1668.0,10490.0
19726,3855.0,440.0,3155.0,8667.0
19727,4557.0,578.0,1451.0,4971.0
19728,3521.0,661.0,1764.0,8360.0
19729,5984.0,1240.0,1179.0,2559.0
19730,6991.0,524.0,2662.0,1641.0
19731,6734.0,326.0,2596.0,10692.0
19732,7487.0,1210.0,2194.0,17352.0
19733,6811.0,1596.0,2330.0,6997.0
19734,34780.0,2514.0,1849.0,7507.0
19735,3841.0,830.0,1394.0,3108.0
19736,5649.0,658.0,1985.0,7703.0
19737,4168.0,92.0,1253.0,2777.0
19738,14798.0,1788.0,3392.0,11004.0
19739,3275.0,866.0,2702.0,15815.0
19740,2791.0,318.0,631.0,6182.0
19741,7768.0,1269.0,3000.0,9289.0
19742,4609.0,1159.0,220.0,1159.0
19743,5805.0,847.0,2708.0,14644.0
19744,4585.0,1105.0,1860.0,7890.0
19745,3471.0,588.0,1795.0,9166.0
19746,6389.0,1068.0,3026.0,12289.0
19747,17633.0,1281.0,2040.0,13250.0
19748,9568.0,857.0,1929.0,6446.0
19749,4769.0,803.0,969.0,5774.0
19750,3439.0,577.0,2662.0,4085.0
19751,13730.0,1181.0,2133.0,9576.0
19752,5607.0,479.0,1045.0,2092.0
19753,7787.0,1566.0,547.0,7672.0
19754,6364.0,986.0,1530.0,8025.0
19755,5966.0,611.0,1823.0,9143.0
19756,5708.0,563.0,1742.0,1020.0
19757,3685.0,296.0,793.0,13503.0
19758,4154.0,2214.0,4711.0,14412.0
19759,4738.0,657.0,549.0,13207.0
19760,14441.0,1912.0,1589.0,6065.0
19761,4345.0,932.0,3243.0,7336.0
19762,13992.0,1436.0,2830.0,4972.0
19763,5141.0,808.0,3289.0,15307.0
19764,4690.0,627.0,1263.0,-0.0
19765,2677.0,260.0,2286.0,5779.0
19766,2792.0,346.0,2066.0,6687.0
19767,4507.0,132.0,1909.0,7469.0
19768,4626.0,666.0,592.0,-0.0
19769,6950.0,1488.0,1247.0,8199.0
19770,4883.0,832.0,833.0,10800.0
19771,5983.0,792.0,1147.0,4791.0
19772,4713.0,703.0,1669.0,6632.0
19773,19645.0,12141.0,25707.0,37689.0
19774,22406.0,2246.0,2513.0,6543.0
19775,3074.0,342.0,2922.0,-0.0
19776,5130.0,442.0,1264.0,3629.0
19777,3238.0,517.0,1570.0,10060.0
19778,5135.0,273.0,2862.0,8186.0
19779,27043.0,2625.0,2318.0,12301.0
19780,23976.0,3827.0,2520.0,2159.0
19781,3966.0,472.0,1858.0,8885.0
19782,9665.0,886.0,3122.0,10826.0
19783,7721.0,1147.0,1191.0,6886.0
19784,3131.0,526.0,-0.0,7758.0
19785,6813.0,294.0,3323.0,13314.0
19786,11461.0,1461.0,2145.0,8106.0
19787,7307.0,430.0,4623.0,4085.0
19788,7324.0,1307.0,769.0,5182.0
19789,6363.0,1081.0,2025.0,3329.0
19790,4924.0,820.0,2026.0,4284.0
19791,4571.0,399.0,-0.0,7005.0
19792,3935.0,330.0,1846.0,5705.0
19793,5162.0,886.0,4946.0,8259.0
19794,13148.0,822.0,1401.0,6147.0
19795,5096.0,326.0,2494.0,7297.0
19796,4544.0,426.0,114.0,2871.0
19797,31357.0,1926.0,4537.0,10999.0
19798,2932.0,610.0,2144.0,6999.0
19799,5603.0,875.0,2756.0,4572.0
19800,8357.0,879.0,987.0,13212.0
19801,4773.0,1756.0,2924.0,4651.0
19802,7316.0,1115.0,2734.0,12209.0
19803,4537.0,1071.0,1178.0,11330.0
19804,5177.0,900.0,2033.0,7120.0
19805,2945.0,634.0,2151.0,7302.0
19806,8567.0,1826.0,1106.0,8561.0
19807,4527.0,297.0,1299.0,5948.0
19808,6424.0,696.0,1089.0,14108.0
19809,3448.0,972.0,1052.0,6914.0
19810,3163.0,418.0,3350.0,7437.0
19811,3773.0,828.0,3210.0,6170.0
19812,3269.0,664.0,5016.0,6365.0
19813,4900.0,380.0,5346.0,16962.0
19814,7309.0,723.0,2161.0,19525.0
19815,3107.0,535.0,1825.0,13897.0
19816,4813.0,1139.0,1165.0,8019.0
19817,3549.0,640.0,2897.0,12959.0
19818,6461.0,237.0,2558.0,8177.0
19819,4970.0,1941.0,1913.0,12387.0
19820,2464.0,438.0,2316.0,8232.0
19821,4340.0,528.0,2021.0,10556.0
19822,3885.0,857.0,1236.0,5809.0
19823,8527.0,613.0,3387.0,9860.0
19824,19056.0,975.0,5457.0,12256.0
19825,4067.0,571.0,1123.0,7230.0
19826,4663.0,394.0,1849.0,3895.0
19827,8473.0,952.0,1616.0,3207.0
19828,6586.0,1145.0,2798.0,7326.0
19829,5824.0,765.0,6263.0,13846.0
19830,5621.0,805.0,1398.0,6313.0
19831,4296.0,948.0,2159.0,10172.0
19832,21691.0,901.0,2066.0,2015.0
19833,101359.0,14297.0,24335.0,57159.0
19834,3077.0,290.0,-0.0,4024.0
19835,16155.0,4840.0,2559.0,5591.0
19836,24658.0,2472.0,30217.0,34355.0
19837,8317.0,3685.0,5785.0,21525.0
19838,12205.0,402.0,16.0,4913.0
19839,9565.0,933.0,916.0,11408.0
19840,17612.0,2079.0,3016.0,9998.0
19841,3777.0,438.0,1863.0,7148.0
19842,27369.0,1271.0,3934.0,6454.0
19843,16110.0,1342.0,2932.0,9525.0
19844,9681.0,708.0,2619.0,10441.0
19845,4188.0,718.0,2583.0,11156.0
19846,4339.0,582.0,2950.0,1483.0
19847,47023.0,3215.0,2294.0,12369.0
19848,5961.0,643.0,1804.0,6798.0
19849,17948.0,3103.0,16643.0,35697.0
19850,3849.0,1815.0,2094.0,7553.0
19851,6460.0,1030.0,2041.0,8030.0
19852,4964.0,233.0,3009.0,8682.0
19853,4406.0,465.0,-0.0,1534.0
19854,6959.0,911.0,1470.0,10786.0
19855,8810.0,1317.0,1979.0,16497.0
19856,2962.0,873.0,649.0,3833.0
19857,3231.0,485.0,1007.0,13017.0
19858,4172.0,538.0,2029.0,14339.0
19859,8481.0,746.0,507.0,2118.0
19860,3367.0,559.0,253.0,3833.0
19861,9246.0,460.0,2017.0,9440.0
19862,5415.0,567.0,1540.0,10696.0
19863,6100.0,832.0,848.0,8818.0
19864,5101.0,691.0,2224.0,416.0
19865,6014.0,1395.0,2825.0,7497.0
19866,39818.0,2973.0,2373.0,16180.0
19867,5806.0,607.0,2998.0,12330.0
19868,4520.0,675.0,2578.0,3029.0
19869,5539.0,199.0,771.0,10178.0
19870,7938.0,1046.0,2112.0,11541.0
19871,4400.0,839.0,2801.0,6733.0
19872,4337.0,335.0,1719.0,9142.0
19873,20679.0,1777.0,2296.0,9257.0
19874,7694.0,1242.0,2592.0,7860.0
19875,3536.0,660.0,678.0,2528.0
19876,13875.0,2067.0,1612.0,6882.0
19877,5499.0,499.0,3702.0,5382.0
19878,12520.0,657.0,1296.0,4656.0
19879,4323.0,104.0,2472.0,6464.0
19880,4979.0,644.0,550.0,8113.0
19881,5790.0,899.0,766.0,2977.0
19882,19071.0,2246.0,2152.0,6748.0
19883,24355.0,1948.0,3062.0,4514.0
19884,4195.0,1009.0,1988.0,10017.0
19885,3112.0,739.0,202994.0,731027.0
19886,4266.0,351.0,1333.0,8703.0
19887,11184.0,1463.0,3139.0,11603.0
19888,8684.0,654.0,1964.0,6314.0
19889,5956.0,635.0,2777.0,15084.0
19890,5544.0,703.0,1282.0,7630.0
19891,8069.0,1050.0,1747.0,8957.0
19892,5987.0,641.0,3702.0,12166.0
19893,17611.0,7254.0,17523.0,22908.0
19894,3713.0,234.0,4200.0,13741.0
19895,4886.0,563.0,1916.0,7399.0
19896,3963.0,341.0,2530.0,9163.0
19897,7510.0,902.0,26.0,-0.0
19898,10014.0,830.0,905.0,5676.0
19899,7474.0,484.0,1799.0,9307.0
19900,15406.0,2026.0,1459.0,6874.0
19901,30829.0,2464.0,1537.0,6534.0
19902,17736.0,1113.0,2701.0,6115.0
19903,36661.0,2707.0,1532.0,9123.0
19904,3552.0,353.0,2954.0,15029.0
19905,13885.0,568.0,809.0,2992.0
19906,5924.0,1176.0,2756.0,10867.0
19907,2558.0,335.0,2554.0,6538.0
19908,6220.0,944.0,1610.0,6490.0
19909,9067.0,584.0,-0.0,6541.0
19910,34523.0,1923.0,1844.0,10375.0
19911,3937.0,992.0,1536.0,9564.0
19912,3535.0,530.0,2767.0,7878.0
19913,11324.0,1621.0,2785.0,7681.0
19914,6795.0,605.0,-0.0,6825.0
19915,7034.0,1003.0,981.0,7381.0
19916,6917.0,663.0,803.0,3648.0
19917,3809.0,733.0,2627.0,11047.0
19918,11413.0,1353.0,2793.0,8807.0
19919,5059.0,726.0,716.0,2050.0
19920,10070.0,1126.0,3446.0,10013.0
19921,15807.0,1729.0,2547.0,9316.0
19922,3282.0,982.0,1291.0,5421.0
19923,3373.0,657.0,1012.0,3839.0
19924,20410.0,1636.0,1289.0,5400.0
19925,4716.0,1934.0,664.0,-0.0
19926,34346.0,1465.0,2150.0,5035.0
19927,3392.0,553.0,1269.0,5115.0
19928,3770.0,734.0,1357.0,7766.0
19929,9915.0,586.0,889.0,3993.0
19930,12772.0,1197.0,944.0,6585.0
19931,3409.0,400.0,1284.0,5133.0
19932,3013.0,165.0,2344.0,9408.0
19933,3498.0,391.0,1615.0,9090.0
19934,27483.0,4605.0,3852.0,16768.0
19935,2662.0,262.0,2088.0,7245.0
19936,43575.0,3658.0,2440.0,8613.0
19937,3533.0,785.0,908.0,6326.0
19938,4645.0,188.0,1282.0,12881.0
19939,10792.0,1461.0,2530.0,5718.0
19940,6496.0,896.0,1769.0,10731.0
19941,6545.0,1940.0,4057.0,12018.0
19942,23982.0,4078.0,10250.0,59209.0
19943,17936.0,1112.0,1919.0,7797.0
19944,6836.0,179.0,1499.0,5639.0
19945,31808.0,1711.0,1695.0,8824.0
19946,4036.0,540.0,771.0,17639.0
19947,3535.0,1163.0,1765.0,3818.0
19948,24794.0,1694.0,4422.0,11889.0
19949,8315.0,415.0,3156.0,5186.0
19950,5615.0,743.0,1954.0,13436.0
19951,4229.0,1143.0,3299.0,4954.0
19952,14186.0,1207.0,1900.0,10431.0
19953,3468.0,778.0,3518.0,18167.0
19954,8715.0,1885.0,1478.0,9845.0
19955,2555.0,459.0,299.0,1598.0
19956,30736.0,3305.0,2508.0,7235.0
19957,2544.0,965.0,602.0,12416.0
19958,38522.0,3365.0,1425.0,7675.0
19959,7601.0,1465.0,2274.0,2456.0
19960,3036.0,478.0,1356.0,5398.0
19961,2476.0,591.0,2535.0,10498.0
19962,19964.0,2205.0,2805.0,10166.0
19963,7706.0,3255.0,7025.0,19632.0
19964,6852.0,1001.0,1579.0,3487.0
19965,3030.0,200.0,630.0,7907.0
19966,2923.0,566.0,1444.0,8735.0
19967,20621.0,2311.0,3205.0,6811.0
19968,4904.0,566.0,797.0,5873.0
19969,2838.0,854.0,401.0,9118.0
19970,8262.0,1199.0,2916.0,10968.0
19971,4260.0,641.0,858.0,7614.0
19972,4351.0,905.0,1791.0,9365.0
19973,8848.0,1380.0,2661.0,9293.0
19974,7483.0,1347.0,4078.0,10634.0
19975,26223.0,2172.0,829.0,4542.0
19976,10620.0,662.0,2885.0,6207.0
19977,11933.0,1477.0,-0.0,5805.0
19978,43514.0,6639.0,10688.0,64782.0
19979,3427.0,782.0,358.0,2752.0
19980,15740.0,730.0,808.0,7446.0
19981,10741.0,1629.0,2336.0,11883.0
19982,3449.0,596.0,1078.0,5235.0
19983,4318.0,964.0,810.0,4858.0
19984,6890.0,878.0,2058.0,9370.0
19985,6524.0,349.0,1244.0,7446.0
19986,2507.0,890.0,251.0,9029.0
19987,8709.0,978.0,1110.0,6463.0
19988,5286.0,516.0,298.0,4030.0
19989,3848.0,1380.0,1259.0,7147.0
19990,5693.0,955.0,2622.0,9234.0
19991,4185.0,754.0,2174.0,7254.0
19992,4512.0,458.0,456.0,10422.0
19993,5419.0,338.0,2128.0,13613.0
19994,4388.0,1062.0,2396.0,13454.0
19995,8075.0,1358.0,876.0,4336.0
19996,3256.0,421.0,1866.0,3409.0
19997,5943.0,1028.0,1731.0,14134.0
19998,4186.0,560.0,1826.0,3192.0
19999,3004.0,346.0,2722.0,7141.0
20000,4267.0,452.0,2838.0,7183.0
20001,3333.0,391.0,2809.0,2723.0
20002,3115.0,1435.0,1086.0,6595.0
20003,2677.0,207.0,3252.0,6389.0
20004,42269.0,2042.0,2480.0,10963.0
20005,6944.0,759.0,1914.0,1608.0
20006,4894.0,98.0,2842.0,6536.0
20007,11697.0,672.0,980.0,6479.0
20008,11517.0,1161.0,1475.0,6236.0
20009,29928.0,2601.0,3949.0,5506.0
20010,2505.0,394.0,1606.0,6651.0
20011,3328.0,884.0,1937.0,10355.0
20012,6954.0,1592.0,620.0,8303.0
20013,7769.0,740.0,2497.0,4720.0
20014,12938.0,614.0,1947.0,5345.0
20015,17951.0,5265.0,10007.0,33044.0
20016,3587.0,588.0,1916.0,7780.0
20017,3652.0,314.0,2567.0,7489.0
20018,3214.0,524.0,3236.0,11720.0
20019,93323.0,18548.0,51467.0,67348.0
20020,3961.0,747.0,1432.0,3080.0
20021,7367.0,1987.0,2089.0,14304.0
20022,5446.0,979.0,1776.0,5042.0
20023,3003.0,272.0,2671.0,7088.0
20024,4632.0,1411.0,2913.0,8342.0
20025,6394.0,801.0,1579.0,11511.0
20026,4300.0,461.0,1842.0,7499.0
20027,3512.0,621.0,2145.0,2894.0
20028,7526.0,631.0,2638.0,12579.0
20029,4563.0,317.0,4122.0,6879.0
20030,3493.0,323.0,2608.0,5230.0
20031,11947.0,1531.0,1430.0,8420.0
20032,25202.0,2553.0,2591.0,6042.0
20033,5814.0,1660.0,2636.0,7791.0
20034,11240.0,481.0,2236.0,9590.0
20035,2910.0,367.0,3488.0,8483.0
20036,12748.0,1345.0,2001.0,11592.0
20037,10614.0,2208.0,2712.0,10261.0
20038,11375.0,619.0,2609.0,4153.0
20039,3607.0,539.0,2033.0,8721.0
20040,5799.0,958.0,2324.0,15794.0
20041,4891.0,428.0,2313.0,4578.0
20042,11195.0,892.0,2485.0,7724.0
20043,74833.0,4984.0,3791.0,20854.0
20044,12174.0,1592.0,2137.0,15383.0
20045,5164.0,935.0,850.0,3686.0
20046,44938.0,3616.0,4814.0,13799.0
20047,4853.0,1127.0,3723.0,10090.0
20048,6043.0,731.0,1766.0,13341.0
20049,2828.0,557.0,1331.0,6542.0
20050,10303.0,501.0,1825.0,6610.0
20051,31740.0,2371.0,1633.0,7015.0
20052,31667.0,3148.0,5462.0,6059.0
20053,16086.0,1176.0,1598.0,5570.0
20054,6486.0,941.0,586.0,8181.0
20055,3205.0,709.0,869.0,2783.0
20056,2673.0,342.0,432.0,10327.0
20057,7901.0,1228.0,2508.0,8305.0
20058,11156.0,491.0,1565.0,6863.0
20059,3704.0,403.0,2618.0,6991.0
20060,14998.0,1596.0,2417.0,15995.0
20061,6530.0,790.0,2837.0,9674.0
20062,2734.0,525.0,891.0,10453.0
20063,4181.0,588.0,3297.0,5649.0
20064,4947.0,418.0,1320.0,7735.0
20065,15875.0,839.0,1780.0,9722.0
20066,3525.0,735.0,3068.0,5012.0
20067,4148.0,687.0,3125.0,5334.0
20068,3763.0,621.0,1620.0,5999.0
20069,5417.0,663.0,2121.0,5462.0
20070,28716.0,1974.0,1547.0,5236.0
20071,5442.0,726.0,958.0,-0.0
20072,3560.0,841.0,734.0,5361.0
20073,4511.0,566.0,2047.0,7730.0
20074,4585.0,1128.0,2518.0,15485.0
20075,7821.0,740.0,1147.0,4871.0
20076,3646.0,501.0,869.0,5684.0
20077,5314.0,362.0,1732.0,5473.0
20078,20960.0,1710.0,1459.0,10154.0
20079,4478.0,650.0,2210.0,7549.0
20080,27727.0,3625.0,7883.0,15180.0
20081,15097.0,1225.0,2708.0,16262.0
20082,15216.0,1488.0,2634.0,9768.0
20083,6359.0,857.0,3318.0,3652.0
20084,10661.0,904.0,1006.0,5745.0
20085,6321.0,1253.0,3212.0,7851.0
20086,25922.0,1743.0,2135.0,11282.0
20087,3976.0,603.0,3106.0,6261.0
20088,4529.0,1265.0,3222.0,7055.0
20089,8208.0,1833.0,1697.0,3051.0
20090,12425.0,948.0,3511.0,16197.0
20091,4349.0,1287.0,1493.0,5482.0
20092,4713.0,473.0,939.0,11221.0
20093,24453.0,1836.0,2813.0,11167.0
20094,44382.0,3236.0,49051.0,36410.0
20095,3515.0,838.0,3069.0,5151.0
20096,6366.0,409.0,1542.0,4543.0
20097,2955.0,440.0,1225.0,4463.0
20098,3345.0,391.0,1010.0,8203.0
20099,5509.0,1206.0,2601.0,12713.0
20100,6423.0,423.0,2582.0,2138.0
20101,7036.0,206.0,1224.0,7320.0
20102,5664.0,396.0,698.0,5713.0
20103,11368.0,1611.0,1530.0,5317.0
20104,5472.0,144.0,2145.0,7552.0
20105,5579.0,700.0,1507.0,7722.0
20106,3443.0,436.0,1377.0,8288.0
20107,6677.0,305.0,2341.0,8977.0
20108,4786.0,452.0,3081.0,6767.0
20109,2681.0,324.0,2018.0,18051.0
20110,4035.0,845.0,3003.0,8101.0
20111,7123.0,719.0,1190.0,577.0
20112,17028.0,1405.0,1776.0,8317.0
20113,3067.0,656.0,2062.0,3202.0
20114,11190.0,330.0,3305.0,4090.0
20115,4680.0,1316.0,885.0,9354.0
20116,12657.0,1675.0,2021.0,11685.0
20117,7337.0,1252.0,-0.0,6430.0
20118,13210.0,1551.0,2279.0,9847.0
20119,6914.0,491.0,2185.0,14059.0
20120,2695.0,519.0,1179.0,7602.0
20121,7508.0,1041.0,885.0,4864.0
20122,16235.0,1415.0,2063.0,10167.0
20123,11513.0,979.0,2379.0,9972.0
20124,3544.0,814.0,1196.0,9518.0
20125,2731.0,872.0,1790.0,3826.0
20126,3013.0,451.0,432.0,6686.0
20127,2835.0,237.0,2038.0,4029.0
20128,5132.0,670.0,826.0,5019.0
20129,28289.0,1840.0,868.0,8359.0
20130,2654.0,977.0,549.0,11495.0
20131,35708.0,5577.0,6421.0,11776.0
20132,17238.0,2115.0,2454.0,7515.0
20133,3014.0,468.0,736.0,13279.0
20134,68733.0,5209.0,12762.0,18059.0
20135,19154.0,4842.0,6277.0,9650.0
20136,34749.0,3422.0,5268.0,14032.0
20137,7878.0,977.0,1043.0,11839.0
20138,8538.0,1482.0,2859.0,7927.0
20139,525715.0,83209.0,72851.0,357942.0
20140,6277.0,840.0,1136.0,4562.0
20141,6686.0,1046.0,3234.0,13890.0
20142,7660.0,514.0,2585.0,7208.0
20143,3526.0,407.0,687.0,8339.0
20144,2615.0,547.0,326.0,1510.0
20145,2905.0,558.0,641.0,6848.0
20146,11867.0,1829.0,1281.0,7868.0
20147,5214.0,216.0,2793.0,15227.0
20148,8219.0,489.0,3949.0,7108.0
20149,4505.0,643.0,1141.0,4685.0
20150,4747.0,640.0,2048.0,7875.0
20151,26472.0,1528.0,3276.0,6937.0
20152,2920.0,528.0,1904.0,6362.0
20153,7186.0,1382.0,2300.0,17517.0
20154,31579.0,3528.0,1581.0,9788.0
20155,7560.0,985.0,2989.0,13670.0
20156,17855.0,949.0,2503.0,5767.0
20157,7155.0,814.0,4220.0,4275.0
20158,6486.0,1285.0,2479.0,6978.0
20159,6971.0,1489.0,2843.0,6417.0
20160,3182.0,1280.0,844.0,5340.0
20161,2722.0,286.0,2271.0,6551.0
20162,4477.0,729.0,1005.0,9553.0
20163,84736.0,5374.0,2235.0,5064.0
20164,9060.0,878.0,2237.0,6225.0
20165,8981.0,933.0,1237.0,6517.0
20166,2782.0,501.0,297.0,11787.0
20167,14490.0,1113.0,2607.0,12192.0
20168,5593.0,291.0,2340.0,1759.0
20169,3761.0,70.0,1501.0,5812.0
20170,5727.0,1115.0,1914.0,5532.0
20171,29073.0,3102.0,1439.0,3305.0
20172,9022.0,693.0,1362.0,9090.0
20173,10532.0,1091.0,1688.0,5304.0
20174,11808.0,416.0,1552.0,9859.0
20175,4449.0,964.0,1426.0,7867.0
20176,9281.0,896.0,1411.0,9471.0
20177,19539.0,678.0,2953.0,10084.0
20178,5518.0,910.0,2040.0,7811.0
20179,30285.0,3186.0,2419.0,6339.0
20180,18600.0,652.0,1560.0,11595.0
20181,6329.0,1244.0,999.0,2223.0
20182,2519.0,236.0,565.0,4031.0
20183,5363.0,680.0,1976.0,5258.0
20184,4330.0,623.0,1201.0,3573.0
20185,12036.0,1559.0,1187.0,6652.0
20186,13058.0,1121.0,1121.0,5945.0
20187,5612.0,274.0,808.0,15106.0
20188,5721.0,248.0,5064.0,14109.0
20189,4132.0,1064.0,1575.0,3815.0
20190,24155.0,2972.0,827.0,8359.0
20191,18428.0,7489.0,8813.0,25845.0
20192,4670.0,1235.0,1512.0,1942.0
20193,8094.0,1177.0,1148.0,9584.0
20194,6930.0,2012.0,1878.0,8436.0
20195,5373.0,625.0,1755.0,6220.0
20196,15518.0,654.0,981.0,10021.0
20197,3734.0,425.0,755.0,9772.0
20198,20461.0,1159.0,1608.0,9294.0
20199,4087.0,169.0,199.0,3324.0
20200,4416.0,1324.0,2040.0,5859.0
20201,3474.0,250.0,2489.0,7654.0
20202,4223.0,454.0,845.0,12953.0
20203,3681.0,879.0,1618.0,8533.0
20204,3615.0,669.0,1515.0,4145.0
20205,11752.0,924.0,2005.0,9063.0
20206,14124.0,1229.0,2622.0,13720.0
20207,28432.0,2327.0,1372.0,6792.0
20208,7678.0,616.0,1173.0,1039.0
20209,3106.0,354.0,372.0,3590.0
20210,5764.0,564.0,2166.0,4220.0
20211,2497.0,701.0,2058.0,7733.0
20212,5288.0,539.0,2913.0,12871.0
20213,2690.0,41.0,1426.0,9284.0
20214,10083.0,735.0,1332.0,6589.0
20215,2556.0,542.0,793.0,7462.0
20216,2916.0,309.0,694.0,3332.0
20217,41703.0,3135.0,3545.0,11744.0
20218,4014.0,808.0,868.0,9265.0
20219,12996.0,677.0,2223.0,10005.0
20220,7811.0,1096.0,3450.0,5774.0
20221,2907.0,777.0,564.0,4854.0
20222,4611.0,1450.0,2405.0,5495.0
20223,2805.0,119.0,175.0,3896.0
20224,4375.0,694.0,1133.0,14295.0
20225,2554.0,504.0,2458.0,9449.0
20226,5613.0,1080.0,1350.0,3684.0
20227,25276.0,1264.0,2281.0,8146.0
20228,18726.0,2251.0,1882.0,9244.0
20229,5051.0,884.0,1955.0,3139.0
20230,24088.0,2112.0,2791.0,10749.0
20231,4271.0,558.0,1757.0,5042.0
20232,7086.0,828.0,256.0,7878.0
20233,15085.0,1673.0,1586.0,4377.0
20234,22014.0,652.0,3918.0,10123.0
20235,8562.0,673.0,1654.0,5850.0
20236,76283.0,3772.0,2856.0,14836.0
20237,2783.0,230.0,3131.0,5788.0
20238,28813.0,3903.0,3823.0,9023.0
20239,5904.0,1188.0,2836.0,9417.0
20240,5432.0,1416.0,152.0,4761.0
20241,4197.0,206.0,1134.0,12621.0
20242,3417.0,777.0,1394.0,6638.0
20243,6603.0,780.0,2027.0,8775.0
20244,7594.0,463.0,636.0,8843.0
20245,16355.0,1843.0,2423.0,7022.0
20246,5557.0,1075.0,1562.0,2994.0
20247,6180.0,1284.0,2982.0,10593.0
20248,4003.0,280.0,1980.0,12125.0
20249,4304.0,728.0,1192.0,11181.0
20250,5405.0,575.0,1975.0,7039.0
20251,3444.0,424.0,3537.0,1608.0
20252,4423.0,500.0,2931.0,14408.0
20253,17205.0,1462.0,374.0,9745.0
20254,3798.0,496.0,1220.0,4528.0
20255,21088.0,937.0,3314.0,10913.0
20256,35558.0,2220.0,2506.0,16185.0
20257,17791.0,1670.0,1686.0,13356.0
20258,4527.0,502.0,2027.0,5686.0
20259,2464.0,328.0,2599.0,6968.0
20260,2989.0,449.0,2414.0,15092.0
20261,3063.0,320.0,130.0,8903.0
20262,4722.0,441.0,148.0,1016.0
20263,11508.0,1256.0,2791.0,11121.0
20264,30863.0,2206.0,3086.0,8422.0
20265,4822.0,300.0,2383.0,3052.0
20266,6316.0,533.0,2106.0,6306.0
20267,5395.0,2591.0,2374.0,14010.0
20268,2657.0,100.0,104.0,11426.0
20269,187813.0,35306.0,22725.0,124905.0
20270,8439.0,461.0,2675.0,7068.0
20271,3554.0,711.0,1161.0,11534.0
20272,19091.0,1413.0,1894.0,7588.0
20273,32849.0,4025.0,40318.0,41943.0
20274,255071.0,17751.0,37658.0,52781.0
20275,5645.0,613.0,1531.0,6873.0
20276,12913.0,1411.0,3281.0,4573.0
20277,5206.0,574.0,2048.0,6379.0
20278,3822.0,869.0,2178.0,5939.0
20279,13285.0,1187.0,1178.0,10858.0
20280,4995.0,1081.0,1852.0,5199.0
20281,5319.0,437.0,2645.0,7631.0
20282,2475.0,285.0,1988.0,14009.0
20283,17520.0,653.0,2277.0,10836.0
20284,4377.0,580.0,452.0,7419.0
20285,6020.0,2283.0,2555.0,3220.0
20286,137337.0,21434.0,126328.0,159261.0
20287,2729.0,151.0,2780.0,8121.0
20288,29752.0,2342.0,2599.0,5476.0
20289,4365.0,536.0,278.0,7452.0
20290,3072.0,498.0,2829.0,4164.0
20291,4500.0,706.0,441.0,5670.0
20292,2682.0,671.0,852.0,2342.0
20293,6587.0,254.0,1208.0,11353.0
20294,15053.0,1967.0,602.0,5349.0
20295,6049.0,455.0,1677.0,4454.0
20296,7274.0,1565.0,4471.0,15963.0
20297,3357.0,929.0,2464.0,9571.0
20298,12365.0,968.0,3257.0,8593.0
20299,9083.0,1218.0,3806.0,8098.0
20300,23674.0,1987.0,2453.0,3076.0
20301,2515.0,106.0,619.0,8945.0
20302,8373.0,821.0,1339.0,2367.0
20303,19614.0,2315.0,6614.0,17126.0
20304,3083.0,562.0,981.0,4256.0
20305,4273.0,352.0,764.0,-0.0
20306,13320.0,1210.0,2229.0,11873.0
20307,14567.0,1124.0,1720.0,7054.0
20308,3008.0,732.0,2552.0,9704.0
20309,9826.0,709.0,1608.0,7085.0
20310,7153.0,677.0,2668.0,5343.0
20311,6685.0,486.0,1892.0,7166.0
20312,11862.0,932.0,1178.0,2836.0
20313,3336.0,432.0,2131.0,10170.0
20314,3732.0,815.0,2812.0,5276.0
20315,7030.0,439.0,1899.0,11798.0
20316,3403.0,121.0,1458.0,9022.0
20317,3094.0,468.0,-0.0,11629.0
20318,77728.0,12939.0,146574.0,111462.0
20319,2772.0,832.0,3517.0,3956.0
20320,3180.0,557.0,1252.0,7212.0
20321,8967.0,767.0,3342.0,10835.0
20322,3846.0,367.0,1528.0,10874.0
20323,25769.0,1710.0,3244.0,7616.0
20324,2659.0,745.0,1085.0,5516.0
20325,9014.0,725.0,1349.0,15457.0
20326,9188.0,2076.0,6688.0,17229.0
20327,25892.0,1331.0,2349.0,12938.0
20328,7486.0,1324.0,3037.0,5720.0
20329,4306.0,1196.0,2817.0,6976.0
20330,9638.0,680.0,2186.0,12157.0
20331,4190.0,1228.0,1212.0,5888.0
20332,3079.0,369.0,-0.0,14133.0
20333,22039.0,1330.0,2466.0,8060.0
20334,4097.0,963.0,883.0,4071.0
20335,7526.0,1207.0,1094.0,6622.0
20336,4618.0,505.0,1693.0,6514.0
20337,4207.0,810.0,1386.0,10043.0
20338,17243.0,993.0,1855.0,5572.0
20339,4117.0,678.0,762.0,3779.0
20340,7181.0,759.0,1627.0,9009.0
20341,3940.0,767.0,1037.0,3651.0
20342,2630.0,1103.0,1417.0,3210.0
20343,6219.0,984.0,2797.0,2978.0
20344,27055.0,2979.0,2207.0,4673.0
20345,7417.0,523.0,3488.0,9190.0
20346,11114.0,1038.0,1262.0,5677.0
20347,5650.0,748.0,797.0,5330.0
20348,27001.0,2728.0,2266.0,4893.0
20349,5331.0,406.0,2716.0,10345.0
20350,4219.0,336.0,968.0,5532.0
20351,3528.0,600.0,1842.0,8867.0
20352,41367.0,2047.0,1006.0,4938.0
20353,78007.0,15501.0,5127.0,38586.0
20354,23964.0,2336.0,80900.0,81254.0
20355,3717.0,776.0,2199.0,4102.0
20356,4352.0,414.0,3242.0,11325.0
20357,2939.0,679.0,1129.0,4039.0
20358,22727.0,1586.0,1102.0,3631.0
20359,5601.0,730.0,3399.0,9269.0
20360,4809.0,719.0,3442.0,13934.0
20361,2700.0,261.0,1485.0,9744.0
20362,14872.0,2100.0,2477.0,9281.0
20363,2480.0,206.0,1192.0,-0.0
20364,2837.0,643.0,411.0,7553.0
20365,4572.0,125.0,1881.0,5686.0
20366,9301.0,1669.0,1492.0,11253.0
20367,12657.0,903.0,1430.0,6780.0
20368,2798.0,771.0,1124.0,5924.0
20369,2570.0,566.0,1221.0,7789.0
20370,33744.0,2927.0,2749.0,9038.0
20371,7027.0,1173.0,3474.0,10010.0
20372,9489.0,415.0,3389.0,14350.0
20373,10293.0,462.0,1868.0,5108.0
20374,5862.0,577.0,866.0,10778.0
20375,4724.0,560.0,1130.0,7659.0
20376,5440.0,3007.0,2335.0,13686.0
20377,4198.0,297.0,2310.0,6685.0
20378,6923.0,332.0,2663.0,5591.0
20379,32561.0,2914.0,12396.0,11938.0
20380,4608.0,756.0,2616.0,11975.0
20381,6206.0,247.0,1756.0,7167.0
20382,2771.0,1145.0,-0.0,2477.0
20383,33857.0,2736.0,2166.0,11218.0
20384,4853.0,775.0,861.0,6689.0
20385,5762.0,517.0,1558.0,5844.0
20386,5343.0,366.0,3573.0,6624.0
20387,5245.0,398.0,1492.0,7262.0
20388,4763.0,997.0,1635.0,11690.0
20389,4770.0,1024.0,2551.0,6017.0
20390,4126.0,761.0,2132.0,7845.0
20391,3942.0,631.0,2661.0,9505.0
20392,16351.0,981.0,-0.0,10138.0
20393,24257.0,2853.0,2622.0,7352.0
20394,3582.0,419.0,485.0,2965.0
20395,30972.0,4250.0,1537.0,6822.0
20396,3924.0,353.0,1741.0,7970.0
20397,15539.0,678.0,1362.0,4510.0
20398,2887.0,529.0,1377.0,6182.0
20399,6521.0,640.0,1825.0,7273.0
20400,38710.0,2784.0,4356.0,8946.0
20401,28088.0,1839.0,977.0,4631.0
20402,6682.0,1129.0,2780.0,5268.0
20403,6008.0,1120.0,3060.0,10918.0
20404,4639.0,296.0,1202.0,9459.0
20405,13251.0,1068.0,3404.0,6211.0
20406,12477.0,1573.0,2209.0,3825.0
20407,4229.0,275.0,1833.0,8212.0
20408,3149.0,280.0,1620.0,3905.0
20409,2990.0,994.0,2444.0,7973.0
20410,20550.0,1416.0,2915.0,9579.0
20411,4325.0,407.0,741.0,7762.0
20412,29998.0,3174.0,1570.0,17513.0
20413,9916.0,1347.0,3322.0,4978.0
20414,34902.0,4620.0,3931.0,14500.0
20415,22469.0,2735.0,2321.0,7703.0
20416,4267.0,997.0,1904.0,9745.0
20417,3075.0,889.0,2061.0,9057.0
20418,2529.0,417.0,1140.0,8621.0
20419,6562.0,405.0,3438.0,3499.0
20420,23314.0,1568.0,1809.0,7711.0
20421,9678.0,1558.0,2839.0,4498.0
20422,7505.0,588.0,2069.0,11516.0
20423,5923.0,756.0,1472.0,10376.0
20424,4002.0,492.0,1555.0,1571.0
20425,6656.0,1027.0,468.0,7217.0
20426,8395.0,721.0,1038.0,7552.0
20427,5670.0,690.0,2554.0,5544.0
20428,5928.0,698.0,2012.0,8329.0
20429,4379.0,652.0,2305.0,10298.0
20430,5412.0,473.0,2250.0,8832.0
20431,4440.0,65.0,1450.0,10940.0
20432,7610.0,438.0,1460.0,8704.0
20433,2588.0,500.0,1246.0,1371.0
20434,3446.0,547.0,2138.0,12566.0
20435,4181.0,389.0,4420.0,14196.0
20436,26409.0,2476.0,3286.0,2013.0
20437,41536.0,3560.0,6594.0,18613.0
20438,11795.0,939.0,1078.0,5729.0
20439,4407.0,541.0,2275.0,12785.0
20440,3947.0,434.0,1712.0,10136.0
20441,3468.0,977.0,2554.0,5256.0
20442,19386.0,2426.0,2887.0,4271.0
20443,91032.0,6123.0,20709.0,27222.0
20444,5064.0,879.0,3185.0,7109.0
20445,3139.0,236.0,1110.0,3747.0
20446,2851.0,556.0,3486.0,6384.0
20447,10043.0,2145.0,844.0,6186.0
20448,3462.0,289.0,1198.0,2598.0
20449,33541.0,2261.0,8320.0,7712.0
20450,3540.0,220.0,1301.0,4478.0
20451,21590.0,1645.0,1963.0,6361.0
20452,6025.0,208.0,1546.0,6261.0
20453,56665.0,4773.0,2236.0,10566.0
20454,13129.0,769.0,3057.0,8065.0
20455,13146.0,1732.0,2686.0,6995.0
20456,6098.0,897.0,2562.0,4111.0
20457,4004.0,1012.0,1323.0,2122.0
20458,6312.0,1036.0,-0.0,12741.0
20459,11197.0,1010.0,691.0,2311.0
20460,4088.0,1287.0,2221.0,4181.0
20461,4175.0,685.0,1837.0,270.0
20462,27986.0,3004.0,2994.0,16085.0
20463,3141.0,921.0,1492.0,5970.0
20464,3666.0,666.0,3629.0,7548.0
20465,6632.0,1613.0,-0.0,-0.0
20466,3971.0,958.0,1622.0,7383.0
20467,2884.0,235.0,727.0,8739.0
20468,4406.0,270.0,866.0,1635.0
20469,7080.0,359.0,2197.0,16977.0
20470,5076.0,1163.0,3369.0,8199.0
20471,6422.0,260.0,1661.0,11913.0
20472,8599.0,784.0,2727.0,13531.0
20473,3012.0,315.0,1862.0,6638.0
20474,3004.0,266.0,238.0,3598.0
20475,5138.0,458.0,1733.0,13094.0
20476,8544.0,1038.0,2356.0,4030.0
20477,3520.0,470.0,4429.0,8374.0
20478,2708.0,306.0,286.0,594.0
20479,3938.0,210.0,1577.0,4552.0
20480,15524.0,1606.0,3447.0,11094.0
20481,7177.0,747.0,1916.0,10268.0
20482,4336.0,291.0,2344.0,9531.0
20483,10261.0,694.0,1971.0,7928.0
20484,4059.0,1330.0,1959.0,7168.0
20485,4398.0,698.0,519.0,4932.0
20486,7268.0,724.0,3906.0,9246.0
20487,2849.0,204.0,1251.0,2800.0
20488,21745.0,1836.0,1517.0,8065.0
20489,6461.0,1200.0,2580.0,5809.0
20490,4670.0,635.0,1281.0,2130.0
20491,18606.0,1206.0,1458.0,12271.0
20492,28635.0,3524.0,4935.0,3947.0
20493,2857.0,696.0,520.0,5033.0
20494,5813.0,149.0,1012.0,6007.0
20495,15351.0,1452.0,5288.0,13183.0
20496,54522.0,4508.0,3729.0,7108.0
20497,4232.0,278.0,1236.0,6638.0
20498,2583.0,271.0,1535.0,10840.0
20499,3682.0,824.0,1531.0,3413.0
20500,20991.0,2739.0,5156.0,13039.0
20501,3318.0,191.0,1480.0,5214.0
20502,16865.0,1094.0,2166.0,4685.0
20503,29407.0,1336.0,2965.0,5593.0
20504,4424.0,977.0,2683.0,6725.0
20505,3751.0,326.0,987.0,12046.0
20506,44562.0,8622.0,7941.0,12165.0
20507,19230.0,1130.0,2358.0,6080.0
20508,5524.0,914.0,2774.0,5865.0
20509,3725.0,1041.0,2016.0,5279.0
20510,3968.0,479.0,2386.0,3767.0
20511,11135.0,1324.0,1466.0,6777.0
20512,2468.0,280.0,1412.0,4400.0
20513,15110.0,1298.0,2354.0,4454.0
20514,3832.0,1297.0,2270.0,10752.0
20515,16400.0,1796.0,2409.0,8827.0
20516,2639.0,871.0,2202.0,3727.0
20517,5040.0,1072.0,1983.0,11977.0
20518,5332.0,1416.0,2054.0,9008.0
20519,30657.0,1911.0,3475.0,9754.0
20520,3651.0,909.0,2983.0,10551.0
20521,18004.0,1764.0,1230.0,6918.0
20522,4543.0,524.0,2317.0,2016.0
20523,13926.0,1437.0,349.0,17378.0
20524,19250.0,3812.0,5303.0,10644.0
20525,6076.0,638.0,729.0,6779.0
20526,28915.0,2016.0,1627.0,4325.0
20527,5082.0,477.0,1436.0,5939.0
20528,3807.0,992.0,1284.0,4086.0
20529,9608.0,1055.0,1049.0,7934.0
20530,4661.0,218.0,802.0,5296.0
20531,3067.0,444.0,540.0,7385.0
20532,17877.0,5222.0,3014.0,15971.0
20533,52396.0,3812.0,2210.0,5164.0
20534,7401.0,442.0,2156.0,7494.0
20535,3982.0,742.0,1013.0,1701.0
20536,6332.0,1727.0,1450.0,5161.0
20537,3162.0,174.0,1422.0,9089.0
20538,15140.0,1056.0,2597.0,5334.0
20539,3875.0,407.0,2261.0,12463.0
20540,5802.0,231.0,2550.0,6973.0
20541,5987.0,816.0,3486.0,14018.0
20542,8040.0,269.0,1176.0,4874.0
20543,6132.0,826.0,2865.0,5555.0
20544,4663.0,592.0,1759.0,11311.0
20545,5237.0,591.0,1193.0,5251.0
20546,5604.0,2385.0,2409.0,4694.0
20547,3398.0,631.0,2702.0,8915.0
20548,6080.0,673.0,1891.0,4020.0
20549,19489.0,1473.0,2295.0,9664.0
20550,2511.0,575.0,2035.0,12756.0
20551,6975.0,1155.0,1429.0,4219.0
20552,101339.0,6215.0,7242.0,11370.0
20553,5175.0,247.0,1471.0,6287.0
20554,6753.0,726.0,2318.0,3803.0
20555,10750.0,857.0,1491.0,7272.0
20556,4125.0,526.0,1368.0,7744.0
20557,4900.0,70.0,765.0,2981.0
20558,4631.0,584.0,2627.0,13866.0
20559,5709.0,961.0,551.0,9759.0
20560,2651.0,347.0,173.0,2292.0
20561,9008.0,1340.0,2328.0,9563.0
20562,5715.0,1022.0,2502.0,16138.0
20563,3119.0,69.0,1413.0,7259.0
20564,4748.0,191.0,3087.0,2854.0
20565,4561.0,417.0,2518.0,4568.0
20566,7478.0,1206.0,1817.0,11124.0
20567,3531.0,548.0,1661.0,5288.0
20568,22503.0,1402.0,1594.0,21888.0
20569,6974.0,1246.0,1546.0,12432.0
20570,5108.0,409.0,2545.0,12582.0
20571,2936.0,727.0,2036.0,11963.0
20572,3251.0,600.0,2486.0,10127.0
20573,14689.0,1887.0,2311.0,11596.0
20574,6554.0,1363.0,3232.0,11662.0
20575,39655.0,2993.0,3025.0,7719.0
20576,5712.0,85.0,925.0,1558.0
20577,8070.0,666.0,2882.0,6207.0
20578,2572.0,371.0,3748.0,12512.0
20579,28677.0,2099.0,4111.0,6110.0
20580,14334.0,1286.0,2798.0,9620.0
20581,4173.0,14.0,1992.0,6028.0
20582,43474.0,7950.0,14395.0,20593.0
20583,4426.0,762.0,479.0,2376.0
20584,6178.0,1155.0,1506.0,5217.0
20585,5516.0,995.0,2603.0,8763.0
20586,4405.0,1258.0,1466.0,3194.0
20587,9680.0,1227.0,2562.0,8204.0
20588,3177.0,1799.0,2230.0,8237.0
20589,7776.0,810.0,293.0,5638.0
20590,12438.0,1078.0,1369.0,5560.0
20591,3569.0,546.0,2761.0,9686.0
20592,6819.0,528.0,1791.0,10633.0
20593,12245.0,856.0,3519.0,11636.0
20594,7355.0,1107.0,1749.0,4990.0
20595,3133.0,64.0,2331.0,9755.0
20596,17160.0,2417.0,1634.0,3652.0
20597,3440.0,583.0,-0.0,6883.0
20598,9756.0,516.0,1460.0,10666.0
20599,22365.0,2252.0,4871.0,6200.0
20600,3970.0,586.0,2270.0,4835.0
20601,5791.0,659.0,1099.0,9879.0
20602,3786.0,614.0,3062.0,5724.0
20603,3004.0,438.0,1020.0,8154.0
20604,2565.0,381.0,655.0,14604.0
20605,5635.0,560.0,782.0,5171.0
20606,3188.0,510.0,2224.0,5475.0
20607,17040.0,840.0,3443.0,8055.0
20608,28212.0,2162.0,1668.0,10853.0
20609,3576.0,375.0,2134.0,4357.0
20610,24408.0,2869.0,2055.0,7496.0
20611,18637.0,1250.0,3057.0,5857.0
20612,5559.0,983.0,592.0,3105.0
20613,3519.0,389.0,3477.0,7683.0
20614,4102.0,822.0,1939.0,10099.0
20615,17108.0,2356.0,2313.0,9691.0
20616,17663.0,2914.0,3298.0,15642.0
20617,3944.0,806.0,888.0,-0.0
20618,7323.0,839.0,3838.0,14618.0
20619,5095.0,332.0,955.0,13678.0
20620,5196.0,319.0,2597.0,10591.0
20621,4936.0,923.0,1519.0,12382.0
20622,3949.0,464.0,2132.0,16759.0
20623,6044.0,826.0,2193.0,13527.0
20624,4332.0,798.0,1937.0,8627.0
20625,15303.0,795.0,1232.0,5086.0
20626,7528.0,259.0,1382.0,18092.0
20627,3933.0,531.0,3203.0,9051.0
20628,4210.0,975.0,1704.0,4835.0
20629,4247.0,631.0,1545.0,15217.0
20630,5017.0,723.0,2294.0,12292.0
20631,5916.0,716.0,1818.0,7595.0
20632,16945.0,2189.0,2455.0,8411.0
20633,8516.0,834.0,3295.0,9127.0
20634,6440.0,77.0,2215.0,1610.0
20635,4875.0,827.0,1524.0,7501.0
20636,5263.0,412.0,1445.0,10154.0
20637,5989.0,1059.0,2786.0,5144.0
20638,24117.0,1202.0,1989.0,7524.0
20639,19418.0,1734.0,15722.0,16479.0
20640,4091.0,127.0,3184.0,10546.0
20641,3449.0,790.0,2606.0,2868.0
20642,3255.0,761.0,2936.0,862.0
20643,15859.0,832.0,1461.0,3474.0
20644,24773.0,1636.0,3677.0,6253.0
20645,2798.0,820.0,1117.0,7879.0
20646,4054.0,245.0,2425.0,13421.0
20647,39183.0,2401.0,3057.0,13368.0
20648,5257.0,1237.0,3417.0,13116.0
20649,4226.0,821.0,-0.0,7130.0
20650,2966.0,322.0,-0.0,8775.0
20651,52082.0,3028.0,2391.0,10403.0
20652,6229.0,446.0,1962.0,3493.0
20653,12100.0,1323.0,1877.0,11169.0
20654,5104.0,318.0,1520.0,4214.0
20655,6269.0,477.0,-0.0,8133.0
20656,44228.0,2406.0,899.0,11830.0
20657,18927.0,3583.0,13314.0,27801.0
20658,14480.0,1457.0,2467.0,6264.0
20659,3839.0,1803.0,3896.0,6015.0
20660,2729.0,438.0,1255.0,3548.0
20661,6565.0,467.0,3064.0,8226.0
20662,5146.0,623.0,2494.0,7552.0
20663,4376.0,856.0,2343.0,14876.0
20664,3655.0,422.0,1994.0,4081.0
20665,4007.0,726.0,4269.0,14808.0
20666,5092.0,159.0,1975.0,12304.0
20667,9306.0,1018.0,1129.0,10461.0
20668,4527.0,1225.0,1309.0,10152.0
20669,32353.0,1344.0,2530.0,8107.0
20670,2927.0,551.0,1516.0,9254.0
20671,2764.0,578.0,1386.0,8965.0
20672,9811.0,1003.0,1015.0,8551.0
20673,32622.0,2990.0,1493.0,4643.0
20674,42531.0,5013.0,4476.0,16906.0
20675,31615.0,1682.0,2133.0,10030.0
20676,13644.0,2338.0,4169.0,10232.0
20677,6208.0,738.0,2554.0,7262.0
20678,6569.0,1091.0,-0.0,8709.0
20679,2632.0,883.0,2852.0,6191.0
20680,19736.0,1304.0,4062.0,13451.0
20681,4181.0,603.0,2037.0,7258.0
20682,4754.0,364.0,2519.0,15980.0
20683,2998.0,797.0,2607.0,4345.0
20684,6288.0,1374.0,-0.0,7186.0
20685,3625.0,350.0,1072.0,7455.0
20686,6698.0,619.0,1770.0,11023.0
20687,11660.0,1136.0,1652.0,6907.0
20688,4975.0,414.0,1775.0,6057.0
20689,5291.0,781.0,-0.0,8251.0
20690,5144.0,643.0,648.0,15351.0
20691,18823.0,2587.0,2842.0,5545.0
20692,3674.0,321.0,3413.0,7869.0
20693,19448.0,1734.0,573.0,11658.0
20694,5551.0,568.0,2554.0,3954.0
20695,6259.0,815.0,2337.0,10063.0
20696,3040.0,750.0,1156.0,9696.0
20697,7560.0,783.0,2722.0,7032.0
20698,5846.0,536.0,2319.0,7117.0
20699,3356.0,833.0,613.0,7849.0
20700,5430.0,2359.0,10493.0,8034.0
20701,8605.0,1197.0,853.0,11014.0
20702,3854.0,268.0,1275.0,10723.0
20703,3080.0,971.0,2085.0,9005.0
20704,7430.0,952.0,2112.0,6198.0
20705,11347.0,1373.0,2356.0,268.0
20706,5209.0,826.0,1076.0,6014.0
20707,12776.0,680.0,1450.0,6492.0
20708,45949.0,2963.0,13483.0,19511.0
20709,4042.0,363.0,925.0,9262.0
20710,29136.0,1542.0,3283.0,16306.0
20711,3776.0,1123.0,3983.0,13187.0
20712,3283.0,805.0,2470.0,6073.0
20713,89038.0,13388.0,14426.0,29231.0
20714,3266.0,225.0,2404.0,7012.0
20715,4911.0,485.0,1778.0,3041.0
20716,12628.0,990.0,1137.0,4399.0
20717,5105.0,679.0,2144.0,15225.0
20718,4069.0,486.0,1394.0,8654.0
20719,7462.0,1029.0,2629.0,10848.0
20720,6607.0,437.0,1710.0,4963.0
20721,2699.0,1037.0,2505.0,6860.0
20722,7949.0,1552.0,1505.0,9128.0
20723,18041.0,1795.0,4709.0,6527.0
20724,15791.0,919.0,1254.0,11275.0
20725,13434.0,484.0,604.0,5801.0
20726,32100.0,6005.0,24865.0,50842.0
20727,6135.0,832.0,2006.0,5211.0
20728,5974.0,1121.0,-0.0,1446.0
20729,8090.0,1012.0,3695.0,4472.0
20730,3641.0,957.0,1419.0,5640.0
20731,3987.0,710.0,1870.0,6558.0
20732,8760.0,1058.0,2792.0,10948.0
20733,6072.0,255.0,2999.0,10036.0
20734,6152.0,902.0,2479.0,11808.0
20735,4810.0,544.0,3370.0,7669.0
20736,24768.0,2434.0,2879.0,2528.0
20737,3295.0,400.0,1962.0,10210.0
20738,3530.0,568.0,2225.0,8138.0
20739,2790.0,175.0,1658.0,8318.0
20740,16294.0,1375.0,3644.0,6175.0
20741,62097.0,3475.0,21214.0,19876.0
20742,27682.0,2715.0,348.0,5027.0
20743,25200.0,2682.0,1248.0,8171.0
20744,4855.0,615.0,2136.0,4686.0
20745,4865.0,538.0,2222.0,9855.0
20746,19384.0,1879.0,1072.0,8576.0
20747,8559.0,1327.0,1274.0,8482.0
20748,5877.0,1522.0,1525.0,8604.0
20749,2908.0,798.0,1458.0,7383.0
20750,32612.0,2606.0,2175.0,11790.0
20751,3905.0,540.0,1313.0,4837.0
20752,27592.0,3752.0,3926.0,11635.0
20753,25418.0,2369.0,1807.0,11000.0
20754,32161.0,2707.0,965.0,3452.0
20755,6872.0,527.0,1222.0,8295.0
20756,17199.0,1319.0,1150.0,8586.0
20757,4227.0,1369.0,2283.0,6523.0
20758,2955.0,642.0,990.0,7365.0
20759,5203.0,795.0,2469.0,13977.0
20760,6518.0,1316.0,810.0,-0.0
20761,9818.0,924.0,2106.0,10304.0
20762,3648.0,821.0,1350.0,14843.0
20763,4385.0,1901.0,2492.0,5598.0
20764,4035.0,1857.0,1480.0,8153.0
20765,8648.0,254.0,331.0,5313.0
20766,2600.0,926.0,2074.0,3743.0
20767,3607.0,535.0,-0.0,11018.0
20768,6727.0,680.0,475.0,5549.0
20769,5134.0,208.0,3335.0,12745.0
20770,2483.0,385.0,-0.0,10045.0
20771,99567.0,9452.0,12347.0,26743.0
20772,20377.0,859.0,1415.0,4109.0
20773,4684.0,923.0,1799.0,2751.0
20774,5003.0,552.0,1693.0,1181.0
20775,9472.0,1365.0,365.0,7363.0
20776,3151.0,1044.0,2421.0,8426.0
20777,13441.0,1778.0,3081.0,12124.0
20778,23398.0,2920.0,4300.0,6808.0
20779,2775.0,1377.0,719.0,7511.0
20780,6282.0,381.0,1353.0,8358.0
20781,27530.0,1636.0,2063.0,9771.0
20782,4696.0,1089.0,1676.0,3524.0
20783,3304.0,536.0,532.0,8070.0
20784,4482.0,879.0,2952.0,4288.0
20785,3489.0,601.0,766.0,4492.0
20786,4998.0,1040.0,3266.0,10149.0
20787,10179.0,1780.0,3563.0,13059.0
20788,24998.0,2434.0,2144.0,12333.0
20789,3155.0,163.0,1068.0,9565.0
20790,2715.0,599.0,645.0,6935.0
20791,3517.0,708.0,586.0,18966.0
20792,13031.0,1224.0,980.0,17156.0
20793,29975.0,5246.0,4227.0,15290.0
20794,3914.0,403.0,-0.0,-0.0
20795,34860.0,2532.0,1636.0,8063.0
20796,44991.0,3602.0,36887.0,80500.0
20797,4148.0,667.0,1421.0,3861.0
20798,20921.0,1548.0,2324.0,2882.0
20799,52442.0,5922.0,5368.0,21044.0
20800,2687.0,527.0,1093.0,6077.0
20801,2665.0,251.0,2073.0,6706.0
20802,3563.0,604.0,328.0,5087.0
20803,9379.0,273.0,3930.0,8664.0
20804,13432.0,1274.0,1051.0,9135.0
20805,3927.0,657.0,929.0,4424.0
20806,42234.0,4099.0,8500.0,14642.0
20807,14224.0,2166.0,1307.0,4461.0
20808,5448.0,767.0,3128.0,13348.0
20809,32991.0,2858.0,35344.0,25285.0
20810,4004.0,1000.0,2417.0,3637.0
20811,12975.0,974.0,2279.0,8244.0
20812,5023.0,112.0,1250.0,4128.0
20813,3640.0,691.0,3419.0,1365.0
20814,15172.0,1047.0,4512.0,13083.0
20815,7644.0,1666.0,1173.0,1798.0
20816,6223.0,737.0,1728.0,5950.0
20817,6972.0,795.0,1590.0,5774.0
20818,4113.0,1398.0,596.0,16769.0
20819,4005.0,569.0,1188.0,13437.0
20820,23623.0,2567.0,1948.0,4116.0
20821,7194.0,283.0,1614.0,8063.0
20822,2506.0,174.0,1380.0,4977.0
20823,6966.0,522.0,3329.0,7530.0
20824,17572.0,1161.0,1347.0,3899.0
20825,19879.0,1161.0,1570.0,10901.0
20826,5183.0,281.0,2811.0,10492.0
20827,30597.0,2249.0,1968.0,8572.0
20828,5980.0,499.0,1196.0,557.0
20829,7953.0,1149.0,3936.0,8859.0
20830,7872.0,954.0,518.0,7205.0
20831,47501.0,4077.0,45450.0,20860.0
20832,59821.0,5301.0,4683.0,6638.0
20833,25636.0,1723.0,648.0,8741.0
20834,4182.0,28.0,804.0,5807.0
20835,6116.0,439.0,3052.0,2461.0
20836,5370.0,1246.0,587.0,12064.0
20837,20276.0,1642.0,2821.0,9690.0
20838,4559.0,878.0,2206.0,11181.0
20839,3791.0,1033.0,2655.0,8342.0
20840,40967.0,4461.0,52938.0,12385.0
20841,2765.0,447.0,290.0,9174.0
20842,7312.0,755.0,2061.0,11674.0
20843,4105.0,487.0,2239.0,2110.0
20844,20237.0,1847.0,1106.0,9728.0
20845,9815.0,1555.0,2058.0,8435.0
20846,27921.0,1927.0,5157.0,8826.0
20847,4082.0,868.0,1622.0,5008.0
20848,31747.0,1728.0,3035.0,7735.0
20849,22814.0,1268.0,2459.0,3850.0
20850,5502.0,426.0,1266.0,945.0
20851,7350.0,804.0,3825.0,11655.0
20852,21023.0,1903.0,2041.0,7788.0
20853,4031.0,502.0,-0.0,2510.0
20854,15817.0,1701.0,2237.0,13887.0
20855,2589.0,453.0,3011.0,8323.0
20856,4109.0,439.0,2206.0,11427.0
20857,13912.0,1024.0,2917.0,9442.0
20858,71095.0,5361.0,13096.0,22778.0
20859,3700.0,77.0,-0.0,5183.0
20860,92331.0,6980.0,7632.0,15524.0
20861,3738.0,907.0,1456.0,-0.0
20862,5835.0,1075.0,4251.0,561.0
20863,4265.0,270.0,1258.0,10562.0
20864,13399.0,2128.0,3227.0,6589.0
20865,20223.0,1973.0,1371.0,9984.0
20866,2908.0,443.0,3579.0,6236.0
20867,25351.0,2807.0,429.0,5002.0
20868,5173.0,130.0,4010.0,7210.0
20869,5602.0,870.0,1136.0,5732.0
20870,5041.0,1141.0,1484.0,-0.0
20871,4048.0,192.0,1400.0,5885.0
20872,23462.0,1224.0,1309.0,18984.0
20873,5461.0,3114.0,8807.0,22185.0
20874,4957.0,1026.0,2640.0,8944.0
20875,6695.0,1180.0,2008.0,12867.0
20876,8466.0,1123.0,34.0,4743.0
20877,5055.0,612.0,3724.0,5629.0
20878,38067.0,2887.0,2865.0,10177.0
20879,5192.0,376.0,1566.0,2712.0
20880,9767.0,1032.0,3724.0,7782.0
20881,4294.0,336.0,2993.0,7437.0
20882,16685.0,1215.0,3165.0,11317.0
20883,4586.0,406.0,2902.0,7269.0
20884,8444.0,1356.0,1721.0,1952.0
20885,2922.0,1452.0,2166.0,11049.0
20886,4976.0,491.0,2526.0,8022.0
20887,27574.0,1563.0,501.0,6451.0
20888,18706.0,2370.0,2713.0,6520.0
20889,20153.0,1565.0,2284.0,4676.0
20890,29026.0,3524.0,4909.0,21480.0
20891,9417.0,771.0,621.0,5684.0
20892,5232.0,774.0,1327.0,11739.0
20893,18473.0,2081.0,3757.0,4937.0
20894,15201.0,2758.0,1462.0,8685.0
20895,9433.0,582.0,4202.0,6480.0
20896,10423.0,1235.0,1949.0,6179.0
20897,4873.0,761.0,1497.0,5599.0
20898,4492.0,502.0,3627.0,13325.0
20899,12193.0,1215.0,905.0,2379.0
20900,4669.0,736.0,796.0,5057.0
20901,5237.0,619.0,1963.0,8298.0
20902,16172.0,837.0,2023.0,11596.0
20903,8966.0,1368.0,1545.0,9263.0
20904,3037.0,275.0,-0.0,1168.0
20905,23059.0,4478.0,11605.0,8597.0
20906,5272.0,1234.0,2923.0,9422.0
20907,2794.0,462.0,1437.0,7406.0
20908,8637.0,695.0,1408.0,8554.0
20909,2785.0,767.0,1990.0,7110.0
20910,3569.0,530.0,2252.0,10564.0
20911,3869.0,862.0,2585.0,9459.0
20912,2635.0,612.0,1079.0,9681.0
20913,4716.0,431.0,2069.0,9114.0
20914,4872.0,878.0,1192.0,1930.0
20915,85877.0,15170.0,31503.0,24195.0
20916,6921.0,969.0,2353.0,7018.0
20917,5352.0,31.0,919.0,13028.0
20918,8030.0,644.0,2993.0,10046.0
20919,4209.0,437.0,1680.0,1164.0
20920,31288.0,2601.0,4046.0,7789.0
20921,17499.0,1386.0,2344.0,7589.0
20922,9211.0,437.0,3040.0,10140.0
20923,5102.0,247.0,1951.0,11521.0
20924,2960.0,527.0,210.0,11208.0
20925,18570.0,836.0,2500.0,10207.0
20926,2940.0,244.0,1464.0,10595.0
20927,27613.0,2419.0,5573.0,12057.0
20928,10139.0,1189.0,2180.0,12913.0
20929,12148.0,528.0,1653.0,10040.0
20930,4999.0,1281.0,1827.0,4556.0
20931,2476.0,419.0,1110.0,7206.0
20932,197539.0,48389.0,2318069.0,700080.0
20933,7128.0,618.0,2089.0,13076.0
20934,5912.0,1059.0,1250.0,321.0
20935,25154.0,523.0,1646.0,10369.0
20936,43380.0,2762.0,2793.0,11376.0
20937,27201.0,1380.0,2209.0,11104.0
20938,3037.0,658.0,2435.0,9412.0
20939,5950.0,654.0,1960.0,3497.0
20940,5233.0,96.0,1536.0,4954.0
20941,7284.0,934.0,3021.0,13863.0
20942,3842.0,1068.0,1014.0,3717.0
20943,35491.0,2539.0,2964.0,15693.0
20944,24854.0,1446.0,2406.0,8426.0
20945,4268.0,1014.0,1088.0,5169.0
20946,3792.0,417.0,699.0,13378.0
20947,31180.0,2255.0,4472.0,14555.0
20948,8528.0,631.0,1292.0,5422.0
20949,5442.0,867.0,682.0,6478.0
20950,5704.0,1192.0,5438.0,12348.0
20951,3864.0,901.0,1134.0,-0.0
20952,2652.0,495.0,4855.0,8085.0
20953,3605.0,63.0,856.0,14122.0
20954,23318.0,1959.0,2495.0,8267.0
20955,3940.0,856.0,1018.0,281.0
20956,3080.0,296.0,3987.0,12430.0
20957,3292.0,840.0,1693.0,14550.0
20958,9832.0,1020.0,1887.0,12763.0
20959,2935.0,82.0,1591.0,2319.0
20960,3366.0,563.0,622.0,5840.0
20961,3041.0,370.0,4413.0,3942.0
20962,34082.0,1404.0,4245.0,12919.0
20963,3513.0,196.0,3347.0,3148.0
20964,7134.0,1691.0,2058.0,7286.0
20965,4812.0,1152.0,536.0,6771.0
20966,5956.0,1312.0,2111.0,1576.0
20967,16468.0,699.0,1092.0,6802.0
20968,12224.0,650.0,2522.0,3421.0
20969,17319.0,1690.0,1750.0,6943.0
20970,2747.0,156.0,2147.0,3275.0
20971,7153.0,770.0,1906.0,1735.0
20972,20312.0,2621.0,3019.0,9065.0
20973,8235.0,966.0,648.0,8278.0
20974,16276.0,1840.0,1875.0,12130.0
20975,6437.0,595.0,3480.0,14652.0
20976,15804.0,1820.0,2659.0,11372.0
20977,4815.0,585.0,1640.0,9504.0
20978,4553.0,1641.0,-0.0,7709.0
20979,8120.0,1024.0,173.0,3146.0
20980,5971.0,413.0,1841.0,8296.0
20981,13682.0,1287.0,1750.0,10643.0
20982,8452.0,774.0,2415.0,7023.0
20983,7516.0,143.0,2984.0,13469.0
20984,4818.0,1598.0,1923.0,8370.0
20985,11834.0,887.0,3228.0,9495.0
20986,10417.0,1339.0,1272.0,5356.0
20987,33282.0,2813.0,6191.0,16361.0
20988,4388.0,756.0,4990.0,11801.0
20989,27616.0,1676.0,1701.0,11777.0
20990,14269.0,1480.0,1459.0,6955.0
20991,77295.0,4620.0,26031.0,36572.0
20992,5810.0,699.0,3489.0,9207.0
20993,10732.0,475.0,1965.0,3009.0
20994,5969.0,513.0,1362.0,5845.0
20995,28090.0,6387.0,3332.0,12598.0
20996,3503.0,571.0,3875.0,10564.0
20997,5758.0,817.0,1850.0,6028.0
20998,3941.0,669.0,1526.0,3470.0
20999,4782.0,1254.0,1758.0,-0.0
21000,2920.0,1322.0,3112.0,15138.0
21001,2842.0,1074.0,2644.0,11754.0
21002,4446.0,285.0,-0.0,-0.0
21003,78618.0,4449.0,40007.0,40241.0
21004,27783.0,3195.0,2995.0,14439.0
21005,4560.0,788.0,4656.0,5255.0
21006,16662.0,2073.0,1431.0,11164.0
21007,6573.0,671.0,1952.0,14211.0
21008,3552.0,281.0,2131.0,2579.0
21009,5068.0,638.0,-0.0,95.0
21010,4436.0,926.0,1870.0,7587.0
21011,4907.0,707.0,583.0,6611.0
21012,7741.0,913.0,4966.0,16044.0
21013,3782.0,504.0,3666.0,8024.0
21014,18703.0,1499.0,581.0,14031.0
21015,6040.0,261.0,2473.0,13030.0
21016,5803.0,1820.0,1304.0,5800.0
21017,5216.0,725.0,3042.0,11845.0
21018,2702.0,1115.0,832.0,15442.0
21019,3282.0,756.0,2846.0,7678.0
21020,4924.0,1760.0,2064.0,3966.0
21021,30501.0,2511.0,802.0,4796.0
21022,7078.0,1147.0,1427.0,7202.0
21023,5369.0,989.0,1213.0,4014.0
21024,5390.0,711.0,1423.0,7216.0
21025,5264.0,596.0,1188.0,6840.0
21026,6337.0,1431.0,1474.0,9811.0
21027,20362.0,1434.0,2040.0,9498.0
21028,6244.0,352.0,2225.0,6527.0
21029,8188.0,845.0,3302.0,10418.0
21030,69616.0,28121.0,33286.0,177675.0
21031,11681.0,745.0,1560.0,12123.0
21032,3641.0,599.0,900.0,6782.0
21033,4818.0,783.0,1791.0,5356.0
21034,16265.0,1586.0,2800.0,2437.0
21035,6518.0,843.0,4376.0,10559.0
21036,6088.0,641.0,2078.0,1444.0
21037,3411.0,416.0,3043.0,6487.0
21038,3972.0,829.0,1289.0,5619.0
21039,7639.0,1245.0,556.0,6369.0
21040,4716.0,827.0,779.0,9258.0
21041,3388.0,368.0,1258.0,2967.0
21042,7611.0,1325.0,4805.0,10480.0
21043,4333.0,581.0,2724.0,12739.0
21044,6467.0,808.0,2872.0,7737.0
21045,20827.0,3757.0,3637.0,8218.0
21046,6237.0,1555.0,1123.0,11263.0
21047,8044.0,684.0,1710.0,10812.0
21048,6073.0,719.0,3335.0,6399.0
21049,3870.0,375.0,1374.0,2645.0
21050,5570.0,1446.0,1695.0,6124.0
21051,4737.0,268.0,2551.0,13874.0
21052,29569.0,2146.0,2385.0,9756.0
21053,7541.0,1301.0,863.0,12460.0
21054,3452.0,863.0,2006.0,12811.0
21055,33081.0,1665.0,2296.0,13206.0
21056,3623.0,655.0,1107.0,6679.0
21057,38047.0,3207.0,6294.0,7808.0
21058,3537.0,851.0,2419.0,-0.0
21059,42667.0,2137.0,7556.0,10813.0
21060,3535.0,511.0,1952.0,6443.0
21061,6831.0,1036.0,398.0,10170.0
21062,6133.0,2207.0,45290.0,39987.0
21063,4774.0,207.0,484.0,-0.0
21064,2569.0,616.0,-0.0,4772.0
21065,8540.0,690.0,4801.0,11803.0
21066,7919.0,1214.0,3138.0,7579.0
21067,7190.0,433.0,641.0,3564.0
21068,4733.0,797.0,2447.0,6992.0
21069,27649.0,2933.0,581.0,7150.0
21070,3349.0,872.0,2695.0,4594.0
21071,4077.0,1014.0,1325.0,17910.0
21072,3175.0,298.0,955.0,10421.0
21073,36650.0,2745.0,3624.0,11312.0
21074,4086.0,493.0,764.0,3846.0
21075,2574.0,72.0,-0.0,-0.0
21076,4836.0,615.0,2175.0,6976.0
21077,3489.0,599.0,1362.0,8817.0
21078,37170.0,3151.0,2399.0,8192.0
21079,3967.0,715.0,3566.0,9707.0
21080,12034.0,938.0,2694.0,5499.0
21081,5240.0,867.0,1656.0,4686.0
21082,11508.0,1008.0,1609.0,4841.0
21083,4740.0,993.0,2189.0,6546.0
21084,12161.0,1316.0,1544.0,7339.0
21085,2888.0,962.0,2523.0,2699.0
21086,29244.0,1586.0,3539.0,6852.0
21087,6150.0,983.0,1155.0,8158.0
21088,5070.0,1139.0,3188.0,3034.0
21089,2665.0,325.0,2579.0,6954.0
21090,4640.0,817.0,2937.0,6293.0
21091,24974.0,2312.0,2799.0,9471.0
21092,3153.0,820.0,941.0,7087.0
21093,29399.0,1641.0,2464.0,6803.0
21094,17990.0,1101.0,1373.0,14820.0
21095,24689.0,1259.0,2388.0,3702.0
21096,101321.0,8860.0,167622.0,139440.0
21097,2683.0,1032.0,1344.0,5820.0
21098,3465.0,363.0,2851.0,10770.0
21099,3750.0,496.0,4361.0,4175.0
21100,21912.0,1966.0,11516.0,28097.0
21101,3029.0,613.0,2402.0,6428.0
21102,7098.0,358.0,2196.0,8443.0
21103,5876.0,588.0,1417.0,3842.0
21104,4003.0,650.0,922.0,3155.0
21105,9592.0,898.0,2622.0,9292.0
21106,4415.0,239.0,1382.0,10603.0
21107,8805.0,1325.0,3338.0,14163.0
21108,6112.0,1021.0,1623.0,3128.0
21109,12095.0,2210.0,1658.0,13688.0
21110,619689.0,128678.0,454188.0,278940.0
21111,6143.0,677.0,959.0,3458.0
21112,34169.0,2114.0,2245.0,11103.0
21113,3319.0,1072.0,2668.0,12468.0
21114,4609.0,1136.0,46.0,3724.0
21115,2642.0,730.0,2324.0,4853.0
21116,5469.0,1455.0,1242.0,915.0
21117,2715.0,909.0,1025.0,4877.0
21118,3844.0,297.0,1431.0,4924.0
21119,19627.0,1646.0,2781.0,6851.0
21120,5005.0,589.0,1230.0,12861.0
21121,4554.0,719.0,2111.0,3819.0
21122,78107.0,5110.0,1586.0,13064.0
21123,4791.0,799.0,2461.0,11801.0
21124,17979.0,1386.0,2516.0,9815.0
21125,3520.0,881.0,5905.0,15477.0
21126,15500.0,1118.0,1875.0,8801.0
21127,4095.0,897.0,1626.0,3735.0
21128,4064.0,625.0,707.0,4433.0
21129,28757.0,1684.0,2778.0,16540.0
21130,4757.0,691.0,1925.0,6114.0
21131,7420.0,913.0,2583.0,8434.0
21132,8885.0,1644.0,1806.0,3143.0
21133,9921.0,670.0,2210.0,6475.0
21134,8519.0,1239.0,1817.0,1895.0
21135,8019.0,684.0,791.0,9688.0
21136,10317.0,603.0,1322.0,13284.0
21137,6538.0,458.0,1860.0,14845.0
21138,3274.0,461.0,2129.0,3575.0
21139,13905.0,962.0,2517.0,11763.0
21140,2984.0,731.0,785.0,5827.0
21141,6195.0,413.0,2124.0,7086.0
21142,6661.0,2217.0,2390.0,5534.0
21143,5125.0,558.0,3285.0,1361.0
21144,2745.0,1055.0,1222.0,8646.0
21145,2713.0,557.0,-0.0,5180.0
21146,6249.0,2198.0,2348.0,4357.0
21147,25276.0,2954.0,1592.0,14796.0
21148,15274.0,858.0,3034.0,8477.0
21149,4181.0,871.0,1295.0,4765.0
21150,12174.0,521.0,2673.0,3858.0
21151,15919.0,789.0,2197.0,8183.0
21152,12758.0,819.0,139.0,790.0
21153,34177.0,4284.0,2429.0,6939.0
21154,26328.0,1241.0,2613.0,4206.0
21155,7020.0,1493.0,3704.0,6823.0
21156,7125.0,290.0,3517.0,20861.0
21157,9898.0,570.0,2676.0,5198.0
21158,3876.0,642.0,2232.0,8215.0
21159,20996.0,1260.0,2261.0,9187.0
21160,15911.0,1066.0,3521.0,7015.0
21161,2641.0,302.0,841.0,4869.0
21162,2777.0,369.0,662.0,2611.0
21163,14239.0,1870.0,1902.0,7966.0
21164,2622.0,163.0,3932.0,10988.0
21165,51650.0,10316.0,4192.0,14258.0
21166,16029.0,1499.0,4461.0,19033.0
21167,26663.0,2754.0,946.0,6887.0
21168,9713.0,1272.0,3690.0,4670.0
21169,13078.0,1564.0,1030.0,3978.0
21170,2791.0,123.0,468.0,-0.0
21171,7173.0,491.0,1769.0,4457.0
21172,2734.0,295.0,1178.0,3294.0
21173,19792.0,2045.0,3095.0,6566.0
21174,3798.0,1003.0,1472.0,3927.0
21175,3969.0,841.0,2264.0,6192.0
21176,11559.0,983.0,1151.0,12756.0
21177,129899.0,11576.0,4557.0,50852.0
21178,24309.0,3112.0,2532.0,9343.0
21179,25730.0,1833.0,33380.0,5879.0
21180,4564.0,648.0,2258.0,13775.0
21181,10895.0,510.0,885.0,5401.0
21182,38634.0,4319.0,3099.0,11894.0
21183,5205.0,1054.0,3340.0,8196.0
21184,4752.0,852.0,2557.0,761.0
21185,10845.0,1266.0,1872.0,5617.0
21186,3357.0,370.0,984.0,1606.0
21187,5315.0,546.0,2190.0,5534.0
21188,55472.0,4594.0,2480.0,12051.0
21189,3046.0,226.0,1124.0,5356.0
21190,14419.0,1581.0,1999.0,13806.0
21191,5265.0,837.0,2350.0,4730.0
21192,7634.0,1341.0,2763.0,8569.0
21193,7470.0,850.0,2497.0,7160.0
21194,4295.0,719.0,1706.0,5015.0
21195,22370.0,1367.0,2830.0,3133.0
21196,5643.0,510.0,2886.0,6119.0
21197,3854.0,833.0,3347.0,13291.0
21198,3893.0,982.0,3696.0,8960.0
21199,5245.0,855.0,2084.0,9124.0
21200,2887.0,557.0,1656.0,6927.0
21201,4385.0,1074.0,2112.0,10046.0
21202,3939.0,513.0,-0.0,9158.0
21203,14849.0,1198.0,715.0,6784.0
21204,3144.0,921.0,3095.0,10806.0
21205,3108.0,357.0,1627.0,5752.0
21206,5718.0,740.0,1013.0,6749.0
21207,2945.0,295.0,1706.0,9056.0
21208,5245.0,989.0,377.0,4454.0
21209,3654.0,789.0,937.0,10056.0
21210,8505.0,1091.0,1919.0,1934.0
21211,4576.0,746.0,1210.0,8238.0
21212,6785.0,522.0,1697.0,9122.0
21213,26754.0,2788.0,3499.0,10793.0
21214,6371.0,714.0,1369.0,4695.0
21215,4320.0,903.0,2751.0,9811.0
21216,11758.0,1068.0,2029.0,14185.0
21217,3556.0,870.0,824.0,5298.0
21218,25319.0,2145.0,2729.0,18663.0
21219,3113.0,279.0,2503.0,3517.0
21220,2596.0,550.0,2496.0,9633.0
21221,6235.0,540.0,2054.0,10444.0
21222,13351.0,1405.0,2395.0,4661.0
21223,3885.0,638.0,995.0,3524.0
21224,11610.0,902.0,2727.0,10621.0
21225,4627.0,559.0,2662.0,10219.0
21226,14842.0,984.0,2030.0,11704.0
21227,6910.0,436.0,1520.0,3224.0
21228,10103.0,761.0,2470.0,4848.0
21229,4259.0,471.0,1656.0,6696.0
21230,4956.0,629.0,1492.0,7825.0
21231,9806.0,773.0,2601.0,11277.0
21232,23316.0,2242.0,130.0,9576.0
21233,7896.0,885.0,2295.0,9371.0
21234,5706.0,1021.0,632.0,-0.0
21235,27169.0,1153.0,2946.0,7920.0
21236,8749.0,1013.0,1694.0,5537.0
21237,5800.0,273.0,1511.0,9829.0
21238,3584.0,663.0,1816.0,13144.0
21239,2547.0,228.0,2486.0,3614.0
21240,16657.0,2688.0,3083.0,11077.0
21241,18333.0,1772.0,1794.0,7485.0
21242,22332.0,1798.0,3327.0,14707.0
21243,45961.0,3419.0,3637.0,4597.0
21244,3864.0,678.0,1326.0,6478.0
21245,2788.0,376.0,171.0,-0.0
21246,14133.0,1160.0,1639.0,10764.0
21247,2856.0,458.0,3104.0,5767.0
21248,16322.0,931.0,3494.0,7674.0
21249,35298.0,1418.0,1218.0,10259.0
21250,5007.0,588.0,3691.0,11186.0
21251,2765.0,634.0,1610.0,2517.0
21252,10093.0,1442.0,1082.0,1871.0
21253,5018.0,1109.0,1848.0,5444.0
21254,3083.0,728.0,1534.0,2817.0
21255,30283.0,2185.0,1707.0,9036.0
21256,16449.0,1014.0,1892.0,9105.0
21257,11760.0,937.0,2486.0,9077.0
21258,20426.0,1038.0,2845.0,9849.0
21259,5908.0,559.0,2184.0,5720.0
21260,2770.0,594.0,2324.0,4744.0
21261,12652.0,1410.0,1546.0,9040.0
21262,4185.0,639.0,4566.0,6903.0
21263,3522.0,687.0,511.0,6177.0
21264,3300.0,866.0,3027.0,417.0
21265,6212.0,804.0,846.0,-0.0
21266,24439.0,1099.0,4090.0,12453.0
21267,10322.0,1062.0,1139.0,7144.0
21268,15320.0,2163.0,1328.0,12289.0
21269,2815.0,393.0,1462.0,8835.0
21270,4791.0,597.0,2594.0,14981.0
21271,8551.0,1908.0,2680.0,8022.0
21272,5232.0,454.0,1180.0,3650.0
21273,2798.0,234.0,1131.0,3180.0
21274,2944.0,834.0,889.0,5117.0
21275,9019.0,1089.0,2353.0,4723.0
21276,2857.0,435.0,957.0,5669.0
21277,27438.0,910.0,211.0,11669.0
21278,6589.0,519.0,2970.0,6914.0
21279,8024.0,1058.0,1922.0,7874.0
21280,4739.0,1120.0,2954.0,8316.0
21281,3997.0,849.0,2468.0,10844.0
21282,8524.0,1258.0,2016.0,12512.0
21283,4092.0,341.0,1334.0,6646.0
21284,3360.0,612.0,2218.0,5064.0
21285,6718.0,915.0,2380.0,4459.0
21286,3423.0,351.0,1111.0,6091.0
21287,31756.0,1913.0,4561.0,11224.0
21288,15550.0,1065.0,2837.0,13648.0
21289,28942.0,2360.0,3019.0,4044.0
21290,4914.0,247.0,1430.0,10943.0
21291,3650.0,206.0,435.0,3264.0
21292,32610.0,1793.0,2355.0,13264.0
21293,3140.0,965.0,777.0,9878.0
21294,5033.0,188.0,890.0,7757.0
21295,3231.0,769.0,3160.0,10604.0
21296,3448.0,558.0,1507.0,5389.0
21297,4257.0,319.0,3063.0,7788.0
21298,2891.0,309.0,2455.0,6780.0
21299,4714.0,684.0,3135.0,4379.0
21300,12945.0,1469.0,2420.0,10755.0
21301,4976.0,500.0,3820.0,8425.0
21302,12776.0,2186.0,2295.0,7126.0
21303,27059.0,2542.0,2839.0,8548.0
21304,2837.0,198.0,419.0,5696.0
21305,4088.0,277.0,2369.0,8384.0
21306,7209.0,1405.0,3088.0,6421.0
21307,4786.0,110.0,1398.0,9510.0
21308,20655.0,1513.0,1953.0,4034.0
21309,4533.0,354.0,2775.0,6606.0
21310,44532.0,4621.0,3117.0,12732.0
21311,6731.0,572.0,887.0,2868.0
21312,4719.0,707.0,551.0,12160.0
21313,32195.0,1277.0,1014.0,4535.0
21314,5600.0,410.0,1705.0,11187.0
21315,10778.0,722.0,2463.0,8198.0
21316,3146.0,291.0,2883.0,9725.0
21317,3269.0,75.0,1298.0,2409.0
21318,16628.0,2128.0,1914.0,4614.0
21319,7502.0,1001.0,1105.0,4151.0
21320,5559.0,630.0,1885.0,2837.0
21321,6302.0,521.0,1548.0,11303.0
21322,6793.0,379.0,1094.0,12343.0
21323,23391.0,1225.0,3253.0,7220.0
21324,6167.0,251.0,1782.0,6020.0
21325,7881.0,634.0,2320.0,6826.0
21326,6529.0,953.0,1420.0,4718.0
21327,9613.0,1137.0,575.0,3612.0
21328,2820.0,521.0,2445.0,4861.0
21329,44459.0,1870.0,7212.0,10487.0
21330,6329.0,524.0,-0.0,8690.0
21331,4240.0,1527.0,1923.0,976.0
21332,2848.0,479.0,1866.0,9291.0
21333,10431.0,744.0,2982.0,7340.0
21334,3243.0,550.0,667.0,8638.0
21335,5235.0,869.0,2748.0,6618.0
21336,3203.0,1215.0,850.0,8226.0
21337,23704.0,2525.0,5674.0,19470.0
21338,19745.0,1448.0,1930.0,11101.0
21339,5336.0,701.0,3117.0,10522.0
21340,3950.0,822.0,2515.0,2401.0
21341,4463.0,1468.0,936.0,3773.0
21342,9728.0,830.0,1476.0,16443.0
21343,5853.0,1221.0,2520.0,6320.0
21344,2522.0,398.0,1554.0,5836.0
21345,5761.0,63.0,1766.0,4524.0
21346,18553.0,1710.0,2761.0,11546.0
21347,5325.0,340.0,261.0,15000.0
21348,6046.0,679.0,1438.0,2410.0
21349,12870.0,840.0,3285.0,4304.0
21350,4941.0,493.0,1818.0,7032.0
21351,3046.0,460.0,447.0,10196.0
21352,15117.0,1302.0,1495.0,6933.0
21353,5168.0,434.0,1368.0,10698.0
21354,6737.0,827.0,3958.0,18810.0
21355,22231.0,6849.0,31819.0,26745.0
21356,5207.0,205.0,503.0,3996.0
21357,9360.0,758.0,533.0,9782.0
21358,5629.0,1041.0,1855.0,8430.0
21359,10642.0,1038.0,781.0,9502.0
21360,9851.0,1047.0,1589.0,10724.0
21361,5608.0,424.0,2644.0,2655.0
21362,41627.0,3246.0,3689.0,4807.0
21363,4411.0,357.0,92.0,11131.0
21364,7617.0,1493.0,1819.0,2401.0
21365,4968.0,340.0,-0.0,2732.0
21366,7894.0,983.0,1553.0,3155.0
21367,16408.0,1134.0,1640.0,5313.0
21368,8737.0,470.0,2325.0,8429.0
21369,3211.0,598.0,-0.0,7480.0
21370,3428.0,190.0,1560.0,16882.0
21371,7121.0,1231.0,895.0,2243.0
21372,51652.0,3204.0,2386.0,5399.0
21373,24038.0,1506.0,2051.0,9761.0
21374,2739.0,586.0,1369.0,3765.0
21375,2555.0,216.0,-0.0,1527.0
21376,3504.0,854.0,1198.0,8711.0
21377,6833.0,410.0,2566.0,6246.0
21378,4571.0,763.0,1252.0,10346.0
21379,9383.0,391.0,608.0,6419.0
21380,10021.0,1512.0,5462.0,10452.0
21381,8717.0,1285.0,2096.0,255.0
21382,31746.0,1912.0,2928.0,10465.0
21383,13900.0,1641.0,1244.0,10330.0
21384,21560.0,1743.0,353.0,5655.0
21385,5286.0,264.0,2077.0,11320.0
21386,3825.0,365.0,2304.0,2674.0
21387,7822.0,1627.0,2987.0,9474.0
21388,7508.0,923.0,3614.0,6447.0
21389,13184.0,1668.0,1276.0,11578.0
21390,6772.0,1150.0,2224.0,13098.0
21391,12891.0,1179.0,2508.0,5028.0
21392,4590.0,1084.0,3793.0,2186.0
21393,3723.0,773.0,1032.0,7168.0
21394,17194.0,1911.0,1018.0,1047.0
21395,8892.0,1617.0,1651.0,7801.0
21396,5045.0,1107.0,2154.0,6544.0
21397,4723.0,682.0,3931.0,10236.0
21398,14914.0,761.0,2165.0,10564.0
21399,4374.0,1027.0,2441.0,12498.0
21400,7166.0,861.0,2575.0,15242.0
21401,13298.0,1908.0,1123.0,8095.0
21402,26263.0,2537.0,3218.0,8509.0
21403,6912.0,741.0,1230.0,10786.0
21404,4115.0,508.0,-0.0,1781.0
21405,213974.0,23583.0,222110.0,253348.0
21406,5019.0,406.0,963.0,10254.0
21407,11122.0,850.0,920.0,9609.0
21408,6006.0,1054.0,2134.0,6174.0
21409,8786.0,687.0,820.0,6513.0
21410,4482.0,506.0,2801.0,12553.0
21411,9051.0,2074.0,8193.0,8216.0
21412,4352.0,65.0,774.0,1227.0
21413,8206.0,609.0,3833.0,8173.0
21414,12051.0,888.0,1814.0,9491.0
21415,4185.0,938.0,1435.0,5568.0
21416,6101.0,199.0,678.0,3516.0
21417,10366.0,1323.0,2705.0,4351.0
21418,6709.0,376.0,2212.0,5158.0
21419,6305.0,1261.0,2847.0,12252.0
21420,5240.0,642.0,760.0,7557.0
21421,20393.0,1139.0,1196.0,9779.0
21422,4219.0,783.0,2098.0,4834.0
21423,11109.0,1600.0,3097.0,9445.0
21424,4550.0,1083.0,1838.0,2988.0
21425,23140.0,2557.0,1067.0,4753.0
21426,14922.0,1444.0,2147.0,11180.0
21427,34037.0,10517.0,2260.0,16708.0
21428,10516.0,1047.0,1474.0,8006.0
21429,3310.0,921.0,2097.0,13663.0
21430,39401.0,2767.0,3388.0,7497.0
21431,6578.0,529.0,2173.0,2244.0
21432,6708.0,363.0,1463.0,4939.0
21433,5879.0,901.0,1824.0,13813.0
21434,5542.0,1497.0,1454.0,5715.0
21435,6103.0,739.0,3589.0,10339.0
21436,11501.0,949.0,3136.0,6838.0
21437,6960.0,371.0,1973.0,10242.0
21438,25041.0,2074.0,7723.0,5860.0
21439,27012.0,1757.0,2321.0,9251.0
21440,4992.0,1075.0,1378.0,8666.0
21441,22591.0,1592.0,1775.0,5034.0
21442,2525.0,528.0,3352.0,5888.0
21443,10303.0,810.0,3598.0,7963.0
21444,2587.0,1085.0,518.0,8013.0
21445,4567.0,1102.0,4723.0,9454.0
21446,31317.0,4196.0,8170.0,3928.0
21447,2737.0,288.0,2381.0,5690.0
21448,7357.0,585.0,2208.0,5317.0
21449,43229.0,4550.0,2617.0,11252.0
21450,8173.0,616.0,2402.0,11131.0
21451,2917.0,309.0,1264.0,6792.0
21452,4223.0,497.0,1424.0,3654.0
21453,8831.0,3076.0,4257.0,8236.0
21454,39347.0,2784.0,2111.0,3505.0
21455,16352.0,1264.0,1768.0,2576.0
21456,4475.0,434.0,723.0,578.0
21457,5408.0,886.0,2148.0,13715.0
21458,42588.0,2153.0,1883.0,7516.0
21459,5430.0,397.0,2051.0,8599.0
21460,4786.0,1936.0,2870.0,6575.0
21461,36732.0,2229.0,4136.0,13474.0
21462,2747.0,310.0,567.0,2080.0
21463,7580.0,1104.0,941.0,5235.0
21464,5464.0,1187.0,4775.0,9703.0
21465,6772.0,212.0,2127.0,11139.0
21466,41879.0,4048.0,13793.0,14417.0
21467,20938.0,1460.0,71328.0,12801.0
21468,5277.0,605.0,1125.0,14112.0
21469,26324.0,1469.0,3254.0,10307.0
21470,8509.0,1336.0,4387.0,18096.0
21471,3455.0,216.0,-0.0,4691.0
21472,20816.0,1881.0,2482.0,4293.0
21473,3038.0,518.0,2126.0,9207.0
21474,38648.0,2794.0,1544.0,8475.0
21475,4638.0,1186.0,2481.0,5741.0
21476,15531.0,1327.0,1283.0,1464.0
21477,12284.0,947.0,1549.0,5102.0
21478,20511.0,1691.0,1546.0,5649.0
21479,17904.0,1588.0,2552.0,9374.0
21480,17202.0,1579.0,2982.0,11472.0
21481,8478.0,1218.0,1164.0,7250.0
21482,2621.0,1033.0,3071.0,8050.0
21483,9303.0,1498.0,2088.0,10922.0
21484,3289.0,1561.0,3299.0,15935.0
21485,3868.0,796.0,88.0,3468.0
21486,3417.0,193.0,1971.0,7253.0
21487,4142.0,1666.0,1309.0,4569.0
21488,4284.0,1153.0,1572.0,8134.0
21489,4580.0,702.0,630.0,11733.0
21490,9619.0,854.0,1255.0,2324.0
21491,4465.0,550.0,3344.0,22435.0
21492,17409.0,2027.0,1580.0,9948.0
21493,5177.0,638.0,492419.0,369797.0
21494,27118.0,6263.0,4035.0,18588.0
21495,3680.0,731.0,2496.0,4854.0
21496,19609.0,1651.0,2945.0,17179.0
21497,21290.0,2702.0,26185.0,35329.0
21498,2706.0,502.0,1382.0,12055.0
21499,4625.0,573.0,1615.0,10278.0
21500,5035.0,1192.0,515.0,5930.0
21501,6587.0,933.0,1210.0,5381.0
21502,20044.0,1092.0,1710.0,5843.0
21503,28867.0,1661.0,3128.0,9254.0
21504,5192.0,601.0,3039.0,4356.0
21505,26885.0,2234.0,2485.0,6427.0
21506,22041.0,2565.0,1334.0,15682.0
21507,7133.0,872.0,1062.0,13626.0
21508,15339.0,1688.0,2269.0,9404.0
21509,5720.0,396.0,196.0,5086.0
21510,9839.0,373.0,2912.0,1523.0
21511,3460.0,209.0,1344.0,14843.0
21512,14649.0,917.0,2492.0,1391.0
21513,7648.0,820.0,4084.0,13790.0
21514,3005.0,1194.0,1951.0,17169.0
21515,8722.0,975.0,2067.0,3885.0
21516,3898.0,747.0,1779.0,8318.0
21517,5469.0,693.0,5043.0,3068.0
21518,6652.0,1477.0,2942.0,7311.0
21519,4891.0,448.0,1052.0,2183.0
21520,13317.0,1938.0,808.0,8511.0
21521,32370.0,3617.0,10760.0,32694.0
21522,2610.0,292.0,1462.0,12960.0
21523,2923.0,564.0,2780.0,678.0
21524,5751.0,271.0,3723.0,9401.0
21525,3779.0,216.0,-0.0,-0.0
21526,2898.0,423.0,2900.0,14235.0
21527,3809.0,418.0,3088.0,6915.0
21528,3498.0,506.0,1943.0,8415.0
21529,2669.0,1077.0,-0.0,6123.0
21530,10815.0,676.0,698.0,14292.0
21531,6168.0,1132.0,493.0,11858.0
21532,9685.0,953.0,2864.0,8665.0
21533,4452.0,615.0,2816.0,9494.0
21534,25531.0,2154.0,1676.0,5006.0
21535,3808.0,780.0,1672.0,5732.0
21536,5344.0,587.0,2910.0,9320.0
21537,8891.0,918.0,1443.0,13218.0
21538,4637.0,625.0,3241.0,5035.0
21539,6172.0,1513.0,1374.0,4893.0
21540,3804.0,512.0,739.0,5044.0
21541,3575.0,543.0,2496.0,8452.0
21542,7193.0,1099.0,2753.0,10155.0
21543,7944.0,500.0,1384.0,11307.0
21544,4927.0,964.0,3048.0,2735.0
21545,4072.0,414.0,2382.0,5743.0
21546,7041.0,545.0,2018.0,3791.0
21547,5539.0,770.0,1247.0,4992.0
21548,3195.0,304.0,218.0,7042.0
21549,18711.0,1875.0,2886.0,9703.0
21550,4685.0,734.0,1815.0,5283.0
21551,4826.0,226.0,1345.0,5968.0
21552,3078.0,399.0,720.0,16040.0
21553,4880.0,911.0,1857.0,6955.0
21554,192131.0,12039.0,15569.0,18880.0
21555,3414.0,866.0,4110.0,10883.0
21556,7383.0,1096.0,574.0,3060.0
21557,35427.0,2735.0,1646.0,11299.0
21558,4996.0,754.0,1855.0,6125.0
21559,3447.0,468.0,870.0,6940.0
21560,11001.0,1219.0,3572.0,5570.0
21561,3106.0,1402.0,1850.0,5925.0
21562,2725.0,406.0,1260.0,6444.0
21563,6030.0,1547.0,1794.0,9014.0
21564,4036.0,507.0,2687.0,7996.0
21565,10597.0,1924.0,1114.0,4072.0
21566,4091.0,582.0,2792.0,4461.0
21567,2482.0,942.0,1888.0,9194.0
21568,4288.0,457.0,-0.0,4854.0
21569,6543.0,1402.0,1881.0,9366.0
21570,22968.0,1468.0,2856.0,800.0
21571,20280.0,1430.0,3102.0,9448.0
21572,6288.0,449.0,1580.0,6483.0
21573,14119.0,1026.0,2630.0,5679.0
21574,4945.0,673.0,2817.0,7577.0
21575,7256.0,788.0,1265.0,5093.0
21576,4671.0,34.0,770.0,4340.0
21577,2931.0,491.0,636.0,4705.0
21578,7744.0,330.0,241.0,5146.0
21579,3943.0,337.0,4023.0,5968.0
21580,12896.0,1462.0,2497.0,11566.0
21581,3361.0,685.0,64.0,337.0
21582,41176.0,2293.0,3076.0,9013.0
21583,6440.0,1143.0,1023.0,6922.0
21584,2938.0,345.0,818.0,10796.0
21585,4102.0,671.0,3156.0,11614.0
21586,4442.0,770.0,1279.0,14035.0
21587,10419.0,1523.0,1319.0,5882.0
21588,11179.0,654.0,1076.0,3826.0
21589,4547.0,958.0,409.0,1351.0
21590,5659.0,349.0,2223.0,10650.0
21591,19136.0,1597.0,1294.0,5145.0
21592,17405.0,768.0,1747.0,9513.0
21593,10696.0,1055.0,916.0,9532.0
21594,4468.0,432.0,2231.0,13322.0
21595,18354.0,1568.0,3889.0,6725.0
21596,5484.0,577.0,1814.0,7830.0
21597,4021.0,766.0,205.0,3664.0
21598,18160.0,1270.0,2336.0,21048.0
21599,4184.0,364.0,2945.0,6432.0
21600,6287.0,482.0,-0.0,5697.0
21601,28022.0,1991.0,2548.0,10333.0
21602,4049.0,698.0,2835.0,9744.0
21603,4725.0,120.0,1276.0,6536.0
21604,4856.0,339.0,1570.0,5805.0
21605,4330.0,1371.0,4179.0,6343.0
21606,3911.0,518.0,2257.0,11421.0
21607,9418.0,1051.0,1950.0,10692.0
21608,6681.0,609.0,1618.0,6976.0
21609,7881.0,609.0,2950.0,9316.0
21610,3344.0,355.0,1395.0,7885.0
21611,7091.0,2158.0,1973.0,9086.0
21612,5157.0,354.0,461.0,8653.0
21613,4350.0,1281.0,1382.0,3750.0
21614,4153.0,815.0,3065.0,6816.0
21615,2786.0,880.0,2033.0,3394.0
21616,2681.0,314.0,272.0,1622.0
21617,3219.0,487.0,1783.0,4734.0
21618,4928.0,1837.0,3545.0,8125.0
21619,2461.0,237.0,1626.0,6502.0
21620,5006.0,396.0,1954.0,3144.0
21621,4448.0,345.0,3801.0,8613.0
21622,8344.0,625.0,1828.0,8769.0
21623,2741.0,451.0,835.0,6722.0
21624,4018.0,879.0,571.0,6955.0
21625,2465.0,173.0,1738.0,12501.0
21626,5884.0,109.0,3850.0,7183.0
21627,25061.0,3658.0,3840.0,9062.0
21628,4574.0,489.0,2231.0,6140.0
21629,5010.0,685.0,2987.0,3701.0
21630,6785.0,605.0,1673.0,3956.0
21631,3955.0,1070.0,3075.0,1688.0
21632,4935.0,815.0,1279.0,1061.0
21633,3622.0,833.0,2628.0,10675.0
21634,3456.0,767.0,2343.0,6311.0
21635,4168.0,198.0,2578.0,7122.0
21636,2557.0,468.0,1916.0,6945.0
21637,5903.0,873.0,2112.0,3603.0
21638,7941.0,1102.0,2316.0,7082.0
21639,24332.0,1161.0,5395.0,8106.0
21640,3898.0,447.0,1382.0,9184.0
21641,6559.0,442.0,944.0,8000.0
21642,3587.0,1134.0,952.0,9172.0
21643,2539.0,1523.0,2423.0,7122.0
21644,22512.0,1595.0,1461.0,9817.0
21645,3034.0,66.0,1349.0,11017.0
21646,6262.0,1077.0,1513.0,9039.0
21647,49552.0,3341.0,5138.0,9772.0
21648,3958.0,1078.0,3107.0,5355.0
21649,4211.0,907.0,3136.0,14734.0
21650,3155.0,244.0,505.0,7001.0
21651,2635.0,326.0,1531.0,10356.0
21652,5256.0,716.0,2650.0,7010.0
21653,3501.0,83.0,2358.0,4719.0
21654,12022.0,797.0,3171.0,7685.0
21655,6463.0,1020.0,2360.0,3862.0
21656,3334.0,554.0,3039.0,9713.0
21657,2517.0,187.0,1618.0,5510.0
21658,3718.0,183.0,1162.0,10698.0
21659,4524.0,892.0,1070.0,7412.0
21660,6722.0,1110.0,1854.0,6754.0
21661,7881.0,1018.0,3612.0,7250.0
21662,21265.0,1567.0,1798.0,12181.0
21663,9374.0,1412.0,1388.0,7941.0
21664,30399.0,10513.0,18279.0,34325.0
21665,4698.0,685.0,2091.0,6851.0
21666,6145.0,566.0,2108.0,8205.0
21667,8740.0,878.0,2276.0,10669.0
21668,4129.0,362.0,1458.0,8164.0
21669,3895.0,727.0,1855.0,9003.0
21670,2571.0,324.0,623.0,743.0
21671,7123.0,938.0,4143.0,2857.0
21672,15012.0,1593.0,1462.0,7059.0
21673,4595.0,877.0,2344.0,3447.0
21674,2615.0,269.0,1314.0,7236.0
21675,5796.0,465.0,2959.0,6634.0
21676,4884.0,2484.0,5207.0,8305.0
21677,4485.0,812.0,3265.0,7644.0
21678,8717.0,1285.0,2006.0,9618.0
21679,4287.0,443.0,774.0,4995.0
21680,21420.0,2162.0,3013.0,4962.0
21681,2679.0,380.0,1449.0,10674.0
21682,4100.0,1085.0,2979.0,8662.0
21683,4314.0,1107.0,1068.0,5833.0
21684,10455.0,1255.0,2070.0,4408.0
21685,13701.0,1790.0,2898.0,5827.0
21686,9541.0,964.0,1284.0,6233.0
21687,4035.0,627.0,3302.0,4566.0
21688,6196.0,758.0,1685.0,3753.0
21689,2942.0,249.0,2440.0,4798.0
21690,15908.0,1078.0,1912.0,8650.0
21691,2522.0,622.0,1509.0,4237.0
21692,4184.0,640.0,2769.0,-0.0
21693,2832.0,641.0,1126.0,564.0
21694,5550.0,582.0,1935.0,4808.0
21695,6758.0,1045.0,1327.0,10965.0
21696,5025.0,172.0,1573.0,2027.0
21697,26097.0,1376.0,2666.0,8505.0
21698,3519.0,709.0,3573.0,4238.0
21699,6577.0,776.0,2577.0,7945.0
21700,3039.0,660.0,1155.0,4285.0
21701,5335.0,618.0,3144.0,6828.0
21702,38471.0,3754.0,2416.0,10297.0
21703,4499.0,830.0,1265.0,3658.0
21704,3654.0,1413.0,-0.0,11556.0
21705,7698.0,873.0,1829.0,4956.0
21706,5517.0,792.0,1723.0,14321.0
21707,67836.0,29235.0,6216.0,73890.0
21708,7950.0,541.0,826.0,3868.0
21709,22935.0,2582.0,2931.0,7744.0
21710,20565.0,3252.0,1655.0,6048.0
21711,10884.0,933.0,2642.0,9905.0
21712,8914.0,1449.0,1769.0,7646.0
21713,3728.0,488.0,2027.0,9812.0
21714,9171.0,383.0,1585.0,4252.0
21715,6140.0,769.0,3188.0,11466.0
21716,35537.0,2117.0,1405.0,6915.0
21717,5237.0,1956.0,1343.0,5518.0
21718,8324.0,1257.0,335.0,10997.0
21719,11697.0,1235.0,2594.0,6372.0
21720,4097.0,803.0,1875.0,15295.0
21721,2545.0,272.0,2104.0,10207.0
21722,82016.0,11227.0,7928.0,21444.0
21723,20619.0,1936.0,2579.0,16422.0
21724,5463.0,1463.0,868.0,6686.0
21725,14771.0,1734.0,2863.0,6992.0
21726,4098.0,690.0,202.0,9268.0
21727,7425.0,872.0,1184.0,8211.0
21728,57826.0,5787.0,17681.0,9611.0
21729,2582.0,645.0,1291.0,6997.0
21730,2970.0,343.0,1683.0,12974.0
21731,26773.0,999.0,4719.0,7296.0
21732,4894.0,166.0,436.0,-0.0
21733,4117.0,824.0,2867.0,9738.0
21734,10192.0,783.0,2471.0,2640.0
21735,8293.0,781.0,1038.0,761.0
21736,3553.0,355.0,3286.0,5922.0
21737,11099.0,952.0,1451.0,3553.0
21738,5360.0,375.0,5606.0,11304.0
21739,3114.0,508.0,-0.0,11556.0
21740,19082.0,2187.0,3991.0,7005.0
21741,4015.0,578.0,918.0,6526.0
21742,6704.0,743.0,707.0,6135.0
21743,5313.0,786.0,1318.0,8392.0
21744,4527.0,699.0,1885.0,3366.0
21745,5235.0,749.0,3126.0,11152.0
21746,7812.0,1353.0,1821.0,12866.0
21747,3415.0,260.0,2116.0,4952.0
21748,9980.0,1099.0,2572.0,19257.0
21749,9375.0,1502.0,1635.0,9204.0
21750,24071.0,2461.0,1324.0,6397.0
21751,8214.0,2615.0,1210.0,6598.0
21752,2669.0,836.0,5503.0,5857.0
21753,4813.0,653.0,1830.0,6603.0
21754,2490.0,251.0,2042.0,9888.0
21755,51170.0,2757.0,1439.0,13197.0
21756,14752.0,1302.0,2023.0,2353.0
21757,3520.0,689.0,2547.0,4634.0
21758,111503.0,8422.0,6937.0,17655.0
21759,3811.0,1441.0,2009.0,14041.0
21760,15663.0,2113.0,3339.0,8796.0
21761,3809.0,1075.0,629.0,7693.0
21762,7236.0,690.0,1742.0,6522.0
21763,22008.0,1053.0,1598.0,5007.0
21764,2785.0,324.0,565.0,3095.0
21765,6535.0,1291.0,3006.0,5676.0
21766,3561.0,725.0,2113.0,5050.0
21767,12691.0,908.0,1708.0,8848.0
21768,33982.0,2350.0,2449.0,11326.0
21769,5542.0,942.0,2988.0,7854.0
21770,11170.0,2324.0,4725.0,17418.0
21771,4944.0,276.0,1949.0,12491.0
21772,4813.0,797.0,1466.0,11480.0
21773,71660.0,4022.0,4810.0,8962.0
21774,14075.0,1451.0,1337.0,7713.0
21775,25220.0,1933.0,2053.0,15649.0
21776,32971.0,6011.0,7669.0,13236.0
21777,9553.0,502.0,756.0,6358.0
21778,3028.0,473.0,1500.0,8119.0
21779,3135.0,148.0,1917.0,3000.0
21780,6702.0,545.0,2682.0,3601.0
21781,9349.0,1335.0,3558.0,14757.0
21782,31044.0,1653.0,34922.0,41947.0
21783,4527.0,497.0,700.0,10692.0
21784,73471.0,3937.0,82924.0,21636.0
21785,4048.0,662.0,3533.0,6168.0
21786,5557.0,298.0,2227.0,8026.0
21787,5545.0,475.0,1575.0,8148.0
21788,8697.0,1379.0,1429.0,3546.0
21789,8566.0,806.0,1708.0,9282.0
21790,4616.0,632.0,2199.0,9065.0
21791,2860.0,470.0,783.0,3259.0
21792,44596.0,2829.0,2718.0,7783.0
21793,18753.0,1675.0,1624.0,21121.0
21794,9369.0,688.0,2919.0,9541.0
21795,15398.0,3027.0,2962.0,6779.0
21796,4060.0,729.0,1463.0,10455.0
21797,52407.0,2644.0,6156.0,21588.0
21798,3680.0,831.0,2324.0,7938.0
21799,2520.0,475.0,1044.0,4075.0
21800,4400.0,833.0,2511.0,4558.0
21801,10082.0,838.0,2388.0,8139.0
21802,5437.0,1133.0,2762.0,11078.0
21803,4795.0,1449.0,365.0,4039.0
21804,7186.0,732.0,2042.0,6735.0
21805,5183.0,840.0,1735.0,3871.0
21806,7657.0,630.0,614.0,4970.0
21807,2604.0,476.0,1230.0,8391.0
21808,4152.0,330.0,854.0,4422.0
21809,5286.0,1118.0,292.0,2092.0
21810,4217.0,131.0,1942.0,13903.0
21811,33833.0,2552.0,8356.0,10989.0
21812,5152.0,135.0,2268.0,4232.0
21813,3934.0,723.0,450.0,11294.0
21814,5939.0,198.0,4074.0,14915.0
21815,8864.0,1008.0,1311.0,6819.0
21816,3826.0,1216.0,2001.0,12882.0
21817,6030.0,1216.0,500.0,4875.0
21818,27761.0,1146.0,2589.0,5438.0
21819,4844.0,1128.0,1110.0,10072.0
21820,6927.0,745.0,1820.0,2075.0
21821,19245.0,2178.0,1565.0,6711.0
21822,6074.0,730.0,1779.0,5830.0
21823,3974.0,484.0,663.0,3211.0
21824,6942.0,1067.0,988.0,5542.0
21825,8061.0,756.0,1688.0,8184.0
21826,5446.0,1042.0,3244.0,7663.0
21827,4148.0,238.0,2705.0,12026.0
21828,5906.0,210.0,2181.0,2488.0
21829,93844.0,4864.0,12454.0,32654.0
21830,2635.0,387.0,1086.0,11510.0
21831,14909.0,965.0,1272.0,8472.0
21832,4423.0,213.0,1893.0,7214.0
21833,3807.0,748.0,1779.0,3413.0
21834,22599.0,2281.0,2252.0,12002.0
21835,32539.0,1930.0,2802.0,11706.0
21836,15324.0,674.0,1070.0,10347.0
21837,8023.0,1095.0,2018.0,8756.0
21838,23480.0,1253.0,2177.0,7953.0
21839,4790.0,614.0,1141.0,6768.0
21840,9387.0,1911.0,2261.0,11672.0
21841,11622.0,1699.0,2075.0,11985.0
21842,6492.0,742.0,447.0,4980.0
21843,6882.0,819.0,2637.0,17808.0
21844,5183.0,722.0,2277.0,9075.0
21845,18163.0,2064.0,1158.0,8354.0
21846,18494.0,1851.0,3252.0,5441.0
21847,2513.0,152.0,2406.0,6985.0
21848,7476.0,800.0,2813.0,11158.0
21849,5969.0,1218.0,1557.0,6224.0
21850,5436.0,205.0,2652.0,5058.0
21851,4130.0,1281.0,1278.0,2379.0
21852,3552.0,277.0,2272.0,7831.0
21853,26234.0,1767.0,1855.0,3481.0
21854,6853.0,926.0,1940.0,8250.0
21855,9888.0,1314.0,1764.0,5420.0
21856,24077.0,1971.0,1321.0,7369.0
21857,4403.0,269.0,567.0,4068.0
21858,3659.0,374.0,2402.0,16424.0
21859,3950.0,800.0,2055.0,6186.0
21860,34863.0,7136.0,85225.0,69340.0
21861,13627.0,968.0,1176.0,9334.0
21862,4074.0,197.0,3545.0,1979.0
21863,17244.0,2987.0,21141.0,33264.0
21864,9663.0,1583.0,1996.0,5949.0
21865,3011.0,226.0,1422.0,2325.0
21866,4048.0,724.0,1501.0,1387.0
21867,4341.0,1574.0,1480.0,7183.0
21868,32158.0,2826.0,3353.0,9851.0
21869,5631.0,854.0,2331.0,4002.0
21870,4066.0,516.0,2768.0,2224.0
21871,3240.0,393.0,1919.0,10188.0
21872,6570.0,438.0,631.0,10000.0
21873,3212.0,746.0,522.0,5963.0
21874,5003.0,1583.0,1433.0,7391.0
21875,14030.0,797.0,550.0,9366.0
21876,3714.0,18.0,2369.0,9510.0
21877,2942.0,504.0,322.0,8.0
21878,4974.0,818.0,1739.0,7731.0
21879,38532.0,2746.0,3321.0,12138.0
21880,3081.0,431.0,1077.0,7195.0
21881,21501.0,1132.0,1508.0,8136.0
21882,3809.0,455.0,919.0,5349.0
21883,4445.0,838.0,1944.0,2043.0
21884,2857.0,397.0,694.0,9745.0
21885,3559.0,337.0,334.0,8340.0
21886,36649.0,3466.0,2359.0,5765.0
21887,4320.0,480.0,466.0,7157.0
21888,3509.0,528.0,1723.0,6203.0
21889,9735.0,1641.0,2060.0,11336.0
21890,10677.0,1722.0,5456.0,5590.0
21891,6920.0,724.0,2978.0,10142.0
21892,3177.0,494.0,1729.0,5789.0
21893,2822.0,460.0,1973.0,4880.0
21894,11029.0,1007.0,3375.0,3571.0
21895,10963.0,1191.0,2090.0,6965.0
21896,12185.0,1348.0,941.0,9853.0
21897,4099.0,822.0,2177.0,11224.0
21898,5666.0,867.0,1085.0,5227.0
21899,4936.0,705.0,1430.0,8545.0
21900,2564.0,1006.0,-0.0,2992.0
21901,30862.0,2582.0,4239.0,4827.0
21902,11730.0,1990.0,1876.0,9327.0
21903,39645.0,3140.0,3373.0,10233.0
21904,6282.0,663.0,735.0,8810.0
21905,4746.0,869.0,2305.0,2603.0
21906,2882.0,388.0,1017.0,11486.0
21907,4671.0,714.0,-0.0,8718.0
21908,3672.0,598.0,715.0,4524.0
21909,2852.0,613.0,2235.0,9011.0
21910,4117.0,648.0,1513.0,11197.0
21911,5864.0,922.0,1158.0,4395.0
21912,7515.0,765.0,2219.0,11846.0
21913,6147.0,1251.0,1976.0,2091.0
21914,10161.0,1159.0,2833.0,6389.0
21915,4405.0,251.0,1118.0,3035.0
21916,3364.0,425.0,2634.0,6733.0
21917,22141.0,2327.0,2092.0,10614.0
21918,19933.0,1008.0,961.0,7435.0
21919,15947.0,604.0,3723.0,7628.0
21920,2763.0,165.0,1011.0,7221.0
21921,2848.0,701.0,1708.0,5356.0
21922,12115.0,1361.0,1951.0,7596.0
21923,6801.0,610.0,2530.0,7042.0
21924,27252.0,2597.0,2374.0,8950.0
21925,53699.0,5368.0,6972.0,12704.0
21926,4996.0,305.0,1668.0,6185.0
21927,8266.0,1289.0,3839.0,5675.0
21928,16476.0,1629.0,2164.0,10362.0
21929,7542.0,816.0,1013.0,3396.0
21930,18631.0,2972.0,2873.0,6595.0
21931,5487.0,215.0,2614.0,6337.0
21932,37837.0,1996.0,2320.0,6467.0
21933,3041.0,349.0,870.0,2917.0
21934,15612.0,1265.0,2951.0,18247.0
21935,33792.0,2877.0,4789.0,11788.0
21936,10869.0,893.0,1817.0,3325.0
21937,12586.0,927.0,809.0,5124.0
21938,8668.0,818.0,3135.0,6416.0
21939,5185.0,1401.0,1432.0,7835.0
21940,4330.0,298.0,1947.0,11740.0
21941,22639.0,1852.0,1989.0,11056.0
21942,3571.0,1141.0,1343.0,2538.0
21943,37133.0,9020.0,17223.0,14662.0
21944,6076.0,915.0,1755.0,8741.0
21945,24512.0,1679.0,1567.0,2019.0
21946,5818.0,540.0,1633.0,4525.0
21947,2713.0,464.0,962.0,6487.0
21948,5759.0,1021.0,1984.0,4605.0
21949,5219.0,1041.0,2057.0,9602.0
21950,3621.0,497.0,3124.0,10561.0
21951,84696.0,14280.0,5755.0,11135.0
21952,13664.0,1606.0,1681.0,14069.0
21953,4963.0,1057.0,380.0,7557.0
21954,2670.0,319.0,3970.0,6284.0
21955,9000.0,1007.0,3207.0,3403.0
21956,2602.0,405.0,1890.0,11218.0
21957,4523.0,930.0,1574.0,5788.0
21958,2929.0,155.0,3862.0,10758.0
21959,7232.0,403.0,1327.0,9375.0
21960,5480.0,1766.0,2041.0,3021.0
21961,9868.0,894.0,1915.0,-0.0
21962,16175.0,1733.0,2611.0,9947.0
21963,3759.0,575.0,2436.0,4299.0
21964,63485.0,4363.0,2766.0,10625.0
21965,7109.0,601.0,3044.0,11388.0
21966,20858.0,1798.0,2038.0,5313.0
21967,5927.0,938.0,1530.0,1451.0
21968,2692.0,332.0,1242.0,9693.0
21969,3855.0,1021.0,1552.0,9432.0
21970,4077.0,1201.0,1183.0,7235.0
21971,4701.0,880.0,2535.0,-0.0
21972,28071.0,3144.0,2145.0,13567.0
21973,31929.0,2550.0,2107.0,8299.0
21974,6125.0,971.0,3274.0,5999.0
21975,8847.0,1023.0,3973.0,8593.0
21976,12182.0,970.0,2246.0,9943.0
21977,3585.0,1136.0,1809.0,4595.0
21978,9239.0,742.0,1658.0,5586.0
21979,2662.0,192.0,1152.0,2249.0
21980,5925.0,1349.0,3776.0,10437.0
21981,3944.0,923.0,2393.0,7056.0
21982,4665.0,387.0,2642.0,7963.0
21983,4163.0,958.0,2321.0,3553.0
21984,13803.0,1631.0,856.0,8341.0
21985,8702.0,1346.0,1894.0,6479.0
21986,10287.0,1367.0,1823.0,10141.0
21987,16609.0,1736.0,1251.0,7461.0
21988,3445.0,1057.0,557.0,4975.0
21989,35589.0,3672.0,1956.0,11780.0
21990,6429.0,1105.0,144.0,9427.0
21991,2612.0,681.0,2040.0,12526.0
21992,27139.0,2264.0,106772.0,111649.0
21993,7222.0,1253.0,2046.0,4337.0
21994,6954.0,982.0,937.0,2952.0
21995,28146.0,1796.0,1444.0,8468.0
21996,2637.0,851.0,975.0,8577.0
21997,3529.0,95.0,1823.0,276.0
21998,2684.0,101.0,598.0,5490.0
21999,15950.0,2393.0,802.0,8064.0
22000,6498.0,479.0,1436.0,517.0
22001,13314.0,1401.0,5262.0,15048.0
22002,12710.0,1257.0,2511.0,5531.0
22003,7018.0,823.0,2954.0,10501.0
22004,60706.0,20534.0,9071.0,89738.0
22005,28101.0,2734.0,2853.0,14610.0
22006,4159.0,238.0,1747.0,13786.0
22007,5270.0,821.0,1178.0,5490.0
22008,276020.0,69634.0,96732.0,368041.0
22009,7834.0,1356.0,1661.0,16975.0
22010,3686.0,788.0,1996.0,5299.0
22011,17674.0,1288.0,2948.0,10390.0
22012,5379.0,176.0,1866.0,4534.0
22013,13648.0,1369.0,2279.0,12005.0
22014,24247.0,2077.0,2402.0,12423.0
22015,3050.0,976.0,-0.0,6449.0
22016,3315.0,677.0,845.0,3271.0
22017,8030.0,1244.0,3501.0,10661.0
22018,30464.0,2646.0,2812.0,9837.0
22019,7272.0,306.0,2212.0,4922.0
22020,5665.0,537.0,710.0,7019.0
22021,3735.0,732.0,2928.0,4846.0
22022,3305.0,782.0,1240.0,7028.0
22023,2694.0,1077.0,-0.0,4125.0
22024,14889.0,809.0,2764.0,12304.0
22025,10977.0,1310.0,1381.0,8240.0
22026,40990.0,4163.0,3293.0,6936.0
22027,4259.0,1041.0,2274.0,8667.0
22028,14011.0,5222.0,3250.0,19659.0
22029,11670.0,1299.0,1358.0,5395.0
22030,9908.0,259.0,482.0,5271.0
22031,5618.0,962.0,2084.0,6320.0
22032,2570.0,145.0,1091.0,8042.0
22033,6779.0,1224.0,2932.0,15958.0
22034,25021.0,2382.0,2514.0,9321.0
22035,10828.0,871.0,2860.0,11671.0
22036,4169.0,559.0,3934.0,8188.0
22037,37554.0,2321.0,2084.0,4573.0
22038,3293.0,671.0,1922.0,4428.0
22039,5479.0,548.0,2637.0,10440.0
22040,2525.0,586.0,2074.0,15049.0
22041,23819.0,2510.0,2314.0,13951.0
22042,7979.0,620.0,1842.0,5154.0
22043,9993.0,835.0,2436.0,4179.0
22044,6021.0,258.0,2055.0,10143.0
22045,13381.0,1321.0,2470.0,5530.0
22046,11197.0,974.0,2674.0,7730.0
22047,25392.0,2733.0,2223.0,8022.0
22048,4451.0,320.0,1025.0,9813.0
22049,19176.0,945.0,895.0,7531.0
22050,2733.0,598.0,1040.0,3819.0
22051,20065.0,1214.0,1658.0,9611.0
22052,7977.0,485.0,2666.0,12718.0
22053,6130.0,415.0,343.0,7898.0
22054,5354.0,106.0,2449.0,4532.0
22055,10039.0,829.0,1466.0,10165.0
22056,3719.0,782.0,601.0,2668.0
22057,8264.0,1303.0,2050.0,9776.0
22058,4082.0,309.0,1507.0,6672.0
22059,3662.0,1702.0,2338.0,2553.0
22060,43282.0,9968.0,21885.0,69209.0
22061,3580.0,456.0,2685.0,5043.0
22062,8610.0,613.0,1833.0,5210.0
22063,20988.0,1901.0,3464.0,7898.0
22064,31196.0,2977.0,1382.0,13750.0
22065,5648.0,375.0,1860.0,14028.0
22066,8405.0,1502.0,2798.0,12545.0
22067,6551.0,987.0,2839.0,4227.0
22068,4513.0,795.0,324.0,8272.0
22069,3804.0,229.0,2737.0,9538.0
22070,6633.0,1641.0,2627.0,8457.0
22071,5028.0,412.0,1107.0,4223.0
22072,8314.0,205.0,793.0,3102.0
22073,6919.0,743.0,1189.0,12576.0
22074,4391.0,761.0,1744.0,-0.0
22075,38152.0,1749.0,4021.0,7375.0
22076,3873.0,738.0,1095.0,10024.0
22077,4035.0,620.0,1312.0,5768.0
22078,3836.0,797.0,413.0,6361.0
22079,2571.0,118.0,2346.0,10915.0
22080,4567.0,761.0,2654.0,12476.0
22081,5057.0,947.0,1345.0,8565.0
22082,7100.0,493.0,1500.0,4719.0
22083,5074.0,632.0,1377.0,9785.0
22084,2483.0,283.0,3741.0,10777.0
22085,5180.0,1134.0,2165.0,-0.0
22086,4168.0,590.0,970.0,4021.0
22087,5269.0,858.0,1591.0,1735.0
22088,5119.0,694.0,1221.0,4929.0
22089,26070.0,2742.0,1617.0,8939.0
22090,14859.0,784.0,2951.0,8739.0
22091,3843.0,507.0,2541.0,10130.0
22092,20629.0,4166.0,12427.0,9819.0
22093,4321.0,321.0,2801.0,9479.0
22094,6800.0,289.0,2687.0,11580.0
22095,4205.0,1264.0,2166.0,4142.0
22096,6287.0,494.0,1935.0,6174.0
22097,3581.0,458.0,768.0,9660.0
22098,8090.0,871.0,2714.0,6241.0
22099,8205.0,478.0,2042.0,9258.0
22100,4075.0,1349.0,1389.0,6653.0
22101,10319.0,1880.0,5263.0,10788.0
22102,3540.0,449.0,2993.0,9830.0
22103,5527.0,422.0,722.0,10396.0
22104,8904.0,503.0,1596.0,3884.0
22105,21772.0,1785.0,1642.0,14928.0
22106,8116.0,1661.0,5022.0,11446.0
22107,10604.0,1352.0,1974.0,6260.0
22108,11010.0,900.0,2195.0,4655.0
22109,2731.0,611.0,1705.0,6947.0
22110,3749.0,1317.0,395.0,5560.0
22111,17901.0,1550.0,5485.0,11621.0
22112,8584.0,424.0,1413.0,6093.0
22113,33208.0,3564.0,1910.0,10000.0
22114,12523.0,1098.0,2502.0,10302.0
22115,5559.0,561.0,-0.0,4061.0
22116,3825.0,393.0,1967.0,7703.0
22117,4414.0,229.0,3380.0,7796.0
22118,12327.0,523.0,1599.0,4405.0
22119,8329.0,1250.0,2734.0,5622.0
22120,4843.0,696.0,1634.0,6269.0
22121,56614.0,4314.0,1997.0,8589.0
22122,6449.0,1812.0,1496.0,10270.0
22123,4432.0,159.0,-0.0,2598.0
22124,5714.0,545.0,2267.0,5357.0
22125,3133.0,255.0,334.0,5581.0
22126,5331.0,979.0,1806.0,7501.0
22127,23605.0,1522.0,989.0,7478.0
22128,5681.0,535.0,2144.0,9850.0
22129,2685.0,400.0,2021.0,2286.0
22130,3265.0,459.0,1494.0,6852.0
22131,3095.0,785.0,3455.0,9564.0
22132,22420.0,1997.0,602.0,4510.0
22133,34713.0,1954.0,2334.0,8389.0
22134,2639.0,1083.0,1199.0,10470.0
22135,3502.0,646.0,2432.0,2943.0
22136,3261.0,592.0,2161.0,2548.0
22137,10599.0,778.0,2200.0,2309.0
22138,9241.0,1074.0,1473.0,5967.0
22139,5945.0,1323.0,2202.0,7153.0
22140,6835.0,1809.0,3021.0,6423.0
22141,16214.0,1871.0,957.0,2637.0
22142,13381.0,1385.0,2856.0,9982.0
22143,2566.0,352.0,2956.0,14835.0
22144,2940.0,138.0,2144.0,5067.0
22145,31692.0,4144.0,3121.0,8537.0
22146,3839.0,491.0,2153.0,6260.0
22147,21349.0,4553.0,1190.0,7166.0
22148,9688.0,1245.0,2637.0,10883.0
22149,4842.0,795.0,1779.0,7649.0
22150,3989.0,522.0,1511.0,6857.0
22151,3465.0,987.0,2048.0,12506.0
22152,4781.0,750.0,3194.0,9362.0
22153,13016.0,1097.0,593.0,7788.0
22154,4443.0,604.0,2230.0,10017.0
22155,4387.0,648.0,2189.0,6868.0
22156,5608.0,326.0,1889.0,13205.0
22157,3641.0,530.0,1138.0,6149.0
22158,4140.0,1040.0,647.0,4973.0
22159,5158.0,921.0,251.0,6975.0
22160,6733.0,584.0,2346.0,6836.0
22161,7332.0,210.0,1499.0,6198.0
22162,7507.0,1260.0,1812.0,16170.0
22163,7710.0,585.0,1285.0,4284.0
22164,126320.0,13555.0,15528.0,89221.0
22165,5336.0,189.0,1091.0,7138.0
22166,7301.0,890.0,1304.0,3601.0
22167,4026.0,993.0,1790.0,-0.0
22168,5977.0,1481.0,661.0,2985.0
22169,47589.0,5817.0,8469.0,7020.0
22170,15361.0,933.0,1174.0,6552.0
22171,4154.0,345.0,3117.0,13466.0
22172,10532.0,744.0,3180.0,7246.0
22173,4482.0,257.0,723.0,6231.0
22174,2869.0,205.0,1407.0,7913.0
22175,2607.0,413.0,1530.0,12475.0
22176,3489.0,511.0,1716.0,10437.0
22177,6133.0,1214.0,2079.0,5198.0
22178,26150.0,1993.0,1525.0,7440.0
22179,7439.0,749.0,877.0,5576.0
22180,12884.0,1281.0,607.0,2466.0
22181,3468.0,194.0,1463.0,4577.0
22182,7319.0,877.0,3010.0,6871.0
22183,5883.0,509.0,1713.0,11395.0
22184,12650.0,1145.0,3111.0,8712.0
22185,4345.0,675.0,2905.0,3068.0
22186,9863.0,1662.0,3375.0,4845.0
22187,27622.0,3732.0,2565.0,8542.0
22188,2681.0,1115.0,1508.0,11251.0
22189,2938.0,320.0,3809.0,9610.0
22190,2958.0,938.0,1332.0,10811.0
22191,6971.0,899.0,2937.0,8561.0
22192,30831.0,1929.0,2577.0,5425.0
22193,5178.0,747.0,-0.0,11507.0
22194,4348.0,828.0,2276.0,11590.0
22195,5196.0,930.0,137.0,3272.0
22196,6522.0,588.0,4035.0,7142.0
22197,4899.0,1347.0,3548.0,2591.0
22198,3585.0,1413.0,1537.0,10040.0
22199,5774.0,546.0,2517.0,11027.0
22200,5472.0,729.0,1324.0,4351.0
22201,12341.0,1503.0,261.0,7675.0
22202,8271.0,1051.0,2619.0,7902.0
22203,4938.0,999.0,810.0,7129.0
22204,3931.0,535.0,1832.0,6837.0
22205,13546.0,2442.0,2713.0,5015.0
22206,18723.0,1332.0,1638.0,2703.0
22207,3931.0,424.0,1156.0,5611.0
22208,6325.0,722.0,1329.0,5068.0
22209,3020.0,890.0,1397.0,13699.0
22210,4191.0,313.0,1984.0,9594.0
22211,3755.0,419.0,1584.0,8674.0
22212,7285.0,590.0,598.0,11688.0
22213,3087.0,255.0,169.0,-0.0
22214,4745.0,852.0,592.0,6444.0
22215,3866.0,394.0,3182.0,12273.0
22216,3912.0,728.0,924.0,3514.0
22217,13844.0,848.0,1412.0,3590.0
22218,9740.0,681.0,2409.0,6456.0
22219,15401.0,636.0,974.0,5399.0
22220,14949.0,1809.0,2848.0,9039.0
22221,6211.0,550.0,2307.0,6868.0
22222,4380.0,530.0,1670.0,3766.0
22223,3993.0,610.0,2387.0,9078.0
22224,2736.0,82.0,325.0,9201.0
22225,3322.0,282.0,1581.0,5764.0
22226,8175.0,1083.0,1961.0,8924.0
22227,6954.0,957.0,1845.0,8686.0
22228,4686.0,504.0,2197.0,7813.0
22229,7025.0,784.0,4476.0,8092.0
22230,27439.0,1150.0,4345.0,8515.0
22231,5868.0,588.0,1496.0,10127.0
22232,7175.0,193.0,2903.0,7755.0
22233,4961.0,920.0,3808.0,8631.0
22234,5169.0,524.0,1672.0,11397.0
22235,5083.0,406.0,756.0,1939.0
22236,16390.0,5574.0,14502.0,32585.0
22237,11048.0,813.0,2357.0,4697.0
22238,5233.0,979.0,1100.0,6886.0
22239,4337.0,825.0,2860.0,6881.0
22240,6802.0,1492.0,2305.0,6252.0
22241,18080.0,1557.0,2014.0,9751.0
22242,16647.0,1084.0,2013.0,11431.0
22243,8892.0,896.0,1881.0,4931.0
22244,5047.0,470.0,1623.0,3621.0
22245,7953.0,412.0,3505.0,12518.0
22246,14610.0,1437.0,2322.0,6126.0
22247,4691.0,698.0,2675.0,17724.0
22248,4470.0,408.0,1019.0,1188.0
22249,37288.0,2274.0,3748.0,9962.0
22250,2622.0,1098.0,3002.0,9639.0
22251,2585.0,595.0,2603.0,12455.0
22252,19208.0,1356.0,4570.0,6851.0
22253,4068.0,660.0,1146.0,3077.0
22254,24099.0,1347.0,2571.0,17424.0
22255,6428.0,1087.0,2627.0,7657.0
22256,9821.0,947.0,1425.0,10206.0
22257,2790.0,432.0,2759.0,10699.0
22258,11345.0,650.0,228.0,8894.0
22259,19096.0,3585.0,15942.0,6376.0
22260,18068.0,900.0,3521.0,10020.0
22261,3210.0,442.0,2703.0,15831.0
22262,4408.0,786.0,1760.0,1807.0
22263,5534.0,212.0,2488.0,6336.0
22264,4085.0,1157.0,1279.0,4616.0
22265,11917.0,710.0,2237.0,4386.0
22266,3744.0,530.0,3241.0,11819.0
22267,4055.0,1015.0,4304.0,11783.0
22268,4525.0,165.0,2920.0,10584.0
22269,33502.0,1634.0,2651.0,4898.0
22270,8880.0,587.0,2902.0,6451.0
22271,3353.0,471.0,1656.0,9490.0
22272,4486.0,513.0,2023.0,7736.0
22273,101622.0,6312.0,5624.0,5718.0
22274,4018.0,506.0,2574.0,6968.0
22275,33386.0,3287.0,2449.0,12926.0
22276,3731.0,265.0,2835.0,5999.0
22277,8872.0,1446.0,1623.0,7278.0
22278,18778.0,1959.0,2415.0,10167.0
22279,12277.0,754.0,2034.0,5329.0
22280,4818.0,438.0,1591.0,20153.0
22281,3233.0,578.0,1646.0,8518.0
22282,4054.0,563.0,2428.0,12756.0
22283,17500.0,2134.0,2510.0,11649.0
22284,4903.0,801.0,1381.0,11787.0
22285,20696.0,2382.0,1512.0,940.0
22286,5081.0,717.0,3137.0,6689.0
22287,24911.0,1832.0,4942.0,9886.0
22288,7237.0,841.0,2073.0,5496.0
22289,12752.0,807.0,1456.0,4200.0
22290,7608.0,900.0,1916.0,1175.0
22291,3011.0,670.0,1577.0,5932.0
22292,3495.0,824.0,3065.0,16386.0
22293,2863.0,485.0,1867.0,5542.0
22294,4255.0,828.0,3440.0,11102.0
22295,17387.0,1941.0,1307.0,11212.0
22296,4893.0,553.0,2189.0,1134.0
22297,10484.0,1164.0,2541.0,8259.0
22298,12332.0,1103.0,2833.0,12565.0
22299,3128.0,1131.0,1584.0,11354.0
22300,11446.0,1862.0,3005.0,6726.0
22301,15281.0,1777.0,1951.0,3429.0
22302,22119.0,2994.0,1899.0,7236.0
22303,23467.0,1758.0,498.0,12205.0
22304,10201.0,148.0,1759.0,8621.0
22305,3650.0,345.0,1666.0,3411.0
22306,9370.0,1169.0,2712.0,13288.0
22307,3768.0,542.0,649.0,3861.0
22308,4285.0,629.0,1863.0,479.0
22309,2534.0,969.0,1964.0,14981.0
22310,2473.0,984.0,2912.0,10363.0
22311,4098.0,167.0,1738.0,5212.0
22312,3579.0,729.0,1727.0,5368.0
22313,5091.0,218.0,-0.0,7872.0
22314,3296.0,474.0,2509.0,4540.0
22315,4900.0,1009.0,2398.0,7806.0
22316,4244.0,825.0,3013.0,7510.0
22317,21052.0,1512.0,2521.0,9409.0
22318,6694.0,541.0,3347.0,7098.0
22319,56480.0,3989.0,8352.0,10608.0
22320,22893.0,2322.0,1402.0,5455.0
22321,16794.0,2181.0,3417.0,10052.0
22322,3383.0,24.0,1129.0,5946.0
22323,2609.0,843.0,1510.0,12054.0
22324,22197.0,2762.0,28269.0,23703.0
22325,13835.0,561.0,2082.0,7049.0
22326,14421.0,738.0,814.0,9426.0
22327,7073.0,362.0,1636.0,8540.0
22328,8148.0,1869.0,3601.0,5035.0
22329,4134.0,822.0,1645.0,6582.0
22330,29775.0,1005.0,1823.0,6373.0
22331,9622.0,879.0,2673.0,7265.0
22332,5310.0,908.0,1641.0,6301.0
22333,17156.0,880.0,2445.0,12881.0
22334,4050.0,603.0,1544.0,5813.0
22335,2927.0,69.0,2326.0,6302.0
22336,47968.0,3845.0,3875.0,8607.0
22337,6287.0,651.0,1519.0,14644.0
22338,5535.0,460.0,2738.0,8072.0
22339,3646.0,576.0,1030.0,539.0
22340,5450.0,876.0,2369.0,7861.0
22341,7836.0,569.0,3315.0,4634.0
22342,6805.0,772.0,1762.0,3515.0
22343,7671.0,866.0,3210.0,6860.0
22344,2521.0,770.0,1229.0,-0.0
22345,2649.0,992.0,3051.0,9647.0
22346,5921.0,690.0,733.0,2291.0
22347,3151.0,736.0,2751.0,17018.0
22348,6900.0,656.0,1762.0,249.0
22349,9475.0,1441.0,3598.0,9911.0
22350,25503.0,1371.0,724.0,9684.0
22351,5083.0,532.0,1634.0,5794.0
22352,2810.0,581.0,-0.0,2600.0
22353,6822.0,482.0,2382.0,9845.0
22354,3750.0,907.0,1367.0,10435.0
22355,4565.0,672.0,2797.0,11589.0
22356,37261.0,2409.0,3378.0,17149.0
22357,329106.0,42126.0,124535.0,114794.0
22358,21786.0,2444.0,3813.0,11761.0
22359,40709.0,1949.0,100145.0,45484.0
22360,2724.0,995.0,1155.0,5436.0
22361,5449.0,1112.0,1278.0,4162.0
22362,5159.0,868.0,1203.0,9761.0
22363,3305.0,983.0,1223.0,2932.0
22364,6494.0,206.0,490.0,5397.0
22365,4190.0,320.0,1290.0,3281.0
22366,5883.0,842.0,1897.0,6153.0
22367,9579.0,722.0,1649.0,7065.0
22368,13917.0,809.0,1572.0,7016.0
22369,4171.0,1592.0,1962.0,6503.0
22370,16920.0,466.0,632.0,11051.0
22371,3822.0,1493.0,1329.0,9137.0
22372,10575.0,1518.0,801.0,919.0
22373,20774.0,1950.0,2792.0,7610.0
22374,4717.0,809.0,2518.0,9997.0
22375,5392.0,526.0,2051.0,3249.0
22376,2616.0,636.0,1039.0,4741.0
22377,9475.0,1405.0,4603.0,8961.0
22378,4911.0,976.0,2503.0,1970.0
22379,7268.0,485.0,3477.0,10735.0
22380,19297.0,1989.0,1121.0,5931.0
22381,3293.0,892.0,1149.0,8990.0
22382,2940.0,840.0,1595.0,8440.0
22383,30849.0,3275.0,3504.0,19896.0
22384,2724.0,246.0,1753.0,3555.0
22385,6948.0,1700.0,1564.0,11969.0
22386,5035.0,749.0,396.0,8158.0
22387,4936.0,1571.0,649.0,5396.0
22388,6137.0,875.0,2694.0,6503.0
22389,16437.0,1981.0,3163.0,7958.0
22390,5887.0,1277.0,1621.0,5241.0
22391,5155.0,366.0,1183.0,3978.0
22392,12580.0,1146.0,1976.0,6401.0
22393,14492.0,817.0,3574.0,10469.0
22394,3941.0,481.0,1762.0,10232.0
22395,17990.0,1807.0,1725.0,5679.0
22396,11420.0,1301.0,1429.0,2844.0
22397,8761.0,741.0,2543.0,8245.0
22398,8085.0,779.0,2697.0,12885.0
22399,42191.0,2318.0,3112.0,6191.0
22400,8238.0,576.0,1080.0,7358.0
22401,6535.0,468.0,1538.0,5302.0
22402,3881.0,246.0,-0.0,5623.0
22403,7796.0,729.0,3119.0,12003.0
22404,55448.0,4742.0,32287.0,25685.0
22405,34331.0,2061.0,3355.0,5702.0
22406,4109.0,1324.0,1414.0,5937.0
22407,4794.0,2083.0,-0.0,6684.0
22408,8777.0,650.0,1795.0,11920.0
22409,3612.0,523.0,1478.0,4775.0
22410,2913.0,530.0,2852.0,6717.0
22411,5597.0,893.0,1636.0,1395.0
22412,14094.0,313.0,2122.0,6770.0
22413,5149.0,811.0,1936.0,5113.0
22414,4488.0,251.0,1745.0,6481.0
22415,9597.0,1075.0,2270.0,10284.0
22416,12292.0,1209.0,1892.0,3398.0
22417,6257.0,1130.0,2957.0,6426.0
22418,7572.0,471.0,2567.0,12479.0
22419,5594.0,962.0,5910.0,2367.0
22420,3834.0,463.0,-0.0,-0.0
22421,2863.0,1045.0,1629.0,5117.0
22422,4219.0,618.0,131.0,2839.0
22423,5219.0,1040.0,2840.0,10487.0
22424,7220.0,991.0,-0.0,6082.0
22425,3991.0,343.0,3487.0,12134.0
22426,18079.0,2418.0,2362.0,6664.0
22427,2962.0,199.0,1435.0,1264.0
22428,4833.0,976.0,3748.0,1834.0
22429,17852.0,3276.0,2531.0,5904.0
22430,10484.0,599.0,2397.0,606.0
22431,7896.0,993.0,1829.0,9212.0
22432,6813.0,1133.0,2701.0,4762.0
22433,4603.0,343.0,3451.0,7594.0
22434,31030.0,6362.0,40828.0,58513.0
22435,8132.0,1544.0,1688.0,662.0
22436,54555.0,4575.0,2833.0,16489.0
22437,6558.0,743.0,885.0,8582.0
22438,4990.0,572.0,3486.0,3136.0
22439,13767.0,866.0,1820.0,8908.0
22440,27024.0,1594.0,2780.0,3301.0
22441,15431.0,949.0,1607.0,-0.0
22442,7565.0,547.0,1508.0,10681.0
22443,2880.0,1510.0,1705.0,3068.0
22444,3255.0,830.0,2313.0,12398.0
22445,4633.0,612.0,3006.0,199.0
22446,4768.0,627.0,3354.0,12286.0
22447,6973.0,2372.0,460305.0,335302.0
22448,3461.0,739.0,613.0,6375.0
22449,8134.0,890.0,1819.0,11829.0
22450,7053.0,910.0,1082.0,3390.0
22451,5261.0,221.0,1595.0,5630.0
22452,3232.0,432.0,900.0,4195.0
22453,2679.0,371.0,2458.0,851.0
22454,5303.0,350.0,736.0,-0.0
22455,2661.0,39.0,2710.0,11276.0
22456,8516.0,1131.0,2538.0,6598.0
22457,6129.0,1056.0,759.0,5910.0
22458,5278.0,399.0,5013.0,9636.0
22459,3859.0,1001.0,1113.0,13520.0
22460,13529.0,1099.0,629.0,4834.0
22461,5626.0,780.0,2316.0,4698.0
22462,2832.0,318.0,1889.0,8419.0
22463,7558.0,900.0,3654.0,2191.0
22464,7316.0,925.0,1733.0,9179.0
22465,3834.0,970.0,2386.0,6299.0
22466,6560.0,1146.0,1636.0,4912.0
22467,21321.0,1408.0,1630.0,5861.0
22468,14403.0,1659.0,1446.0,9282.0
22469,6031.0,505.0,3987.0,13407.0
22470,6480.0,647.0,2490.0,2634.0
22471,4548.0,785.0,3079.0,8521.0
22472,2873.0,832.0,1504.0,10768.0
22473,3754.0,902.0,1148.0,15132.0
22474,6261.0,640.0,2981.0,4414.0
22475,3445.0,441.0,3258.0,16907.0
22476,12050.0,444.0,944.0,5591.0
22477,9015.0,1035.0,2885.0,18006.0
22478,5616.0,437.0,6023.0,10420.0
22479,44135.0,3124.0,2368.0,17856.0
22480,6629.0,740.0,3317.0,9789.0
22481,5756.0,577.0,1778.0,10162.0
22482,3498.0,678.0,2614.0,12164.0
22483,7951.0,692.0,2115.0,5014.0
22484,4603.0,747.0,2135.0,5326.0
22485,2901.0,706.0,2206.0,7180.0
22486,16306.0,1057.0,1167.0,3216.0
22487,5123.0,881.0,3911.0,7944.0
22488,2487.0,203.0,710.0,5022.0
22489,6784.0,794.0,3165.0,10440.0
22490,31535.0,1898.0,1467.0,9534.0
22491,14434.0,1016.0,2016.0,8400.0
22492,3507.0,1013.0,5015.0,14293.0
22493,17133.0,1775.0,2196.0,4627.0
22494,2589.0,281.0,1846.0,7986.0
22495,49618.0,2849.0,850.0,8161.0
22496,5162.0,1163.0,1855.0,6478.0
22497,4510.0,641.0,2067.0,6261.0
22498,30232.0,2406.0,2197.0,8923.0
22499,7809.0,1053.0,1262.0,6180.0
22500,3766.0,901.0,890.0,9899.0
22501,4374.0,693.0,3129.0,3030.0
22502,26234.0,2288.0,3492.0,8784.0
22503,64976.0,7749.0,322264.0,278404.0
22504,2670.0,1192.0,1511.0,7687.0
22505,3038.0,763.0,1019.0,1693.0
22506,4069.0,484.0,753.0,4279.0
22507,28209.0,1698.0,2020.0,10340.0
22508,12102.0,1473.0,1668.0,10708.0
22509,3586.0,691.0,325.0,9150.0
22510,104099.0,26414.0,105412.0,145430.0
22511,17912.0,1023.0,2874.0,2994.0
22512,3392.0,762.0,924.0,12710.0
22513,6718.0,828.0,1606.0,2818.0
22514,4642.0,731.0,-0.0,4929.0
22515,34085.0,2796.0,2236.0,4834.0
22516,4438.0,351.0,1353.0,415.0
22517,3720.0,465.0,2218.0,4896.0
22518,34340.0,2405.0,3255.0,7060.0
22519,4712.0,647.0,2430.0,10382.0
22520,5514.0,370.0,755.0,1177.0
22521,3356.0,662.0,2288.0,9411.0
22522,10301.0,1058.0,656.0,6808.0
22523,6131.0,867.0,1048.0,8827.0
22524,3892.0,727.0,1618.0,4458.0
22525,2709.0,429.0,2723.0,13223.0
22526,2728.0,582.0,1849.0,9447.0
22527,4521.0,915.0,162.0,3884.0
22528,5599.0,1157.0,1746.0,11291.0
22529,27810.0,3281.0,1942.0,2482.0
22530,3875.0,449.0,1718.0,7157.0
22531,3453.0,258.0,465.0,6868.0
22532,4990.0,386.0,1331.0,7877.0
22533,8962.0,580.0,2730.0,2898.0
22534,2747.0,203.0,1943.0,6883.0
22535,4349.0,176.0,1068.0,1107.0
22536,7937.0,1403.0,2062.0,6720.0
22537,3312.0,913.0,1852.0,9879.0
22538,3589.0,580.0,956.0,3227.0
22539,5442.0,886.0,3380.0,9597.0
22540,5689.0,464.0,2395.0,9934.0
22541,2978.0,462.0,1272.0,8660.0
22542,6551.0,1070.0,3077.0,14193.0
22543,12503.0,1310.0,871.0,7877.0
22544,6891.0,747.0,1706.0,11844.0
22545,7228.0,590.0,132.0,6287.0
22546,7500.0,808.0,1572.0,5984.0
22547,10952.0,1356.0,2690.0,4714.0
22548,4563.0,589.0,1824.0,8868.0
22549,3033.0,564.0,1238.0,7791.0
22550,33431.0,1972.0,28370.0,14048.0
22551,9661.0,428.0,777.0,4152.0
22552,4034.0,595.0,2015.0,5050.0
22553,6158.0,1306.0,3151.0,12973.0
22554,3061.0,495.0,2261.0,10361.0
22555,13696.0,939.0,2724.0,8970.0
22556,26805.0,2843.0,1943.0,7531.0
22557,22512.0,2658.0,2708.0,13909.0
22558,3034.0,413.0,1013.0,5720.0
22559,6926.0,1115.0,1080.0,12484.0
22560,7392.0,806.0,2414.0,7064.0
22561,9078.0,1019.0,756.0,3567.0
22562,4714.0,273.0,1647.0,2708.0
22563,8001.0,1249.0,729.0,2465.0
22564,4580.0,1201.0,838.0,2778.0
22565,3669.0,1002.0,1050.0,2682.0
22566,9229.0,1199.0,1446.0,8735.0
22567,6006.0,845.0,1126.0,4399.0
22568,6943.0,1152.0,2330.0,8532.0
22569,14605.0,1273.0,1545.0,6022.0
22570,4332.0,1111.0,1160.0,14693.0
22571,6330.0,645.0,1950.0,6553.0
22572,7839.0,825.0,2766.0,9493.0
22573,4879.0,1369.0,1163.0,1417.0
22574,5844.0,532.0,1144.0,2038.0
22575,10072.0,104.0,2633.0,1434.0
22576,2777.0,40.0,1197.0,2336.0
22577,23049.0,1159.0,2681.0,5621.0
22578,60989.0,4670.0,4832.0,19171.0
22579,10469.0,1313.0,1028.0,7812.0
22580,3954.0,944.0,-0.0,6042.0
22581,16973.0,2116.0,3461.0,11997.0
22582,11855.0,1557.0,1582.0,5613.0
22583,5756.0,548.0,2226.0,15831.0
22584,25470.0,2010.0,1874.0,6861.0
22585,5774.0,621.0,2115.0,7932.0
22586,8723.0,1549.0,2502.0,12541.0
22587,4147.0,758.0,1721.0,8236.0
22588,5104.0,457.0,814.0,6055.0
22589,33694.0,4340.0,2234.0,11281.0
22590,14491.0,845.0,3145.0,9034.0
22591,3494.0,294.0,1609.0,8326.0
22592,5927.0,805.0,1869.0,5699.0
22593,19602.0,2165.0,1926.0,7593.0
22594,8590.0,1139.0,3663.0,5354.0
22595,4869.0,1006.0,3183.0,2077.0
22596,5055.0,569.0,1926.0,6026.0
22597,40360.0,2860.0,3294.0,11274.0
22598,3079.0,252.0,329.0,11885.0
22599,3560.0,703.0,2356.0,5395.0
22600,3361.0,425.0,560.0,6897.0
22601,3171.0,301.0,1741.0,6593.0
22602,12659.0,867.0,1792.0,5368.0
22603,22454.0,1121.0,1127.0,1049.0
22604,6603.0,1324.0,2184.0,12865.0
22605,6156.0,648.0,1937.0,6554.0
22606,5939.0,521.0,5067.0,7571.0
22607,7249.0,924.0,1787.0,9826.0
22608,6141.0,762.0,2108.0,7406.0
22609,4722.0,894.0,2319.0,3695.0
22610,3495.0,683.0,-0.0,1313.0
22611,6543.0,704.0,3917.0,15154.0
22612,30811.0,1469.0,1771.0,19185.0
22613,2923.0,596.0,3031.0,3003.0
22614,7945.0,1092.0,1868.0,3045.0
22615,6927.0,853.0,2600.0,-0.0
22616,4423.0,1043.0,1868.0,10930.0
22617,7559.0,1107.0,2725.0,8813.0
22618,80930.0,5133.0,7453.0,9607.0
22619,9309.0,1353.0,1873.0,7308.0
22620,3635.0,459.0,987.0,6114.0
22621,4636.0,765.0,1729.0,7906.0
22622,9291.0,1129.0,118.0,4589.0
22623,2774.0,251.0,953.0,3359.0
22624,4875.0,405.0,3184.0,7358.0
22625,16900.0,1465.0,3950.0,4393.0
22626,3813.0,525.0,3979.0,5964.0
22627,7387.0,546.0,3001.0,6671.0
22628,4326.0,1547.0,3393.0,1302.0
22629,4960.0,1043.0,3183.0,8911.0
22630,7076.0,825.0,2607.0,7392.0
22631,36686.0,3296.0,1889.0,11129.0
22632,7326.0,1246.0,1441.0,8537.0
22633,44581.0,3144.0,2757.0,10111.0
22634,4744.0,1722.0,4258.0,16284.0
22635,22236.0,1238.0,1463.0,3939.0
22636,2932.0,873.0,769.0,2231.0
22637,8848.0,921.0,1988.0,9919.0
22638,9485.0,1063.0,946.0,4378.0
22639,5217.0,646.0,1775.0,6814.0
22640,22876.0,3161.0,5724.0,6643.0
22641,3347.0,294.0,2214.0,6274.0
22642,5476.0,530.0,2373.0,4147.0
22643,3659.0,518.0,207.0,2823.0
22644,7662.0,517.0,2312.0,14848.0
22645,10111.0,1602.0,2348.0,7728.0
22646,2770.0,239.0,1658.0,11443.0
22647,6000.0,3794.0,3454880.0,213746.0
22648,4036.0,1503.0,3048.0,4424.0
22649,13744.0,1578.0,1378.0,5616.0
22650,2495.0,418.0,1106.0,8770.0
22651,5016.0,1086.0,2889.0,4246.0
22652,3962.0,533.0,2032.0,2927.0
22653,21363.0,1983.0,2474.0,8467.0
22654,5329.0,438.0,4321.0,11748.0
22655,4375.0,679.0,1316.0,11414.0
22656,9296.0,1946.0,1836.0,5972.0
22657,93381.0,30984.0,6755.0,125810.0
22658,8416.0,103.0,1439.0,11455.0
22659,14150.0,1541.0,1303.0,4667.0
22660,27354.0,1895.0,5766.0,8180.0
22661,4116.0,523.0,2172.0,2885.0
22662,4847.0,1244.0,4701.0,9635.0
22663,7549.0,696.0,3019.0,6162.0
22664,4709.0,1581.0,1983.0,10560.0
22665,2586.0,165.0,1529.0,6260.0
22666,7666.0,952.0,2189.0,9339.0
22667,3492.0,292.0,-0.0,-0.0
22668,5395.0,463.0,1467.0,6992.0
22669,3261.0,839.0,1374.0,9739.0
22670,21808.0,2457.0,45358.0,35602.0
22671,6462.0,1092.0,2087.0,9616.0
22672,7979.0,518.0,1731.0,6548.0
22673,3205.0,629.0,1015.0,11622.0
22674,3868.0,582.0,2072.0,7905.0
22675,3054.0,463.0,980.0,1824.0
22676,4481.0,629.0,1643.0,4746.0
22677,9326.0,161.0,273.0,5592.0
22678,5738.0,414.0,1376.0,5886.0
22679,4763.0,372.0,1846.0,11787.0
22680,7906.0,607.0,1355.0,7035.0
22681,2599.0,1100.0,3015.0,10571.0
22682,3531.0,121.0,3634.0,13565.0
22683,13706.0,1411.0,4934.0,9810.0
22684,3223.0,630.0,1712.0,5267.0
22685,6178.0,1028.0,2114.0,3680.0
22686,3461.0,551.0,1359.0,612.0
22687,10812.0,554.0,71.0,15139.0
22688,3156.0,531.0,2064.0,4351.0
22689,24998.0,1349.0,1677.0,15400.0
22690,81256.0,7868.0,81080.0,182678.0
22691,3550.0,404.0,240.0,6606.0
22692,4772.0,711.0,1897.0,3552.0
22693,23622.0,1790.0,3762.0,4759.0
22694,6997.0,1504.0,2136.0,9766.0
22695,3940.0,482.0,2254.0,9180.0
22696,34152.0,1779.0,2570.0,9748.0
22697,3749.0,673.0,1437.0,3678.0
22698,6616.0,1074.0,2033.0,3947.0
22699,6920.0,1062.0,1579.0,6350.0
22700,8305.0,610.0,2612.0,8083.0
22701,7878.0,347.0,1624.0,2926.0
22702,11114.0,1198.0,272.0,3126.0
22703,39972.0,2670.0,2368.0,11509.0
22704,5371.0,1196.0,1538.0,5311.0
22705,4818.0,399.0,2877.0,7495.0
22706,3319.0,489.0,3097.0,9096.0
22707,3935.0,829.0,2212.0,3121.0
22708,3677.0,240.0,1068.0,-0.0
22709,9608.0,734.0,1255.0,9822.0
22710,4736.0,2516.0,4903.0,12482.0
22711,2656.0,314.0,4295.0,6086.0
22712,3899.0,246.0,1766.0,12341.0
22713,32139.0,3424.0,5642.0,16643.0
22714,28189.0,3658.0,2757.0,5341.0
22715,5225.0,131.0,1338.0,2925.0
22716,4242.0,831.0,2058.0,9976.0
22717,272953.0,69655.0,1612456.0,743588.0
22718,3648.0,685.0,2938.0,6492.0
22719,5988.0,710.0,4010.0,3116.0
22720,8580.0,966.0,1444.0,7862.0
22721,5073.0,499.0,1084.0,9909.0
22722,47288.0,4800.0,879.0,11664.0
22723,4071.0,361.0,2873.0,19973.0
22724,25042.0,1644.0,1168.0,9602.0
22725,5923.0,1181.0,2365.0,12670.0
22726,14680.0,1424.0,1417.0,5568.0
22727,43193.0,2708.0,1398.0,4900.0
22728,3824.0,1268.0,1382.0,12631.0
22729,42768.0,4463.0,2264.0,8184.0
22730,3610.0,347.0,2368.0,9518.0
22731,10200.0,828.0,1732.0,8779.0
22732,5581.0,46.0,816.0,5741.0
22733,3171.0,533.0,2169.0,13799.0
22734,2519.0,880.0,1769.0,2174.0
22735,10834.0,844.0,1567.0,7372.0
22736,6760.0,855.0,1451.0,11916.0
22737,4675.0,1236.0,602.0,3316.0
22738,13749.0,1563.0,2849.0,8911.0
22739,5011.0,577.0,2119.0,7082.0
22740,4177.0,549.0,1755.0,11325.0
22741,3048.0,674.0,-0.0,701.0
22742,5391.0,453.0,1664.0,18693.0
22743,22200.0,1902.0,2258.0,8323.0
22744,3517.0,444.0,2115.0,11399.0
22745,2968.0,405.0,917.0,9007.0
22746,4311.0,223.0,4028.0,5500.0
22747,12006.0,1225.0,2724.0,8094.0
22748,4342.0,777.0,3121.0,4024.0
22749,4001.0,560.0,3024.0,12168.0
22750,10365.0,617.0,2124.0,8764.0
22751,10464.0,428.0,2714.0,1949.0
22752,3543.0,977.0,3438.0,9880.0
22753,6201.0,1127.0,1301.0,4297.0
22754,7640.0,339.0,401.0,1655.0
22755,30909.0,4731.0,2518.0,16330.0
22756,10931.0,896.0,2994.0,13688.0
22757,3793.0,327.0,3405.0,2996.0
22758,8886.0,1460.0,2515.0,7851.0
22759,6767.0,1196.0,1322.0,1830.0
22760,8742.0,808.0,2760.0,1597.0
22761,4445.0,606.0,877.0,9771.0
22762,12699.0,1655.0,767.0,5458.0
22763,14540.0,861.0,973.0,6086.0
22764,48843.0,4034.0,3552.0,6531.0
22765,2870.0,502.0,-0.0,7595.0
22766,3718.0,308.0,1890.0,8192.0
22767,18933.0,2168.0,2805.0,8380.0
22768,3568.0,790.0,1441.0,6674.0
22769,18080.0,329.0,3404.0,7155.0
22770,4641.0,581.0,2492.0,1116.0
22771,11216.0,722.0,1579.0,7695.0
22772,2658.0,355.0,1972.0,10622.0
22773,4932.0,662.0,502.0,12038.0
22774,25955.0,2186.0,2209.0,7896.0
22775,70748.0,3515.0,2458.0,6014.0
22776,3878.0,26.0,2394.0,7448.0
22777,16086.0,2104.0,1841.0,2168.0
22778,13548.0,1788.0,1594.0,8158.0
22779,3750.0,386.0,2128.0,7085.0
22780,29058.0,1671.0,2157.0,9572.0
22781,3207.0,221.0,1845.0,1384.0
22782,4869.0,187.0,654.0,-0.0
22783,28723.0,2532.0,3014.0,4388.0
22784,5927.0,923.0,1881.0,4402.0
22785,4327.0,868.0,2154.0,8897.0
22786,27795.0,6309.0,6277.0,27375.0
22787,802292.0,159639.0,2759117.0,557516.0
22788,10439.0,865.0,2084.0,5073.0
22789,27302.0,2581.0,3215.0,9776.0
22790,4417.0,760.0,2460.0,3709.0
22791,7326.0,721.0,2273.0,7989.0
22792,5697.0,818.0,1796.0,4711.0
22793,45375.0,3992.0,15575.0,35918.0
22794,16514.0,1484.0,2077.0,9996.0
22795,2658.0,458.0,3734.0,1353.0
22796,2564.0,368.0,378.0,8768.0
22797,3778.0,416.0,1866.0,3800.0
22798,14917.0,1877.0,425.0,2934.0
22799,10096.0,869.0,2196.0,11555.0
22800,42984.0,3639.0,1468.0,10647.0
22801,12077.0,1107.0,1506.0,2494.0
22802,11667.0,806.0,-0.0,6379.0
22803,10760.0,638.0,2398.0,5756.0
22804,5410.0,605.0,-0.0,10658.0
22805,2576.0,251.0,567.0,-0.0
22806,15105.0,2308.0,2379.0,7738.0
22807,6941.0,698.0,266.0,7275.0
22808,5941.0,789.0,2398.0,12149.0
22809,4615.0,371.0,1385.0,3593.0
22810,14338.0,674.0,2237.0,12584.0
22811,5529.0,587.0,1559.0,1508.0
22812,3375.0,829.0,3047.0,6452.0
22813,11007.0,861.0,3310.0,8353.0
22814,2875.0,1071.0,3457.0,9698.0
22815,47238.0,5235.0,2810.0,17485.0
22816,6243.0,875.0,3185.0,2838.0
22817,24897.0,2029.0,1045.0,10104.0
22818,5706.0,1197.0,902.0,4677.0
22819,6443.0,463.0,1198.0,3608.0
22820,27595.0,2870.0,1747.0,12232.0
22821,10793.0,969.0,1758.0,4099.0
22822,19822.0,1908.0,9426.0,13023.0
22823,11332.0,554.0,3394.0,9032.0
22824,20340.0,2219.0,2673.0,8847.0
22825,24691.0,752.0,5497.0,14219.0
22826,26057.0,2577.0,3654.0,10533.0
22827,19813.0,2069.0,3437.0,3136.0
22828,5397.0,707.0,2722.0,3222.0
22829,8971.0,884.0,2526.0,-0.0
22830,10937.0,353.0,3918.0,7542.0
22831,4287.0,1229.0,2234.0,8619.0
22832,4811.0,933.0,2756.0,2174.0
22833,8353.0,740.0,3895.0,9392.0
22834,4540.0,130.0,2410.0,5215.0
22835,9453.0,505.0,3656.0,7664.0
22836,19061.0,2001.0,2375.0,4225.0
22837,2894.0,437.0,641.0,6480.0
22838,6462.0,1031.0,1984.0,1607.0
22839,6069.0,1145.0,1833.0,7700.0
22840,4048.0,112.0,2177.0,2181.0
22841,7951.0,578.0,1085.0,1116.0
22842,5540.0,1258.0,861.0,5161.0
22843,16646.0,2971.0,2217.0,8931.0
22844,9695.0,773.0,2035.0,8751.0
22845,4268.0,455.0,1353.0,15772.0
22846,5723.0,520.0,4214.0,16546.0
22847,4685.0,728.0,375.0,8487.0
22848,6196.0,593.0,2342.0,5196.0
22849,4540.0,764.0,1579.0,10903.0
22850,5842.0,1286.0,1987.0,12734.0
22851,22028.0,3073.0,842.0,10727.0
22852,3276.0,371.0,3578.0,6293.0
22853,3694.0,230.0,1636.0,8195.0
22854,42672.0,3336.0,2645.0,12284.0
22855,3257.0,943.0,522.0,9399.0
22856,10315.0,933.0,1603.0,2661.0
22857,14751.0,2089.0,298.0,5791.0
22858,17929.0,1675.0,3429.0,10779.0
22859,7729.0,205.0,1150.0,4700.0
22860,11439.0,874.0,749.0,6298.0
22861,2705.0,326.0,476.0,15334.0
22862,8171.0,327.0,1603.0,5985.0
22863,59636.0,4138.0,5691.0,28702.0
22864,59674.0,3755.0,1474.0,9693.0
22865,3080.0,448.0,1730.0,6471.0
22866,4321.0,1322.0,1868.0,3673.0
22867,5055.0,643.0,1415.0,10321.0
22868,4061.0,796.0,3586.0,7493.0
22869,15532.0,1245.0,2041.0,3605.0
22870,7477.0,724.0,1760.0,6764.0
22871,2795.0,25.0,597.0,3515.0
22872,6902.0,1306.0,2411.0,7032.0
22873,18339.0,1645.0,3216.0,3739.0
22874,8099.0,1066.0,2323.0,4389.0
22875,36540.0,2151.0,3907.0,16103.0
22876,9927.0,1080.0,827.0,3626.0
22877,11928.0,1639.0,1447.0,1740.0
22878,3660.0,417.0,2078.0,4258.0
22879,4530.0,305.0,1185.0,6902.0
22880,21881.0,1218.0,1740.0,7575.0
22881,9266.0,874.0,2852.0,6504.0
22882,11101.0,440.0,1390.0,2435.0
22883,4810.0,372.0,32.0,10686.0
22884,4153.0,763.0,2442.0,9603.0
22885,5030.0,831.0,3158.0,6951.0
22886,2971.0,88.0,2013.0,10399.0
22887,18954.0,1723.0,3292.0,8882.0
22888,3949.0,1062.0,1695.0,9547.0
22889,5575.0,528.0,1971.0,4663.0
22890,20623.0,2147.0,2269.0,7659.0
22891,6292.0,688.0,219.0,184.0
22892,8462.0,346.0,844.0,6972.0
22893,3829.0,1089.0,1553.0,6820.0
22894,4380.0,62.0,3474.0,9923.0
22895,14865.0,1798.0,8848.0,51248.0
22896,7896.0,824.0,1787.0,5591.0
22897,26725.0,1742.0,3420.0,8988.0
22898,26532.0,1976.0,2268.0,7181.0
22899,3649.0,608.0,3261.0,8077.0
22900,3000.0,652.0,450.0,3105.0
22901,3008.0,1174.0,2350.0,12331.0
22902,29779.0,1742.0,5248.0,11012.0
22903,19466.0,1798.0,2144.0,10944.0
22904,2688.0,572.0,1128.0,5319.0
22905,6844.0,627.0,1772.0,1955.0
22906,25290.0,1499.0,1470.0,8337.0
22907,9138.0,940.0,2599.0,8786.0
22908,3061.0,442.0,1513.0,7774.0
22909,4546.0,522.0,1410.0,11800.0
22910,3417.0,601.0,2702.0,11102.0
22911,4537.0,181.0,1401.0,6268.0
22912,11772.0,2048.0,1789.0,12992.0
22913,19821.0,1216.0,9034.0,3165.0
22914,20108.0,2261.0,1341.0,3117.0
22915,2650.0,181.0,978.0,12070.0
22916,19428.0,1363.0,1691.0,7837.0
22917,7573.0,839.0,3475.0,11502.0
22918,6955.0,946.0,1111.0,10287.0
22919,9821.0,1396.0,2257.0,14305.0
22920,5591.0,1043.0,833.0,6694.0
22921,3705.0,589.0,-0.0,4329.0
22922,4641.0,375.0,2790.0,2846.0
22923,7329.0,1079.0,2836.0,9419.0
22924,4713.0,862.0,907.0,7751.0
22925,8012.0,451.0,2184.0,8405.0
22926,4093.0,907.0,841.0,11806.0
22927,3237.0,643.0,974.0,9604.0
22928,27588.0,3045.0,1864.0,6979.0
22929,16220.0,1007.0,1579.0,9837.0
22930,2621.0,237.0,1353.0,9591.0
22931,10908.0,582.0,1957.0,6485.0
22932,17739.0,921.0,3173.0,8643.0
22933,6437.0,571.0,2227.0,8255.0
22934,5726.0,1282.0,1911.0,3493.0
22935,21104.0,2873.0,5878.0,8978.0
22936,5805.0,985.0,22.0,5976.0
22937,4664.0,504.0,690.0,486.0
22938,6364.0,422.0,3307.0,10228.0
22939,5608.0,1188.0,2030.0,3460.0
22940,2862.0,71.0,847.0,7799.0
22941,5312.0,506.0,2990.0,7214.0
22942,4069.0,720.0,1596.0,16324.0
22943,23370.0,1616.0,2507.0,3190.0
22944,4984.0,1276.0,1993.0,4588.0
22945,6473.0,1155.0,3637.0,8866.0
22946,9325.0,932.0,4874.0,7805.0
22947,3037.0,631.0,2160.0,7823.0
22948,15842.0,1378.0,1310.0,11166.0
22949,5432.0,1005.0,771.0,5822.0
22950,4135.0,442.0,1458.0,6096.0
22951,2985.0,170.0,857.0,7763.0
22952,13320.0,1388.0,265.0,5837.0
22953,3420.0,1236.0,4181.0,9500.0
22954,4252.0,1143.0,-0.0,6378.0
22955,19076.0,2092.0,1806.0,12554.0
22956,5034.0,540.0,2544.0,3079.0
22957,38933.0,3381.0,2917.0,3439.0
22958,5661.0,293.0,873.0,4989.0
22959,9034.0,1546.0,2466.0,8282.0
22960,9640.0,1697.0,1177.0,3217.0
22961,8763.0,787.0,2477.0,10726.0
22962,6754.0,481.0,2938.0,4630.0
22963,18886.0,1591.0,2629.0,8670.0
22964,2817.0,101.0,2664.0,19101.0
22965,3130.0,231.0,2651.0,10304.0
22966,6930.0,354.0,1296.0,16757.0
22967,9326.0,1452.0,907.0,3543.0
22968,6372.0,414.0,2664.0,7164.0
22969,6834.0,978.0,1185.0,8763.0
22970,15161.0,3111.0,2451.0,7492.0
22971,4448.0,403.0,766.0,8956.0
22972,13099.0,1506.0,1060.0,12470.0
22973,14354.0,1142.0,1990.0,6916.0
22974,10714.0,1210.0,1778.0,11371.0
22975,12371.0,595.0,494.0,3690.0
22976,5585.0,1005.0,-0.0,-0.0
22977,7131.0,1091.0,3088.0,5397.0
22978,4686.0,474.0,2154.0,10705.0
22979,5987.0,844.0,1449.0,6364.0
22980,18334.0,1131.0,903.0,9592.0
22981,10553.0,1267.0,2385.0,5215.0
22982,4806.0,503.0,1505.0,16534.0
22983,12848.0,1790.0,658.0,8898.0
22984,3278.0,1372.0,1768.0,2123.0
22985,6451.0,667.0,2098.0,7153.0
22986,12763.0,885.0,2873.0,5639.0
22987,5903.0,690.0,3892.0,8039.0
22988,6912.0,118.0,2962.0,8138.0
22989,5233.0,731.0,2316.0,6749.0
22990,46377.0,3252.0,1343.0,8267.0
22991,3595.0,281.0,444.0,3612.0
22992,4041.0,750.0,2591.0,5119.0
22993,4830.0,429.0,1445.0,3402.0
22994,3622.0,485.0,2208.0,1415.0
22995,6704.0,894.0,2371.0,4201.0
22996,5293.0,362.0,1685.0,6641.0
22997,18712.0,1595.0,1815.0,6384.0
22998,6866.0,740.0,3516.0,5776.0
22999,8871.0,897.0,2165.0,11009.0
23000,4811.0,574.0,1719.0,5302.0
23001,9258.0,1107.0,1878.0,9074.0
23002,3400.0,647.0,1247.0,1552.0
23003,12893.0,2075.0,3265.0,11595.0
23004,13341.0,1055.0,2578.0,2479.0
23005,5398.0,1035.0,2404.0,19989.0
23006,2908.0,627.0,1935.0,9274.0
23007,4777.0,614.0,401.0,7672.0
23008,13788.0,1153.0,2917.0,7915.0
23009,3268.0,219.0,1236.0,8750.0
23010,7686.0,1207.0,2088.0,7957.0
23011,27125.0,2324.0,2753.0,6896.0
23012,28372.0,3074.0,2177.0,11968.0
23013,2649.0,424.0,2046.0,8350.0
23014,3552.0,477.0,3179.0,8909.0
23015,5858.0,494.0,2310.0,7499.0
23016,21663.0,1431.0,1433.0,3691.0
23017,7975.0,661.0,709.0,7817.0
23018,7208.0,440.0,2160.0,7217.0
23019,4319.0,606.0,1382.0,5339.0
23020,12473.0,563.0,2175.0,2785.0
23021,2948.0,538.0,1202.0,7002.0
23022,3321.0,948.0,3000.0,8266.0
23023,6595.0,458.0,2271.0,12804.0
23024,11165.0,775.0,2026.0,10068.0
23025,2705.0,432.0,1533.0,12731.0
23026,22812.0,1839.0,1844.0,3870.0
23027,5492.0,1138.0,1325.0,5388.0
23028,10695.0,1443.0,646.0,6081.0
23029,5668.0,812.0,1906.0,9326.0
23030,26696.0,2616.0,544.0,3406.0
23031,3303.0,924.0,1228.0,3467.0
23032,5273.0,853.0,2830.0,7962.0
23033,13183.0,1183.0,1435.0,12667.0
23034,3419.0,218.0,1656.0,12218.0
23035,12836.0,1479.0,2238.0,6898.0
23036,38481.0,3680.0,1233.0,2714.0
23037,4215.0,481.0,4215.0,12465.0
23038,13976.0,760.0,3134.0,3218.0
23039,3497.0,2125.0,1821.0,8780.0
23040,3754.0,746.0,2085.0,12509.0
23041,3574.0,977.0,762.0,6306.0
23042,29552.0,2602.0,3635.0,17259.0
23043,6307.0,944.0,2653.0,6259.0
23044,4634.0,777.0,1314.0,12692.0
23045,21934.0,1208.0,4317.0,6235.0
23046,18068.0,1213.0,2809.0,8035.0
23047,3841.0,588.0,2250.0,12481.0
23048,4782.0,652.0,1858.0,7386.0
23049,224777.0,61051.0,236023.0,382189.0
23050,4654.0,868.0,514.0,6930.0
23051,4594.0,468.0,1552.0,2003.0
23052,2727.0,701.0,3503.0,8473.0
23053,93499.0,7819.0,69703.0,231147.0
23054,16495.0,1721.0,1415.0,4023.0
23055,3470.0,357.0,989.0,12361.0
23056,3871.0,528.0,1351.0,9409.0
23057,9087.0,764.0,2170.0,6507.0
23058,22650.0,2225.0,1779.0,10258.0
23059,9084.0,1008.0,114.0,7024.0
23060,7272.0,1253.0,979.0,3576.0
23061,15221.0,814.0,1344.0,10984.0
23062,7299.0,928.0,257.0,9913.0
23063,3189.0,794.0,904.0,12833.0
23064,8157.0,1010.0,2077.0,6720.0
23065,4614.0,236.0,2006.0,13627.0
23066,12312.0,2193.0,1912.0,12072.0
23067,52009.0,6921.0,11252.0,21859.0
23068,3768.0,536.0,1714.0,9561.0
23069,7583.0,640.0,5210.0,5769.0
23070,31610.0,3957.0,3202.0,5715.0
23071,5025.0,1320.0,1358.0,4771.0
23072,2865.0,539.0,833.0,5090.0
23073,5653.0,914.0,-0.0,1662.0
23074,6097.0,525.0,1707.0,6366.0
23075,7466.0,958.0,1657.0,2836.0
23076,29246.0,2066.0,2104.0,8375.0
23077,8090.0,732.0,1851.0,5496.0
23078,12796.0,2157.0,1534.0,11262.0
23079,5396.0,1054.0,2740.0,2990.0
23080,3230.0,1367.0,840.0,5690.0
23081,27079.0,4900.0,8949.0,14329.0
23082,13131.0,1394.0,2958.0,7129.0
23083,4268.0,886.0,1053.0,2697.0
23084,49437.0,6442.0,20520.0,16447.0
23085,8761.0,603.0,2230.0,9260.0
23086,13840.0,1253.0,1070.0,13672.0
23087,15718.0,1367.0,2348.0,12769.0
23088,12291.0,2193.0,1653.0,11742.0
23089,4044.0,887.0,1725.0,8084.0
23090,2538.0,996.0,3074.0,8982.0
23091,46219.0,8400.0,15876.0,53097.0
23092,17111.0,1786.0,1948.0,10687.0
23093,4090.0,601.0,795.0,4278.0
23094,7245.0,458.0,-0.0,6765.0
23095,13011.0,1018.0,2300.0,5112.0
23096,9555.0,615.0,469.0,1086.0
23097,3414.0,686.0,712.0,6932.0
23098,6178.0,1137.0,2574.0,11646.0
23099,2744.0,101.0,2489.0,11151.0
23100,6337.0,1236.0,2072.0,9698.0
23101,41826.0,2659.0,3809.0,6162.0
23102,41172.0,5809.0,5033.0,10281.0
23103,37095.0,2632.0,1689.0,7896.0
23104,27633.0,3579.0,24980.0,68008.0
23105,4470.0,136.0,1521.0,5395.0
23106,4275.0,512.0,2754.0,8323.0
23107,13608.0,726.0,944.0,3331.0
23108,6981.0,924.0,2946.0,8248.0
23109,8142.0,1173.0,2780.0,249.0
23110,5072.0,841.0,1099.0,2481.0
23111,4319.0,265.0,895.0,3052.0
23112,2923.0,821.0,1444.0,6716.0
23113,3961.0,1103.0,1381.0,2080.0
23114,33744.0,1735.0,1105.0,14215.0
23115,5817.0,896.0,1942.0,4199.0
23116,7708.0,782.0,1783.0,6955.0
23117,5710.0,443.0,1866.0,8123.0
23118,36863.0,2003.0,3453.0,8385.0
23119,3761.0,295.0,1483.0,3467.0
23120,2923.0,759.0,1013.0,5331.0
23121,11388.0,781.0,961.0,11536.0
23122,4227.0,245.0,1538.0,18676.0
23123,4990.0,408.0,5372.0,4624.0
23124,2520.0,27.0,1545.0,7853.0
23125,3502.0,446.0,249.0,10343.0
23126,7087.0,597.0,3109.0,6488.0
23127,12012.0,934.0,2200.0,10486.0
23128,6286.0,349.0,1784.0,5420.0
23129,11733.0,1276.0,1978.0,6123.0
23130,13292.0,775.0,1429.0,9617.0
23131,2705.0,564.0,2226.0,8462.0
23132,5546.0,875.0,3002.0,10781.0
23133,7822.0,1057.0,2412.0,5620.0
23134,5998.0,515.0,1326.0,13616.0
23135,7194.0,1655.0,2843.0,4188.0
23136,3556.0,502.0,2651.0,2383.0
23137,46641.0,3801.0,3355.0,12898.0
23138,3755.0,255.0,2354.0,2240.0
23139,26653.0,3290.0,1347.0,6912.0
23140,2731.0,560.0,3837.0,5781.0
23141,16300.0,1836.0,2909.0,9916.0
23142,5037.0,699.0,1957.0,6382.0
23143,2567.0,132.0,1065.0,8799.0
23144,31970.0,4080.0,8440.0,7074.0
23145,4879.0,223.0,2747.0,5679.0
23146,3835.0,189.0,1794.0,10184.0
23147,2794.0,274.0,1633.0,10700.0
23148,4889.0,745.0,1691.0,2312.0
23149,12715.0,1092.0,105.0,5946.0
23150,214020.0,40646.0,754265.0,277718.0
23151,4864.0,765.0,1751.0,9606.0
23152,31097.0,2718.0,887.0,8037.0
23153,18906.0,2759.0,3540.0,12545.0
23154,4677.0,411.0,2530.0,3789.0
23155,6424.0,1364.0,1030.0,5190.0
23156,4118.0,641.0,-0.0,10027.0
23157,12903.0,3869.0,4402.0,6872.0
23158,29110.0,2557.0,2782.0,11362.0
23159,3311.0,1313.0,472.0,5910.0
23160,7380.0,1105.0,3116.0,10345.0
23161,24426.0,1524.0,1196.0,9065.0
23162,5074.0,742.0,2690.0,7844.0
23163,4828.0,568.0,1327.0,7854.0
23164,35224.0,2017.0,2154.0,11627.0
23165,5794.0,737.0,2488.0,4194.0
23166,4110.0,735.0,1830.0,10444.0
23167,14599.0,833.0,2466.0,5445.0
23168,22875.0,1915.0,4135.0,11063.0
23169,6708.0,941.0,1973.0,4507.0
23170,4492.0,560.0,300.0,4035.0
23171,9999.0,151.0,1270.0,1456.0
23172,3284.0,807.0,1193.0,3773.0
23173,27746.0,5911.0,3604.0,12502.0
23174,55004.0,5739.0,57249.0,118979.0
23175,2495.0,610.0,2983.0,12646.0
23176,4603.0,351.0,831.0,4583.0
23177,3510.0,850.0,1396.0,13420.0
23178,39699.0,4037.0,2534.0,10350.0
23179,3971.0,873.0,2705.0,6998.0
23180,7114.0,636.0,1015.0,5882.0
23181,5436.0,1166.0,2067.0,2623.0
23182,8251.0,754.0,973.0,10044.0
23183,8084.0,1482.0,1671.0,8471.0
23184,3809.0,224.0,3245.0,8950.0
23185,3662.0,160.0,-0.0,6506.0
23186,4466.0,948.0,2528.0,3041.0
23187,3433.0,630.0,3056.0,6692.0
23188,11427.0,1028.0,639.0,6774.0
23189,12110.0,620.0,1530.0,8284.0
23190,4085.0,153.0,658.0,8935.0
23191,30421.0,1708.0,3244.0,8769.0
23192,5726.0,223.0,3071.0,13885.0
23193,2984.0,472.0,1608.0,7189.0
23194,3490.0,300.0,2908.0,10496.0
23195,22772.0,1438.0,3218.0,16406.0
23196,26381.0,2272.0,1519.0,9157.0
23197,3332.0,457.0,2171.0,-0.0
23198,27946.0,2260.0,1460.0,11966.0
23199,5633.0,210.0,2421.0,10127.0
23200,3534.0,701.0,616.0,4147.0
23201,3929.0,855.0,260.0,12044.0
23202,3517.0,852.0,1599.0,5201.0
23203,5674.0,1091.0,3026.0,10210.0
23204,123244.0,45224.0,925804.0,432059.0
23205,29838.0,719.0,3073.0,8580.0
23206,33320.0,3307.0,6432.0,14783.0
23207,11193.0,1043.0,910.0,2851.0
23208,7538.0,1247.0,1102.0,6612.0
23209,9553.0,1071.0,1400.0,8317.0
23210,3919.0,527.0,1505.0,5944.0
23211,4589.0,724.0,2868.0,5504.0
23212,13781.0,4551.0,22688.0,33890.0
23213,6581.0,864.0,1162.0,7309.0
23214,4709.0,697.0,2175.0,10733.0
23215,16550.0,1809.0,3724.0,12406.0
23216,4926.0,423.0,2189.0,9365.0
23217,3309.0,289.0,1816.0,4315.0
23218,18067.0,1473.0,1679.0,13636.0
23219,3246.0,647.0,1679.0,9637.0
23220,32906.0,1965.0,1472.0,8539.0
23221,9379.0,767.0,2187.0,3356.0
23222,4341.0,839.0,1707.0,8287.0
23223,10339.0,2185.0,2516.0,16050.0
23224,7990.0,1464.0,2717.0,9845.0
23225,11086.0,1144.0,1719.0,7145.0
23226,40773.0,2625.0,2385.0,12040.0
23227,11690.0,2525.0,3622.0,9019.0
23228,5157.0,545.0,2700.0,14634.0
23229,6789.0,384.0,1337.0,9027.0
23230,27372.0,4106.0,4523.0,8107.0
23231,5803.0,217.0,1368.0,4139.0
23232,9843.0,815.0,521.0,8307.0
23233,21356.0,2075.0,2641.0,13971.0
23234,11069.0,390.0,3434.0,8339.0
23235,4575.0,1162.0,3062.0,7799.0
23236,4662.0,532.0,502.0,6534.0
23237,9490.0,1647.0,1593.0,5149.0
23238,4188.0,1210.0,2009.0,10331.0
23239,5825.0,631.0,540.0,7402.0
23240,25817.0,1285.0,3642.0,10043.0
23241,19543.0,1772.0,2422.0,3390.0
23242,5258.0,444.0,2365.0,8441.0
23243,15304.0,1699.0,1532.0,11829.0
23244,2946.0,377.0,2372.0,4042.0
23245,2827.0,561.0,4170.0,13931.0
23246,3995.0,32.0,940.0,10214.0
23247,22730.0,767.0,1042.0,8044.0
23248,9593.0,1810.0,2013.0,-0.0
23249,15501.0,1555.0,1595.0,11649.0
23250,2983.0,506.0,927.0,10489.0
23251,6601.0,457.0,838.0,4562.0
23252,101563.0,9927.0,18028.0,44445.0
23253,9211.0,822.0,1889.0,7793.0
23254,6723.0,634.0,2225.0,8246.0
23255,5084.0,895.0,1175.0,7627.0
23256,5155.0,963.0,1739.0,9456.0
23257,4496.0,548.0,2055.0,689.0
23258,4177.0,361.0,512.0,3120.0
23259,5631.0,1391.0,1882.0,3820.0
23260,10841.0,340.0,1968.0,252.0
23261,2486.0,396.0,605.0,10112.0
23262,4507.0,140.0,1737.0,7843.0
23263,28199.0,1996.0,5293.0,3108.0
23264,3942.0,675.0,1760.0,9603.0
23265,7532.0,1014.0,868.0,7636.0
23266,11323.0,468.0,1980.0,7963.0
23267,2937.0,839.0,3233.0,10064.0
23268,6049.0,261.0,2349.0,3141.0
23269,21541.0,1478.0,1161.0,15092.0
23270,9096.0,2700.0,3340.0,10847.0
23271,2848.0,215.0,1032.0,5494.0
23272,5380.0,944.0,3708.0,10633.0
23273,3587.0,335.0,2267.0,8380.0
23274,2835.0,302.0,2017.0,7915.0
23275,3512.0,162.0,1135.0,13550.0
23276,9720.0,641.0,1786.0,4792.0
23277,9026.0,1090.0,1998.0,10889.0
23278,3235.0,717.0,142.0,10678.0
23279,2844.0,544.0,2101.0,4590.0
23280,4645.0,1395.0,3332.0,6587.0
23281,11529.0,952.0,3036.0,8339.0
23282,23499.0,2216.0,919.0,7911.0
23283,4139.0,1466.0,1900.0,9301.0
23284,5012.0,282.0,503.0,6070.0
23285,2818.0,282.0,2802.0,7269.0
23286,21326.0,3613.0,4057.0,22995.0
23287,5226.0,520.0,1436.0,9138.0
23288,48645.0,3011.0,4314.0,13008.0
23289,6355.0,712.0,2629.0,9625.0
23290,10637.0,1543.0,1755.0,4899.0
23291,7873.0,1191.0,1388.0,4278.0
23292,2889.0,282.0,1213.0,5763.0
23293,11742.0,944.0,1494.0,5845.0
23294,26051.0,14852.0,377000.0,437085.0
23295,6038.0,976.0,981.0,2630.0
23296,7301.0,467.0,2348.0,1617.0
23297,6411.0,794.0,4538.0,8196.0
23298,22690.0,1164.0,2017.0,4141.0
23299,4976.0,479.0,1413.0,6028.0
23300,32613.0,2976.0,2381.0,8986.0
23301,2881.0,1281.0,618.0,213.0
23302,5911.0,652.0,532.0,6769.0
23303,4518.0,667.0,1294.0,4701.0
23304,7937.0,585.0,1423.0,15748.0
23305,8403.0,698.0,1239.0,6844.0
23306,34951.0,2277.0,2471.0,13338.0
23307,9911.0,1209.0,1740.0,13073.0
23308,7575.0,1478.0,1298.0,13982.0
23309,7039.0,826.0,2447.0,7859.0
23310,3831.0,145.0,2503.0,6788.0
23311,12860.0,588.0,3073.0,3389.0
23312,14394.0,549.0,1058.0,6760.0
23313,4557.0,720.0,2254.0,8879.0
23314,7288.0,428.0,1763.0,2388.0
23315,2489.0,860.0,1360.0,9448.0
23316,35869.0,7414.0,11954.0,19765.0
23317,4984.0,673.0,1666.0,11421.0
23318,2812.0,553.0,3450.0,2784.0
23319,26798.0,2100.0,3465.0,7337.0
23320,4039.0,293.0,804.0,14339.0
23321,3191.0,1058.0,2133.0,9418.0
23322,3765.0,531.0,2234.0,11757.0
23323,5018.0,667.0,1616.0,6708.0
23324,2629.0,517.0,2211.0,1189.0
23325,9600.0,869.0,2911.0,5270.0
23326,5406.0,158.0,1568.0,5673.0
23327,6287.0,448.0,1901.0,11401.0
23328,4742.0,641.0,1149.0,6621.0
23329,5437.0,783.0,1922.0,11124.0
23330,3815.0,561.0,2407.0,5786.0
23331,17878.0,691.0,1866.0,6508.0
23332,24578.0,2014.0,2285.0,11503.0
23333,18798.0,2108.0,3290.0,3020.0
23334,7418.0,710.0,699.0,11149.0
23335,4179.0,484.0,1275.0,4227.0
23336,20386.0,2074.0,3558.0,8031.0
23337,7973.0,659.0,2530.0,7657.0
23338,2625.0,756.0,2013.0,9919.0
23339,2632.0,462.0,342.0,586.0
23340,17003.0,1586.0,1763.0,2503.0
23341,2814.0,884.0,696.0,9896.0
23342,2706.0,258.0,1204.0,9258.0
23343,4766.0,685.0,2525.0,8531.0
23344,11972.0,1077.0,1999.0,6538.0
23345,4344.0,1484.0,416.0,1025.0
23346,2459.0,506.0,544.0,5891.0
23347,5804.0,778.0,870.0,5045.0
23348,46994.0,3338.0,8314.0,7577.0
23349,4543.0,857.0,1552.0,4540.0
23350,8915.0,526.0,3944.0,7939.0
23351,28957.0,2388.0,2583.0,6483.0
23352,2524.0,440.0,2245.0,8994.0
23353,14881.0,1517.0,2224.0,16048.0
23354,2605.0,817.0,620.0,6030.0
23355,2543.0,96.0,870.0,9885.0
23356,17684.0,675.0,1752.0,4171.0
23357,32970.0,2132.0,1433.0,14116.0
23358,14601.0,1879.0,302.0,5818.0
23359,15943.0,545.0,2931.0,2834.0
23360,4173.0,1087.0,1620.0,15347.0
23361,4796.0,489.0,2870.0,6659.0
23362,97279.0,17110.0,68771.0,69684.0
23363,7707.0,994.0,3095.0,13212.0
23364,19686.0,1224.0,1739.0,8423.0
23365,63349.0,2963.0,3099.0,14615.0
23366,12592.0,1064.0,1766.0,4368.0
23367,12397.0,724.0,2138.0,5356.0
23368,13066.0,1797.0,1808.0,7566.0
23369,33393.0,2100.0,1375.0,10596.0
23370,2683.0,184.0,4867.0,9583.0
23371,2746.0,86.0,152.0,7684.0
23372,10691.0,727.0,2618.0,3494.0
23373,9025.0,394.0,1833.0,10535.0
23374,48618.0,3391.0,1564.0,5441.0
23375,3403.0,126.0,2372.0,16984.0
23376,13696.0,1542.0,516.0,2097.0
23377,11397.0,1934.0,1962.0,11056.0
23378,5359.0,1342.0,2608.0,6374.0
23379,5162.0,511.0,1697.0,14518.0
23380,78090.0,10933.0,50931.0,104893.0
23381,3120.0,476.0,1570.0,6399.0
23382,3301.0,99.0,8083.0,9777.0
23383,4846.0,323.0,2343.0,6412.0
23384,4589.0,948.0,513.0,10774.0
23385,23370.0,1728.0,1951.0,10522.0
23386,8735.0,402.0,3128.0,5458.0
23387,3553.0,588.0,1257.0,767.0
23388,33832.0,3227.0,3783.0,11172.0
23389,20060.0,1869.0,2702.0,9654.0
23390,10169.0,373.0,2086.0,7221.0
23391,3180.0,643.0,759.0,552.0
23392,4001.0,456.0,2362.0,17151.0
23393,5979.0,1307.0,2229.0,9174.0
23394,2867.0,641.0,1804.0,6715.0
23395,8352.0,931.0,994.0,10992.0
23396,30975.0,3180.0,1503.0,-0.0
23397,3128.0,230.0,666.0,6947.0
23398,41575.0,3202.0,7989.0,18729.0
23399,4631.0,325.0,2003.0,3735.0
23400,16372.0,1489.0,2027.0,9998.0
23401,4460.0,869.0,3090.0,8448.0
23402,23913.0,2212.0,1741.0,8112.0
23403,3712.0,645.0,569.0,12756.0
23404,26642.0,1351.0,1603.0,12106.0
23405,3316.0,413.0,132.0,4211.0
23406,3110.0,835.0,1780.0,1570.0
23407,5195.0,369.0,1265.0,1769.0
23408,3260.0,180.0,1960.0,5995.0
23409,26626.0,269.0,2589.0,7767.0
23410,41198.0,13679.0,4807.0,22902.0
23411,6788.0,1146.0,1701.0,7219.0
23412,3431.0,948.0,1998.0,7259.0
23413,6514.0,537.0,1828.0,11317.0
23414,8102.0,480.0,2254.0,3211.0
23415,4895.0,889.0,1756.0,8841.0
23416,3944.0,1166.0,1556.0,6115.0
23417,3301.0,695.0,384.0,11956.0
23418,13658.0,1449.0,-0.0,5193.0
23419,34198.0,3361.0,2066.0,9502.0
23420,5799.0,574.0,2982.0,8336.0
23421,8546.0,630.0,1993.0,7141.0
23422,39891.0,1620.0,3561.0,8345.0
23423,2860.0,999.0,1555.0,4357.0
23424,7324.0,1568.0,4251.0,8774.0
23425,13440.0,1461.0,3824.0,9252.0
23426,9941.0,825.0,2086.0,14291.0
23427,21812.0,3719.0,63232.0,143072.0
23428,3320.0,1172.0,1621.0,4377.0
23429,27177.0,1156.0,2467.0,5198.0
23430,5957.0,1187.0,2691.0,17795.0
23431,2494.0,463.0,2211.0,12120.0
23432,4592.0,971.0,1302.0,447.0
23433,7306.0,749.0,2966.0,6619.0
23434,23754.0,1457.0,2435.0,14933.0
23435,3277.0,557.0,50.0,11154.0
23436,31386.0,2553.0,624.0,14214.0
23437,11134.0,830.0,1635.0,10779.0
23438,5196.0,905.0,3024.0,4832.0
23439,7207.0,521.0,1392.0,7520.0
23440,18918.0,1644.0,2428.0,6714.0
23441,4512.0,114.0,2226.0,4835.0
23442,4526.0,794.0,2530.0,7827.0
23443,21807.0,1613.0,3697.0,8792.0
23444,9642.0,767.0,389.0,10622.0
23445,5401.0,532.0,1972.0,8900.0
23446,7934.0,831.0,577.0,5427.0
23447,7771.0,978.0,2607.0,9931.0
23448,6110.0,778.0,1792.0,3432.0
23449,4121.0,791.0,1481.0,10196.0
23450,5530.0,446.0,1615.0,13089.0
23451,9949.0,884.0,728.0,7147.0
23452,4113.0,616.0,2543.0,4243.0
23453,3884.0,772.0,510.0,4512.0
23454,5548.0,2113.0,3255.0,10301.0
23455,39567.0,3531.0,2258.0,12018.0
23456,3448.0,656.0,3482.0,13677.0
23457,11416.0,951.0,2154.0,4944.0
23458,6334.0,1293.0,1186.0,16718.0
23459,3819.0,727.0,707.0,13379.0
23460,9703.0,1104.0,2909.0,11545.0
23461,3854.0,327.0,1558.0,7247.0
23462,8957.0,1184.0,1455.0,5083.0
23463,48627.0,7565.0,22863.0,58043.0
23464,10714.0,957.0,2198.0,5278.0
23465,4374.0,199.0,3426.0,2913.0
23466,5192.0,1301.0,1101.0,14340.0
23467,19753.0,1439.0,2188.0,10046.0
23468,3336.0,680.0,2942.0,10751.0
23469,36323.0,1713.0,2170.0,4789.0
23470,25602.0,1631.0,1131.0,1537.0
23471,23074.0,1274.0,1448.0,12904.0
23472,13449.0,629.0,1987.0,6860.0
23473,3999.0,472.0,1255.0,4595.0
23474,8536.0,293.0,1134.0,10727.0
23475,20608.0,1791.0,1632.0,12024.0
23476,6233.0,1214.0,3530.0,5317.0
23477,4907.0,562.0,1992.0,11195.0
23478,31872.0,1583.0,2091.0,6084.0
23479,40998.0,6237.0,6447.0,13737.0
23480,3089.0,1128.0,1148.0,-0.0
23481,8108.0,1164.0,1728.0,9666.0
23482,8654.0,584.0,2177.0,4419.0
23483,3386.0,608.0,1525.0,6663.0
23484,5590.0,555.0,1481.0,6188.0
23485,3269.0,854.0,2045.0,11867.0
23486,16436.0,805.0,3032.0,8934.0
23487,4765.0,572.0,4283.0,5188.0
23488,5246.0,604.0,2032.0,11196.0
23489,6589.0,1656.0,1541.0,3200.0
23490,3843.0,715.0,122.0,3328.0
23491,3227.0,628.0,1339.0,7071.0
23492,4282.0,553.0,2732.0,17206.0
23493,15374.0,1712.0,3038.0,4210.0
23494,6974.0,639.0,715.0,1608.0
23495,32918.0,2899.0,3320.0,3663.0
23496,41566.0,5790.0,4685.0,39020.0
23497,7203.0,754.0,2016.0,10151.0
23498,3601.0,333.0,3787.0,7685.0
23499,32667.0,3139.0,2875.0,12931.0
23500,4501.0,838.0,4652.0,13461.0
23501,4162.0,486.0,2440.0,9018.0
23502,5504.0,788.0,510.0,6791.0
23503,3730.0,194.0,674.0,8551.0
23504,6580.0,572.0,536.0,848.0
23505,22562.0,1831.0,1074.0,6705.0
23506,11388.0,1462.0,1833.0,9378.0
23507,2846.0,685.0,878.0,6582.0
23508,19081.0,1495.0,765.0,6339.0
23509,3366.0,774.0,2335.0,3328.0
23510,7935.0,608.0,3125.0,365.0
23511,6028.0,514.0,1273.0,2743.0
23512,3124.0,586.0,3001.0,2398.0
23513,15294.0,2021.0,2096.0,6905.0
23514,22460.0,3776.0,1837.0,6853.0
23515,23405.0,5080.0,15548.0,40728.0
23516,42277.0,4202.0,2550.0,10131.0
23517,3472.0,501.0,1815.0,5136.0
23518,5539.0,557.0,3414.0,7449.0
23519,7560.0,1177.0,1007.0,6366.0
23520,3904.0,708.0,170.0,7869.0
23521,22838.0,1148.0,2615.0,14997.0
23522,5674.0,273.0,1057.0,5847.0
23523,25053.0,2053.0,2394.0,8672.0
23524,10528.0,1755.0,1619.0,3790.0
23525,31369.0,1200.0,1238.0,13691.0
23526,4664.0,508.0,1035.0,12872.0
23527,5591.0,661.0,1957.0,7464.0
23528,9234.0,642.0,884.0,5466.0
23529,3150.0,233.0,476.0,6274.0
23530,4928.0,323.0,1257.0,10160.0
23531,12306.0,1597.0,1672.0,6463.0
23532,102877.0,28620.0,860612.0,883577.0
23533,9848.0,903.0,4259.0,1261.0
23534,12334.0,1141.0,1542.0,6533.0
23535,9304.0,1553.0,2819.0,15021.0
23536,2462.0,324.0,818.0,6062.0
23537,15133.0,1711.0,1535.0,4334.0
23538,7069.0,429.0,2160.0,6334.0
23539,4016.0,810.0,1898.0,4699.0
23540,4736.0,1080.0,1605.0,9906.0
23541,18638.0,1160.0,2284.0,13637.0
23542,2844.0,378.0,1681.0,10732.0
23543,26464.0,2046.0,2545.0,5250.0
23544,4976.0,586.0,3592.0,5118.0
23545,4041.0,302.0,2615.0,4310.0
23546,10112.0,1417.0,3397.0,8771.0
23547,8500.0,804.0,1526.0,3811.0
23548,4013.0,634.0,2079.0,4893.0
23549,5224.0,861.0,3483.0,19601.0
23550,2648.0,239.0,1929.0,8106.0
23551,6769.0,1453.0,2249.0,1442.0
23552,8824.0,691.0,2393.0,2171.0
23553,11527.0,1821.0,3579.0,8254.0
23554,28944.0,1776.0,3089.0,8313.0
23555,4559.0,925.0,1049.0,6616.0
23556,5718.0,1378.0,3216.0,6045.0
23557,6460.0,976.0,2509.0,3738.0
23558,4476.0,515.0,1717.0,8976.0
23559,12234.0,1930.0,2058.0,10913.0
23560,2594.0,582.0,3016.0,6587.0
23561,4362.0,313.0,2609.0,3242.0
23562,9797.0,1048.0,1008.0,7993.0
23563,2589.0,596.0,1930.0,5239.0
23564,3550.0,217.0,2760.0,11373.0
23565,3973.0,639.0,858.0,3048.0
23566,7350.0,1156.0,796.0,7533.0
23567,6142.0,594.0,1248.0,5109.0
23568,5142.0,834.0,4946.0,8765.0
23569,3826.0,823.0,2073.0,6165.0
23570,2681.0,632.0,1794.0,7585.0
23571,3249.0,359.0,-0.0,7137.0
23572,2592.0,384.0,2229.0,1617.0
23573,7084.0,170.0,2654.0,13722.0
23574,31198.0,2435.0,4225.0,9857.0
23575,2637.0,544.0,185.0,5501.0
23576,6029.0,811.0,2892.0,16908.0
23577,4300.0,600.0,1930.0,7675.0
23578,5165.0,1661.0,427.0,6590.0
23579,33196.0,3038.0,3364.0,5992.0
23580,4050.0,899.0,2127.0,5713.0
23581,4714.0,203.0,2121.0,13114.0
23582,6176.0,931.0,2237.0,8916.0
23583,12357.0,990.0,2104.0,5078.0
23584,3806.0,124.0,-0.0,317.0
23585,3186.0,518.0,2028.0,13579.0
23586,17430.0,1443.0,945.0,11418.0
23587,5024.0,720.0,404.0,3669.0
23588,7135.0,1130.0,859.0,8523.0
23589,5976.0,473.0,491.0,10012.0
23590,6516.0,342.0,1540.0,4173.0
23591,3231.0,466.0,713.0,901.0
23592,6876.0,510.0,1483.0,10066.0
23593,9886.0,645.0,1486.0,18283.0
23594,5343.0,610.0,4090.0,5716.0
23595,18869.0,738.0,1144.0,7438.0
23596,3796.0,431.0,1355.0,2860.0
23597,4057.0,489.0,1052.0,6604.0
23598,3272.0,337.0,650.0,8713.0
23599,3267.0,1257.0,1347.0,10625.0
23600,4286.0,352.0,903.0,8129.0
23601,2771.0,421.0,-0.0,5067.0
23602,6111.0,590.0,-0.0,-0.0
23603,17874.0,3464.0,29909.0,19816.0
23604,23301.0,528.0,1334.0,8361.0
23605,3000.0,884.0,2446.0,14138.0
23606,3839.0,109.0,2002.0,11733.0
23607,4259.0,595.0,1799.0,1814.0
23608,5694.0,608.0,1535.0,12015.0
23609,14158.0,1587.0,2145.0,4499.0
23610,5482.0,774.0,4094.0,14264.0
23611,5720.0,1190.0,1032.0,7365.0
23612,3693.0,233.0,2805.0,6999.0
23613,6322.0,1691.0,1289.0,8405.0
23614,21663.0,2057.0,2669.0,6952.0
23615,30103.0,2538.0,2110.0,9300.0
23616,4018.0,792.0,679.0,8506.0
23617,5471.0,644.0,2738.0,7048.0
23618,3287.0,405.0,2556.0,9888.0
23619,3780.0,1631.0,4136.0,7264.0
23620,8434.0,1399.0,1346.0,10746.0
23621,20461.0,1477.0,4118.0,16231.0
23622,11891.0,1134.0,2580.0,6762.0
23623,3072.0,1043.0,1141.0,6901.0
23624,6745.0,781.0,4481.0,12655.0
23625,7102.0,611.0,2722.0,12991.0
23626,10331.0,472.0,3270.0,5860.0
23627,3350.0,567.0,2064.0,4667.0
23628,3637.0,395.0,2914.0,12122.0
23629,4612.0,739.0,2214.0,13049.0
23630,6022.0,895.0,1729.0,8293.0
23631,8692.0,595.0,1849.0,8782.0
23632,7399.0,1625.0,1962.0,9208.0
23633,13206.0,1496.0,1165.0,11466.0
23634,30613.0,1602.0,4046.0,14559.0
23635,2615.0,667.0,584.0,-0.0
23636,7029.0,1265.0,1628.0,5234.0
23637,20303.0,2067.0,1881.0,8841.0
23638,31555.0,3228.0,2309.0,13043.0
23639,8044.0,834.0,1872.0,10387.0
23640,33137.0,4138.0,20247.0,24300.0
23641,3066.0,781.0,1340.0,8030.0
23642,26723.0,1853.0,1039.0,7837.0
23643,22382.0,2244.0,3635.0,5805.0
23644,6703.0,778.0,2150.0,2749.0
23645,2543.0,960.0,3887.0,8274.0
23646,4188.0,1057.0,2805.0,15769.0
23647,4318.0,328.0,3136.0,19547.0
23648,6435.0,1088.0,2024.0,7655.0
23649,7793.0,922.0,3328.0,6512.0
23650,2749.0,330.0,-0.0,-0.0
23651,2886.0,524.0,-0.0,8884.0
23652,3603.0,656.0,1595.0,-0.0
23653,5999.0,735.0,1599.0,7936.0
23654,9339.0,1177.0,1583.0,13130.0
23655,12797.0,1102.0,1912.0,9872.0
23656,44432.0,2794.0,4895.0,14158.0
23657,43071.0,2636.0,4495.0,13190.0
23658,38260.0,10640.0,22678.0,11162.0
23659,6444.0,963.0,3489.0,15690.0
23660,9231.0,1608.0,2552.0,6266.0
23661,13987.0,1746.0,1470.0,11454.0
23662,10061.0,730.0,1211.0,9498.0
23663,36303.0,1549.0,1929.0,10021.0
23664,6020.0,564.0,1776.0,6682.0
23665,4022.0,693.0,361.0,6419.0
23666,3802.0,14.0,4079.0,10878.0
23667,5841.0,409.0,3574.0,9447.0
23668,4296.0,531.0,702.0,5433.0
23669,8664.0,486.0,3643.0,4530.0
23670,176139.0,11606.0,3826.0,25601.0
23671,3176.0,612.0,2511.0,3163.0
23672,5638.0,635.0,1814.0,10498.0
23673,3663.0,331.0,-0.0,534.0
23674,3575.0,536.0,953.0,6840.0
23675,4683.0,693.0,2681.0,5953.0
23676,24582.0,1698.0,1423.0,12655.0
23677,5846.0,1240.0,1180.0,8934.0
23678,8767.0,617.0,2613.0,8396.0
23679,4804.0,673.0,2972.0,9520.0
23680,4028.0,1259.0,1501.0,7637.0
23681,4320.0,1182.0,1271.0,5115.0
23682,4975.0,916.0,1472.0,5206.0
23683,7391.0,410.0,1472.0,4780.0
23684,5316.0,831.0,1292.0,2647.0
23685,82702.0,5518.0,141043.0,158063.0
23686,11236.0,1374.0,1568.0,6763.0
23687,4669.0,529.0,1869.0,9831.0
23688,3603.0,560.0,1275.0,-0.0
23689,2876.0,366.0,1432.0,3901.0
23690,7465.0,591.0,2466.0,10369.0
23691,29586.0,4001.0,12484.0,11415.0
23692,3643.0,513.0,539.0,5705.0
23693,7131.0,994.0,3418.0,7141.0
23694,7058.0,723.0,2454.0,6049.0
23695,4024.0,432.0,3116.0,13941.0
23696,4946.0,711.0,1496.0,13120.0
23697,7317.0,384.0,1811.0,8053.0
23698,2890.0,486.0,2568.0,6059.0
23699,4677.0,932.0,1328.0,2917.0
23700,2850.0,643.0,1751.0,2744.0
23701,5575.0,320.0,2987.0,4075.0
23702,3605.0,691.0,1898.0,4466.0
23703,5794.0,464.0,888.0,474.0
23704,25439.0,2105.0,1906.0,6120.0
23705,4143.0,836.0,2234.0,8698.0
23706,14533.0,3341.0,2738.0,4670.0
23707,5371.0,413.0,974.0,3585.0
23708,18483.0,1803.0,3250.0,13799.0
23709,18975.0,3067.0,2210.0,12910.0
23710,3822.0,740.0,1986.0,5287.0
23711,29589.0,2739.0,3087.0,8185.0
23712,5150.0,1040.0,2113.0,3478.0
23713,2632.0,452.0,2080.0,14842.0
23714,6911.0,686.0,1082.0,6085.0
23715,9662.0,862.0,1481.0,9123.0
23716,23058.0,3884.0,9639.0,9591.0
23717,33461.0,2517.0,3024.0,11610.0
23718,2648.0,998.0,1313.0,1960.0
23719,50986.0,3608.0,2678.0,8395.0
23720,2604.0,188.0,646.0,4433.0
23721,9073.0,749.0,1889.0,3399.0
23722,7168.0,352.0,544.0,3284.0
23723,3556.0,532.0,1844.0,3430.0
23724,25762.0,1825.0,1220.0,6442.0
23725,3142.0,1778.0,1507.0,598.0
23726,17177.0,1614.0,3332.0,7989.0
23727,10942.0,1503.0,-0.0,10167.0
23728,8159.0,1101.0,1509.0,4505.0
23729,31467.0,1766.0,3216.0,10765.0
23730,5135.0,498.0,2674.0,15237.0
23731,9979.0,751.0,1415.0,6724.0
23732,5366.0,815.0,1479.0,9576.0
23733,5433.0,1282.0,1125.0,3352.0
23734,11781.0,1016.0,2145.0,13116.0
23735,6377.0,1322.0,1415.0,3601.0
23736,2876.0,621.0,1567.0,9899.0
23737,4962.0,1011.0,704.0,8856.0
23738,4309.0,623.0,2474.0,9892.0
23739,4299.0,1021.0,2355.0,9818.0
23740,4564.0,917.0,2245.0,18369.0
23741,4807.0,285.0,-0.0,6417.0
23742,5250.0,1037.0,-0.0,6097.0
23743,28740.0,5477.0,21942.0,24207.0
23744,8265.0,541.0,2643.0,6633.0
23745,5331.0,634.0,1311.0,5132.0
23746,3820.0,881.0,3232.0,12974.0
23747,18053.0,706.0,1376.0,9762.0
23748,2512.0,1462.0,784.0,7071.0
23749,13271.0,1082.0,857.0,12097.0
23750,5147.0,390.0,2634.0,6721.0
23751,40663.0,2473.0,3033.0,17678.0
23752,7073.0,1290.0,2663.0,4214.0
23753,4411.0,262.0,1203.0,5701.0
23754,12109.0,854.0,831.0,11073.0
23755,12210.0,1332.0,1890.0,8558.0
23756,10123.0,424.0,1007.0,7556.0
23757,21270.0,2958.0,2518.0,10391.0
23758,31334.0,3337.0,3355.0,17431.0
23759,2785.0,829.0,853.0,4166.0
23760,3290.0,730.0,1445.0,4932.0
23761,7429.0,282.0,3216.0,3058.0
23762,25360.0,3485.0,3235.0,9904.0
23763,11034.0,965.0,3221.0,14062.0
23764,3459.0,617.0,896.0,7697.0
23765,5356.0,253.0,228.0,13217.0
23766,4483.0,839.0,1221.0,7132.0
23767,39350.0,1816.0,5433.0,13515.0
23768,39790.0,3299.0,10815.0,36425.0
23769,21337.0,2748.0,2006.0,3014.0
23770,4274.0,486.0,1235.0,4960.0
23771,2663.0,436.0,1167.0,3266.0
23772,2905.0,1029.0,1251.0,10818.0
23773,17185.0,987.0,2931.0,13378.0
23774,4311.0,314.0,95.0,4074.0
23775,3028.0,847.0,2637.0,7373.0
23776,12021.0,728.0,4230.0,6624.0
23777,7384.0,914.0,2627.0,4089.0
23778,4285.0,365.0,2085.0,6618.0
23779,27327.0,1898.0,2182.0,10168.0
23780,3848.0,1210.0,823.0,3730.0
23781,6500.0,715.0,1841.0,12426.0
23782,3770.0,461.0,1887.0,8041.0
23783,8867.0,676.0,1322.0,15271.0
23784,4193.0,109.0,1849.0,9729.0
23785,6063.0,854.0,1484.0,5336.0
23786,27477.0,1831.0,1956.0,10893.0
23787,11480.0,1278.0,1411.0,6389.0
23788,3655.0,863.0,790.0,4468.0
23789,3410.0,755.0,216.0,8113.0
23790,4742.0,400.0,2976.0,3371.0
23791,6401.0,2128.0,2088.0,4386.0
23792,4462.0,295.0,2657.0,9984.0
23793,7533.0,906.0,2407.0,12214.0
23794,14014.0,783.0,2480.0,8895.0
23795,13347.0,1009.0,2850.0,4952.0
23796,9329.0,1255.0,3528.0,7037.0
23797,13496.0,2217.0,2158.0,3662.0
23798,7055.0,863.0,2661.0,7082.0
23799,8318.0,1518.0,2705.0,10403.0
23800,3367.0,902.0,3357.0,6688.0
23801,4170.0,480.0,1306.0,1014.0
23802,14676.0,1299.0,992.0,3388.0
23803,2525.0,97.0,1694.0,8397.0
23804,6662.0,396.0,2057.0,8782.0
23805,6539.0,1291.0,1135.0,7681.0
23806,18425.0,1516.0,2969.0,10070.0
23807,55318.0,4779.0,9700.0,8206.0
23808,7287.0,554.0,1353.0,3676.0
23809,5906.0,768.0,-0.0,8223.0
23810,12079.0,1484.0,2284.0,11290.0
23811,3091.0,914.0,1573.0,14155.0
23812,4604.0,566.0,809.0,5344.0
23813,14647.0,926.0,4462.0,9811.0
23814,4328.0,702.0,1548.0,2115.0
23815,3939.0,317.0,1909.0,4512.0
23816,4096.0,430.0,552.0,4829.0
23817,2523.0,317.0,897.0,1502.0
23818,3680.0,229.0,1654.0,3764.0
23819,4903.0,761.0,3375.0,6963.0
23820,5003.0,615.0,2385.0,4779.0
23821,37051.0,2981.0,1500.0,4035.0
23822,27792.0,6314.0,30305.0,16345.0
23823,7408.0,764.0,2238.0,3438.0
23824,3527.0,590.0,2200.0,2293.0
23825,2788.0,458.0,516.0,7579.0
23826,4484.0,577.0,1062.0,4598.0
23827,6670.0,561.0,1870.0,6597.0
23828,3488.0,1125.0,1333.0,9992.0
23829,4740.0,313.0,2025.0,2712.0
23830,2769.0,1070.0,1463.0,4758.0
23831,14780.0,1027.0,1825.0,10050.0
23832,2588.0,882.0,1702.0,9544.0
23833,3637.0,450.0,2240.0,17427.0
23834,2601.0,754.0,1417.0,6154.0
23835,25798.0,2254.0,293.0,882.0
23836,2971.0,589.0,1337.0,3351.0
23837,4099.0,367.0,2407.0,9436.0
23838,3456.0,504.0,1574.0,12313.0
23839,3271.0,791.0,2020.0,8496.0
23840,3181.0,501.0,791.0,7237.0
23841,23999.0,4269.0,17037.0,7391.0
23842,5008.0,986.0,3533.0,8091.0
23843,4982.0,778.0,1661.0,5096.0
23844,12265.0,1323.0,1414.0,3839.0
23845,8209.0,1716.0,9460.0,15015.0
23846,27318.0,2024.0,3504.0,7446.0
23847,3733.0,1129.0,2227.0,5999.0
23848,11598.0,1202.0,1565.0,5639.0
23849,6648.0,835.0,1340.0,6598.0
23850,11561.0,607.0,694.0,4542.0
23851,11140.0,1359.0,1757.0,5429.0
23852,5160.0,118.0,2484.0,8037.0
23853,4425.0,720.0,1512.0,10086.0
23854,3766.0,538.0,2593.0,12779.0
23855,34753.0,4008.0,2921.0,7795.0
23856,7192.0,822.0,613.0,12750.0
23857,6242.0,60.0,3363.0,11357.0
23858,4538.0,436.0,2275.0,15580.0
23859,7168.0,656.0,1949.0,5744.0
23860,8836.0,655.0,2490.0,3564.0
23861,6582.0,724.0,1811.0,11665.0
23862,6225.0,828.0,2260.0,5056.0
23863,6361.0,841.0,792.0,904.0
23864,4219.0,940.0,4567.0,8488.0
23865,9854.0,316.0,54.0,14742.0
23866,19386.0,2110.0,1867.0,9157.0
23867,5571.0,1176.0,2440.0,5207.0
23868,26038.0,4258.0,1399.0,16970.0
23869,6094.0,1043.0,465.0,4405.0
23870,7432.0,1133.0,1918.0,3800.0
23871,9704.0,1172.0,1866.0,9787.0
23872,2773.0,207.0,793.0,14350.0
23873,2490.0,650.0,89.0,4603.0
23874,10157.0,532.0,1472.0,9097.0
23875,3639.0,322.0,3357.0,10021.0
23876,26159.0,1608.0,1653.0,10085.0
23877,3877.0,692.0,928.0,7969.0
23878,9806.0,1532.0,1557.0,7932.0
23879,8042.0,860.0,716.0,8780.0
23880,3263.0,736.0,2669.0,9290.0
23881,3783.0,492.0,2371.0,4783.0
23882,3502.0,303.0,1832.0,7052.0
23883,4898.0,1093.0,1211.0,2382.0
23884,3157.0,691.0,2978.0,10812.0
23885,6131.0,1474.0,2405.0,12671.0
23886,3708.0,657.0,3178.0,13382.0
23887,5070.0,643.0,4477.0,13801.0
23888,7231.0,1407.0,2451.0,5700.0
23889,23417.0,2551.0,1780.0,8441.0
23890,5865.0,1352.0,1861.0,9697.0
23891,20907.0,2495.0,7222.0,47258.0
23892,5767.0,1061.0,1008.0,1859.0
23893,3812.0,159.0,2630.0,1115.0
23894,163041.0,16599.0,3802.0,24917.0
23895,33642.0,3353.0,1385.0,11517.0
23896,8501.0,988.0,261.0,2959.0
23897,13081.0,841.0,1462.0,12630.0
23898,18434.0,2111.0,1950.0,5301.0
23899,14186.0,674.0,3097.0,9124.0
23900,3977.0,291.0,1886.0,7014.0
23901,15571.0,1077.0,1826.0,8495.0
23902,3592.0,306.0,2824.0,6190.0
23903,4923.0,730.0,2533.0,2855.0
23904,13025.0,874.0,1504.0,4230.0
23905,5024.0,573.0,3282.0,6489.0
23906,10312.0,1100.0,1855.0,4737.0
23907,14826.0,1691.0,2744.0,6373.0
23908,3047.0,759.0,285.0,3963.0
23909,8768.0,1308.0,2649.0,4608.0
23910,4953.0,1270.0,1327.0,5917.0
23911,13819.0,1745.0,998.0,11866.0
23912,33040.0,3049.0,2742.0,13487.0
23913,58280.0,5445.0,3198.0,9240.0
23914,4654.0,357.0,1532.0,6421.0
23915,6792.0,722.0,1685.0,12163.0
23916,5332.0,270.0,1483.0,7910.0
23917,3384.0,638.0,-0.0,-0.0
23918,3316.0,563.0,1960.0,5407.0
23919,9994.0,572.0,1461.0,7702.0
23920,12383.0,948.0,1385.0,7838.0
23921,39864.0,3160.0,39035.0,24081.0
23922,7249.0,293.0,3931.0,6046.0
23923,45546.0,3322.0,2169.0,6510.0
23924,23274.0,2042.0,3556.0,12005.0
23925,57098.0,3891.0,1823.0,10922.0
23926,12588.0,1036.0,4385.0,4513.0
23927,2542.0,135.0,1429.0,4918.0
23928,14516.0,1162.0,1321.0,3821.0
23929,9782.0,1879.0,858.0,13070.0
23930,4780.0,1475.0,715.0,9634.0
23931,7624.0,545.0,695.0,8870.0
23932,3829.0,738.0,784.0,5934.0
23933,4278.0,290.0,1585.0,11981.0
23934,14050.0,1424.0,3045.0,5260.0
23935,20977.0,1706.0,1133.0,7460.0
23936,12088.0,1490.0,2032.0,9765.0
23937,4467.0,1149.0,908.0,8921.0
23938,27238.0,1734.0,832.0,5185.0
23939,3902.0,837.0,854.0,2941.0
23940,3860.0,239.0,1513.0,6350.0
23941,2482.0,1298.0,-0.0,2778.0
23942,24192.0,2222.0,3709.0,7788.0
23943,3807.0,291.0,777.0,5035.0
23944,3031.0,527.0,339.0,4140.0
23945,47355.0,10576.0,6239.0,32484.0
23946,6701.0,822.0,3425.0,15293.0
23947,6308.0,166.0,2329.0,10819.0
23948,224508.0,55769.0,21722.0,330032.0
23949,2650.0,390.0,2712.0,2886.0
23950,6502.0,535.0,2347.0,12868.0
23951,21165.0,1284.0,2293.0,9650.0
23952,13950.0,658.0,1426.0,11848.0
23953,4307.0,489.0,1464.0,8504.0
23954,17316.0,1679.0,1672.0,6184.0
23955,4029.0,465.0,2629.0,8709.0
23956,10136.0,3578.0,4874.0,9779.0
23957,20392.0,1588.0,2594.0,7010.0
23958,6900.0,1172.0,1523.0,8279.0
23959,2712.0,622.0,2124.0,5839.0
23960,10030.0,1196.0,888.0,7925.0
23961,5313.0,1286.0,1590.0,11018.0
23962,5357.0,469.0,3170.0,7436.0
23963,8040.0,606.0,1351.0,524.0
23964,6050.0,803.0,1309.0,9546.0
23965,4043.0,379.0,769.0,1496.0
23966,3797.0,486.0,1195.0,7127.0
23967,22658.0,1017.0,3293.0,8869.0
23968,9007.0,749.0,2063.0,1992.0
23969,121513.0,9173.0,3193.0,9944.0
23970,19823.0,1336.0,226.0,3080.0
23971,5281.0,420.0,1450.0,9353.0
23972,6110.0,1061.0,85.0,7972.0
23973,5529.0,228.0,1162.0,7673.0
23974,3985.0,613.0,632.0,4168.0
23975,2884.0,1410.0,976.0,4254.0
23976,16984.0,1015.0,1768.0,9702.0
23977,28249.0,2948.0,2203.0,11589.0
23978,13730.0,1240.0,3060.0,14495.0
23979,12200.0,621.0,2430.0,7654.0
23980,23736.0,1710.0,2767.0,7127.0
23981,14013.0,1117.0,3524.0,8013.0
23982,4602.0,488.0,733.0,3601.0
23983,21252.0,1446.0,1839.0,12280.0
23984,4736.0,262.0,3812.0,13174.0
23985,17847.0,1661.0,2355.0,11351.0
23986,32903.0,3493.0,41834.0,12310.0
23987,3943.0,457.0,1422.0,10515.0
23988,2962.0,362.0,2581.0,6819.0
23989,3170.0,280.0,2463.0,8976.0
23990,6156.0,1714.0,3276.0,19664.0
23991,43471.0,4245.0,5431.0,10702.0
23992,4865.0,485.0,271.0,12494.0
23993,6860.0,978.0,1891.0,9202.0
23994,4675.0,520.0,1042.0,7226.0
23995,8008.0,839.0,2132.0,744.0
23996,17364.0,2075.0,2098.0,3489.0
23997,92424.0,6225.0,25498.0,22031.0
23998,24071.0,2369.0,-0.0,1415.0
23999,13190.0,737.0,1509.0,4204.0
24000,5421.0,385.0,1972.0,5525.0
24001,6135.0,1301.0,3722.0,5923.0
24002,3368.0,435.0,2840.0,5134.0
24003,17243.0,1653.0,1004.0,8726.0
24004,8665.0,774.0,3717.0,10489.0
24005,8147.0,916.0,3659.0,9742.0
24006,4034.0,822.0,2297.0,7549.0
24007,7376.0,733.0,1158.0,5047.0
24008,2516.0,271.0,1095.0,2898.0
24009,4212.0,18.0,1532.0,6888.0
24010,5445.0,223.0,904.0,5966.0
24011,8310.0,1358.0,1208.0,2886.0
24012,3142.0,620.0,1098.0,2234.0
24013,4838.0,1026.0,2373.0,4388.0
24014,34207.0,2361.0,4127.0,10227.0
24015,23829.0,3629.0,18304.0,9068.0
24016,9123.0,765.0,3282.0,7600.0
24017,6810.0,807.0,1016.0,10047.0
24018,3416.0,1142.0,2144.0,9457.0
24019,15257.0,1141.0,1698.0,12813.0
24020,2832.0,545.0,2387.0,16876.0
24021,20270.0,2557.0,1835.0,6714.0
24022,3185.0,99.0,1598.0,6763.0
24023,2504.0,305.0,2662.0,14072.0
24024,3318.0,831.0,945.0,6139.0
24025,5838.0,3171.0,15950.0,9405.0
24026,5558.0,804.0,1545.0,11501.0
24027,30300.0,3373.0,2501.0,8101.0
24028,5384.0,727.0,844.0,8036.0
24029,3802.0,593.0,725.0,2435.0
24030,16353.0,1755.0,1239.0,5454.0
24031,3645.0,970.0,1130.0,13310.0
24032,12861.0,1580.0,2153.0,11530.0
24033,6876.0,1350.0,3033.0,9208.0
24034,12181.0,1460.0,1417.0,3535.0
24035,4134.0,379.0,599.0,2801.0
24036,5137.0,919.0,2041.0,6208.0
24037,7443.0,344.0,2637.0,12394.0
24038,3698.0,523.0,2714.0,5378.0
24039,4387.0,599.0,3446.0,9900.0
24040,5273.0,820.0,2394.0,17365.0
24041,4229.0,902.0,2821.0,5857.0
24042,5711.0,711.0,832.0,13504.0
24043,10472.0,1635.0,2085.0,4724.0
24044,5706.0,664.0,1740.0,10647.0
24045,48145.0,7044.0,12132.0,11616.0
24046,19875.0,1419.0,2016.0,9110.0
24047,17458.0,2694.0,1592.0,3548.0
24048,3145.0,669.0,610.0,2991.0
24049,2506.0,483.0,3413.0,9661.0
24050,2644.0,1005.0,3968.0,5017.0
24051,3311.0,929.0,2928.0,10121.0
24052,3082.0,523.0,3094.0,6821.0
24053,7446.0,1075.0,614.0,13207.0
24054,8603.0,1002.0,2011.0,9702.0
24055,4452.0,407.0,2360.0,3828.0
24056,3188.0,250.0,2357.0,5162.0
24057,8383.0,1054.0,3504.0,12973.0
24058,4391.0,669.0,4672.0,10923.0
24059,6786.0,706.0,2256.0,5584.0
24060,3841.0,1607.0,2541.0,6938.0
24061,4787.0,953.0,2935.0,7379.0
24062,11861.0,1216.0,787.0,6880.0
24063,7832.0,354.0,2277.0,1515.0
24064,6853.0,1991.0,1475.0,13777.0
24065,9741.0,913.0,313.0,8532.0
24066,5623.0,1538.0,2526.0,5506.0
24067,3124.0,786.0,1955.0,2871.0
24068,7676.0,1786.0,544.0,6997.0
24069,4324.0,504.0,572.0,7176.0
24070,6943.0,772.0,1901.0,3991.0
24071,4414.0,561.0,1259.0,3764.0
24072,6117.0,473.0,1273.0,1208.0
24073,6793.0,640.0,926.0,5259.0
24074,9345.0,894.0,3338.0,11111.0
24075,2785.0,649.0,3975.0,11805.0
24076,6104.0,363.0,684.0,5948.0
24077,8826.0,1743.0,1952.0,13911.0
24078,4837.0,646.0,2049.0,3100.0
24079,3822.0,994.0,1726.0,2333.0
24080,4070.0,112.0,1718.0,2621.0
24081,6444.0,1024.0,1493.0,6762.0
24082,3617.0,433.0,1222.0,5264.0
24083,2601.0,640.0,1874.0,11003.0
24084,3610.0,699.0,1220.0,12460.0
24085,4773.0,323.0,4225.0,9618.0
24086,8108.0,888.0,4886.0,13270.0
24087,30684.0,3563.0,1410.0,8090.0
24088,3704.0,769.0,2412.0,3245.0
24089,4165.0,1002.0,2865.0,5360.0
24090,3529.0,235.0,1974.0,11776.0
24091,2678.0,666.0,1842.0,10502.0
24092,3078.0,88.0,1466.0,10371.0
24093,42645.0,3806.0,2154.0,7165.0
24094,34304.0,2240.0,5182.0,8028.0
24095,3546.0,623.0,530.0,7714.0
24096,7753.0,749.0,799.0,9037.0
24097,23805.0,2880.0,2022.0,10350.0
24098,15113.0,730.0,1624.0,9643.0
24099,11564.0,1622.0,1254.0,9382.0
24100,21559.0,2006.0,1925.0,5692.0
24101,3309.0,1142.0,1270.0,5938.0
24102,26354.0,2040.0,1558.0,5627.0
24103,22608.0,1125.0,1610.0,7222.0
24104,2986.0,332.0,2646.0,3482.0
24105,3581.0,566.0,843.0,9524.0
24106,31714.0,2338.0,47987.0,18935.0
24107,12894.0,1159.0,1850.0,9724.0
24108,26625.0,6199.0,20465.0,13085.0
24109,4637.0,535.0,1360.0,5208.0
24110,63486.0,5938.0,8125.0,11334.0
24111,6729.0,558.0,1371.0,5219.0
24112,8602.0,1594.0,1850.0,9409.0
24113,13617.0,1161.0,1294.0,3889.0
24114,19584.0,1293.0,3616.0,6219.0
24115,4510.0,1183.0,2316.0,8847.0
24116,3981.0,643.0,1826.0,5547.0
24117,25971.0,2352.0,1424.0,6434.0
24118,4128.0,943.0,1895.0,12102.0
24119,20395.0,1720.0,1347.0,4988.0
24120,14507.0,1440.0,2355.0,3249.0
24121,4769.0,781.0,2289.0,789.0
24122,23643.0,1403.0,2186.0,11597.0
24123,3976.0,700.0,2443.0,3590.0
24124,4125.0,710.0,2341.0,5872.0
24125,7242.0,363.0,1778.0,8676.0
24126,17092.0,1316.0,3826.0,3391.0
24127,4293.0,722.0,2005.0,8082.0
24128,21494.0,2087.0,3787.0,10586.0
24129,6350.0,782.0,1298.0,2454.0
24130,5359.0,782.0,2805.0,13882.0
24131,5377.0,1043.0,1813.0,8887.0
24132,6389.0,863.0,3340.0,13538.0
24133,4999.0,379.0,2427.0,9011.0
24134,22125.0,2187.0,1986.0,5325.0
24135,28170.0,1614.0,2186.0,9268.0
24136,5124.0,280.0,708.0,2883.0
24137,4143.0,731.0,3948.0,10395.0
24138,4517.0,538.0,2342.0,9088.0
24139,4663.0,601.0,190.0,3144.0
24140,3040.0,407.0,637.0,6910.0
24141,3392.0,310.0,937.0,2240.0
24142,6276.0,314.0,2736.0,9398.0
24143,20865.0,1679.0,2926.0,9249.0
24144,5824.0,237.0,2013.0,12291.0
24145,2599.0,1197.0,318.0,-0.0
24146,14669.0,1379.0,3867.0,11531.0
24147,84799.0,6962.0,6538.0,25809.0
24148,12157.0,1293.0,3026.0,9938.0
24149,2715.0,437.0,273.0,8172.0
24150,2487.0,532.0,635.0,8799.0
24151,2734.0,448.0,2022.0,9656.0
24152,4141.0,905.0,2131.0,8007.0
24153,3920.0,198.0,758.0,8870.0
24154,22253.0,1388.0,2297.0,14808.0
24155,9196.0,1339.0,2899.0,13501.0
24156,3530.0,149.0,1991.0,7616.0
24157,6191.0,564.0,2464.0,7705.0
24158,4306.0,479.0,3253.0,10077.0
24159,15467.0,2220.0,8458.0,14666.0
24160,3637.0,718.0,750.0,11645.0
24161,35841.0,2394.0,2711.0,6178.0
24162,9797.0,203.0,2126.0,6484.0
24163,32900.0,3653.0,2062.0,8827.0
24164,4157.0,547.0,3786.0,7958.0
24165,25152.0,3335.0,3709.0,11153.0
24166,3783.0,887.0,1321.0,4757.0
24167,5178.0,478.0,2202.0,8114.0
24168,4048.0,1138.0,2398.0,6144.0
24169,3871.0,629.0,5619.0,6987.0
24170,15489.0,1099.0,1952.0,10101.0
24171,8344.0,957.0,2070.0,4278.0
24172,4091.0,541.0,957.0,5435.0
24173,30639.0,3082.0,8083.0,15432.0
24174,7757.0,1416.0,2665.0,5448.0
24175,7897.0,585.0,3046.0,7692.0
24176,13250.0,1111.0,4383.0,9863.0
24177,5267.0,779.0,236.0,2160.0
24178,2464.0,1340.0,2750.0,10768.0
24179,2526.0,776.0,2225.0,2801.0
24180,10009.0,847.0,1534.0,5859.0
24181,7125.0,1104.0,2880.0,7798.0
24182,2633.0,526.0,1647.0,8425.0
24183,11221.0,1038.0,2153.0,7483.0
24184,2559.0,748.0,177.0,-0.0
24185,2491.0,185.0,1397.0,8197.0
24186,3545.0,458.0,1857.0,6081.0
24187,23364.0,1238.0,2071.0,5547.0
24188,6700.0,1109.0,1389.0,5952.0
24189,8937.0,124.0,1737.0,16651.0
24190,35895.0,2687.0,2350.0,8132.0
24191,11351.0,1766.0,1836.0,6134.0
24192,12256.0,1193.0,2912.0,7457.0
24193,4924.0,467.0,2754.0,5741.0
24194,3549.0,861.0,1029.0,8974.0
24195,4292.0,740.0,-0.0,6153.0
24196,8959.0,947.0,5341.0,3250.0
24197,16142.0,872.0,1686.0,14518.0
24198,3289.0,372.0,440.0,2593.0
24199,5857.0,933.0,1601.0,8868.0
24200,24818.0,1728.0,2153.0,15167.0
24201,23743.0,961.0,1304.0,2863.0
24202,18448.0,1150.0,2540.0,9784.0
24203,4008.0,750.0,2319.0,5283.0
24204,9057.0,883.0,2666.0,8569.0
24205,32739.0,3439.0,1296.0,5690.0
24206,5366.0,480.0,4036.0,7397.0
24207,4830.0,756.0,1286.0,6437.0
24208,7636.0,182.0,691.0,5048.0
24209,6053.0,1061.0,2351.0,13262.0
24210,7595.0,1368.0,2594.0,10906.0
24211,12405.0,371.0,1709.0,10027.0
24212,62831.0,5379.0,9083.0,11970.0
24213,12024.0,858.0,1484.0,5301.0
24214,3583.0,305.0,4244.0,4402.0
24215,5712.0,795.0,1936.0,7348.0
24216,4528.0,587.0,602.0,4253.0
24217,38725.0,3192.0,1113.0,9014.0
24218,7008.0,2679.0,8935.0,7439.0
24219,7133.0,649.0,2166.0,3887.0
24220,4132.0,454.0,725.0,5279.0
24221,3751.0,720.0,2566.0,-0.0
24222,8901.0,58.0,1832.0,5578.0
24223,31220.0,2935.0,3697.0,9335.0
24224,5164.0,933.0,1804.0,9416.0
24225,2475.0,858.0,1286.0,10892.0
24226,19061.0,3711.0,3344.0,18749.0
24227,9239.0,562.0,2613.0,4823.0
24228,3805.0,392.0,2029.0,13707.0
24229,3987.0,635.0,-0.0,2067.0
24230,5882.0,629.0,778.0,3174.0
24231,3998.0,820.0,1378.0,3785.0
24232,4029.0,458.0,2125.0,11146.0
24233,20187.0,1421.0,365.0,5292.0
24234,4165.0,311.0,1971.0,7359.0
24235,6393.0,451.0,1237.0,7835.0
24236,6042.0,1083.0,1570.0,6873.0
24237,3364.0,912.0,781.0,8739.0
24238,13615.0,1065.0,2755.0,15296.0
24239,6619.0,389.0,1284.0,4651.0
24240,8776.0,1006.0,2333.0,5706.0
24241,2549.0,618.0,1487.0,10133.0
24242,4734.0,287.0,1137.0,5763.0
24243,3518.0,677.0,1474.0,6139.0
24244,4182.0,769.0,674.0,12563.0
24245,14683.0,1123.0,1521.0,4397.0
24246,3663.0,797.0,1023.0,9513.0
24247,2488.0,509.0,1692.0,11319.0
24248,4754.0,568.0,2718.0,6480.0
24249,10719.0,1258.0,4537.0,19862.0
24250,10149.0,1551.0,1862.0,5801.0
24251,36412.0,2828.0,6163.0,16374.0
24252,11402.0,560.0,2321.0,18085.0
24253,4224.0,937.0,2258.0,3698.0
24254,10281.0,1383.0,-0.0,4981.0
24255,8193.0,998.0,1776.0,9203.0
24256,4399.0,483.0,2091.0,12336.0
24257,8609.0,766.0,4098.0,5983.0
24258,3944.0,898.0,3230.0,8230.0
24259,18812.0,2337.0,1069.0,7763.0
24260,65211.0,4821.0,1985.0,15186.0
24261,3754.0,870.0,2362.0,4435.0
24262,36018.0,21384.0,24322.0,48519.0
24263,8799.0,218.0,1080.0,7104.0
24264,2721.0,53.0,304.0,8378.0
24265,4144.0,194.0,1657.0,3200.0
24266,2706.0,907.0,2891.0,11871.0
24267,3365.0,435.0,1008.0,7225.0
24268,25089.0,2409.0,3065.0,6860.0
24269,11731.0,1262.0,918.0,5732.0
24270,4948.0,881.0,3088.0,3717.0
24271,5302.0,725.0,1441.0,3649.0
24272,3300.0,523.0,2482.0,7646.0
24273,4680.0,948.0,1176.0,7233.0
24274,23491.0,918.0,1236.0,3912.0
24275,12177.0,810.0,1037.0,17263.0
24276,4877.0,758.0,1072.0,4612.0
24277,4073.0,677.0,3726.0,8675.0
24278,4693.0,1144.0,729.0,7537.0
24279,3171.0,314.0,2551.0,4498.0
24280,57539.0,7098.0,3344.0,12120.0
24281,18059.0,1328.0,7114.0,1510.0
24282,12829.0,744.0,26072.0,6242.0
24283,2463.0,873.0,436.0,1358.0
24284,3430.0,595.0,2734.0,7634.0
24285,6434.0,1225.0,14.0,2412.0
24286,10337.0,867.0,2470.0,4419.0
24287,4929.0,1117.0,1444.0,12939.0
24288,2736.0,1066.0,2085.0,5885.0
24289,20165.0,2390.0,1439.0,11004.0
24290,3062.0,109.0,990.0,7384.0
24291,5691.0,831.0,3250.0,5657.0
24292,5680.0,904.0,2023.0,14507.0
24293,3544.0,284.0,1894.0,6299.0
24294,6289.0,589.0,1519.0,8142.0
24295,4261.0,1592.0,4270.0,12722.0
24296,3520.0,1063.0,1167.0,7615.0
24297,3317.0,630.0,495.0,3345.0
24298,5358.0,833.0,2643.0,14245.0
24299,3862.0,172.0,1098.0,2936.0
24300,2911.0,620.0,1362.0,6112.0
24301,26631.0,2371.0,2645.0,8006.0
24302,4053.0,542.0,1758.0,6619.0
24303,2736.0,543.0,1685.0,4930.0
24304,4538.0,426.0,1439.0,2288.0
24305,8051.0,1179.0,2534.0,6253.0
24306,6226.0,1111.0,2101.0,7532.0
24307,20777.0,1886.0,3335.0,8079.0
24308,4617.0,1245.0,2025.0,13767.0
24309,5094.0,769.0,2235.0,7780.0
24310,10653.0,593.0,1811.0,10597.0
24311,3728.0,188.0,1962.0,7610.0
24312,17932.0,1268.0,1702.0,5448.0
24313,5710.0,329.0,2246.0,7759.0
24314,4447.0,724.0,1283.0,6995.0
24315,3067.0,122.0,2271.0,9600.0
24316,5687.0,729.0,3307.0,4201.0
24317,6828.0,663.0,2729.0,8403.0
24318,5723.0,743.0,2108.0,9677.0
24319,6278.0,1148.0,1273.0,6059.0
24320,2468.0,737.0,1867.0,7984.0
24321,109656.0,8637.0,60688.0,112500.0
24322,6788.0,622.0,1040.0,5058.0
24323,18930.0,1444.0,1104.0,6807.0
24324,27308.0,2124.0,3043.0,10368.0
24325,6584.0,1250.0,13301.0,15065.0
24326,4094.0,941.0,2874.0,13517.0
24327,207463.0,18479.0,50321.0,81921.0
24328,12113.0,1011.0,1025.0,13646.0
24329,20048.0,2124.0,2458.0,12198.0
24330,15958.0,2328.0,1914.0,14290.0
24331,22464.0,2015.0,1426.0,10225.0
24332,24508.0,1225.0,592.0,5888.0
24333,9101.0,885.0,671.0,7041.0
24334,4803.0,789.0,1658.0,6960.0
24335,4209.0,572.0,1298.0,2986.0
24336,14388.0,649.0,1869.0,9903.0
24337,4720.0,513.0,2143.0,9765.0
24338,13471.0,1708.0,1338.0,7268.0
24339,5409.0,555.0,1757.0,5926.0
24340,16006.0,1239.0,1183.0,7973.0
24341,10016.0,718.0,519.0,6862.0
24342,18071.0,974.0,1651.0,10586.0
24343,4179.0,1323.0,820.0,6556.0
24344,6030.0,508.0,998.0,-0.0
24345,6924.0,779.0,2314.0,6659.0
24346,3582.0,766.0,1952.0,8703.0
24347,2780.0,602.0,1073.0,8001.0
24348,5494.0,517.0,1176.0,3146.0
24349,4243.0,380.0,1790.0,1236.0
24350,4443.0,1302.0,2468.0,10774.0
24351,5397.0,1388.0,2703.0,13310.0
24352,27705.0,3349.0,2940.0,8768.0
24353,8449.0,1271.0,2457.0,4913.0
24354,26532.0,2136.0,1126.0,13515.0
24355,6457.0,418.0,-0.0,2615.0
24356,29586.0,2252.0,2566.0,16321.0
24357,7054.0,1167.0,2715.0,4209.0
24358,4690.0,318.0,1537.0,4578.0
24359,4335.0,651.0,1322.0,7498.0
24360,4363.0,888.0,1168.0,12547.0
24361,6553.0,471.0,1495.0,7015.0
24362,9350.0,1413.0,1455.0,5415.0
24363,11506.0,765.0,2070.0,3246.0
24364,4724.0,571.0,3291.0,11216.0
24365,2924.0,503.0,1691.0,6982.0
24366,17751.0,1671.0,36986.0,29759.0
24367,2479.0,397.0,1406.0,9686.0
24368,21041.0,701.0,3695.0,12646.0
24369,5993.0,1088.0,1631.0,2281.0
24370,21135.0,1331.0,2188.0,7264.0
24371,5579.0,796.0,2533.0,9123.0
24372,7425.0,781.0,-0.0,4544.0
24373,5817.0,703.0,617.0,3293.0
24374,4995.0,615.0,4055.0,7867.0
24375,3226.0,916.0,1411.0,9023.0
24376,3964.0,1287.0,1304.0,5118.0
24377,9070.0,849.0,3073.0,1944.0
24378,5625.0,1186.0,2285.0,14592.0
24379,3269.0,763.0,1030.0,13319.0
24380,5079.0,641.0,1868.0,3622.0
24381,6282.0,1071.0,2362.0,8993.0
24382,5080.0,1460.0,724.0,4718.0
24383,24297.0,1512.0,2254.0,4225.0
24384,4069.0,1429.0,1852.0,12842.0
24385,2549.0,452.0,2211.0,4875.0
24386,31208.0,3078.0,1654.0,12243.0
24387,13241.0,1101.0,60.0,1664.0
24388,2576.0,974.0,1023.0,4372.0
24389,4994.0,557.0,4070.0,4159.0
24390,20530.0,1087.0,2687.0,5640.0
24391,6479.0,738.0,1481.0,2749.0
24392,15555.0,8222.0,3931.0,24703.0
24393,35663.0,2444.0,2846.0,11807.0
24394,3047.0,548.0,1790.0,7665.0
24395,4277.0,683.0,1200.0,12203.0
24396,15875.0,2984.0,1873.0,1713.0
24397,5098.0,778.0,2108.0,7624.0
24398,2620.0,812.0,404.0,3318.0
24399,7070.0,375.0,430.0,10617.0
24400,20752.0,1362.0,2449.0,7254.0
24401,3534.0,736.0,2988.0,16619.0
24402,2664.0,193.0,3477.0,10865.0
24403,3708.0,514.0,1337.0,1065.0
24404,13360.0,815.0,637.0,5067.0
24405,3290.0,363.0,946.0,10724.0
24406,4221.0,148.0,1362.0,5170.0
24407,4488.0,826.0,2484.0,3296.0
24408,2507.0,23.0,968.0,4308.0
24409,2526.0,248.0,2493.0,5086.0
24410,4647.0,610.0,1851.0,2440.0
24411,9302.0,1030.0,2116.0,9456.0
24412,3515.0,554.0,2048.0,3438.0
24413,4692.0,862.0,1923.0,4315.0
24414,4470.0,681.0,463.0,2230.0
24415,4557.0,544.0,1738.0,9253.0
24416,2605.0,626.0,4001.0,3267.0
24417,4392.0,1404.0,3778.0,11020.0
24418,54471.0,4848.0,2046.0,7819.0
24419,4176.0,738.0,2066.0,9155.0
24420,4121.0,294.0,1976.0,3716.0
24421,5062.0,1372.0,2671.0,8006.0
24422,5409.0,1375.0,3234.0,9993.0
24423,63251.0,6490.0,5914.0,15355.0
24424,3185.0,216.0,877.0,8789.0
24425,3250.0,448.0,-0.0,5749.0
24426,7102.0,540.0,1726.0,11828.0
24427,25943.0,2741.0,3118.0,6379.0
24428,9890.0,707.0,3268.0,6171.0
24429,7767.0,616.0,2140.0,10123.0
24430,16220.0,1615.0,1127.0,5760.0
24431,9693.0,612.0,958.0,12901.0
24432,4228.0,925.0,2397.0,7892.0
24433,4058.0,202.0,1530.0,3809.0
24434,5242.0,1146.0,2732.0,8816.0
24435,6597.0,329.0,294.0,3579.0
24436,2649.0,274.0,925.0,4733.0
24437,3402.0,97.0,3153.0,6063.0
24438,3483.0,209.0,2383.0,1514.0
24439,4601.0,165.0,1574.0,3285.0
24440,3541.0,1046.0,1449.0,4869.0
24441,12365.0,1075.0,927.0,3916.0
24442,20522.0,1751.0,1417.0,10791.0
24443,3188.0,1841.0,136.0,6606.0
24444,8325.0,863.0,2546.0,120.0
24445,4532.0,691.0,4115.0,12511.0
24446,4684.0,941.0,2798.0,4938.0
24447,9820.0,2089.0,559.0,4634.0
24448,16040.0,687.0,1918.0,11313.0
24449,14747.0,770.0,2101.0,166.0
24450,6956.0,712.0,2380.0,7443.0
24451,9254.0,751.0,752.0,8709.0
24452,32395.0,1555.0,2809.0,10875.0
24453,3267.0,738.0,-0.0,7421.0
24454,4840.0,679.0,2146.0,865.0
24455,3479.0,512.0,1129.0,8243.0
24456,11820.0,958.0,3888.0,9093.0
24457,3960.0,1174.0,1248.0,9556.0
24458,7504.0,1313.0,1142.0,5625.0
24459,48572.0,4285.0,936.0,13093.0
24460,3520.0,848.0,1812.0,10246.0
24461,13817.0,641.0,770.0,6343.0
24462,3514.0,539.0,2576.0,9908.0
24463,38266.0,2440.0,3270.0,6314.0
24464,85905.0,4625.0,19677.0,36838.0
24465,5599.0,522.0,666.0,2767.0
24466,16615.0,1314.0,836.0,8806.0
24467,8100.0,474.0,3016.0,12406.0
24468,7335.0,924.0,457.0,2898.0
24469,11094.0,720.0,2173.0,6052.0
24470,52176.0,12758.0,82305.0,105106.0
24471,6431.0,1304.0,2885.0,10421.0
24472,5045.0,455.0,-0.0,4036.0
24473,4319.0,718.0,3526.0,7506.0
24474,15343.0,1783.0,1127.0,6023.0
24475,18620.0,745.0,4138.0,11596.0
24476,4526.0,659.0,2518.0,8742.0
24477,4344.0,806.0,1174.0,12816.0
24478,6785.0,263.0,3547.0,14198.0
24479,9203.0,1029.0,1128.0,3486.0
24480,15869.0,2098.0,1709.0,10000.0
24481,7141.0,561.0,1642.0,546.0
24482,3217.0,332.0,2511.0,9230.0
24483,6046.0,492.0,2712.0,9738.0
24484,17622.0,1451.0,2987.0,9691.0
24485,6668.0,345.0,1802.0,4780.0
24486,6745.0,1500.0,1080.0,9283.0
24487,8084.0,1238.0,550.0,8247.0
24488,4672.0,1200.0,2693.0,9874.0
24489,4133.0,454.0,2482.0,8192.0
24490,8369.0,510.0,2627.0,6686.0
24491,13426.0,298.0,1638.0,8111.0
24492,6045.0,878.0,346.0,6256.0
24493,105013.0,7984.0,11750.0,11492.0
24494,4000.0,405.0,158.0,4222.0
24495,11802.0,1561.0,2310.0,10849.0
24496,5457.0,862.0,2131.0,10125.0
24497,24238.0,1388.0,1840.0,12809.0
24498,3260.0,437.0,950.0,9144.0
24499,11695.0,1663.0,1104.0,4827.0
24500,21573.0,3309.0,2431.0,6411.0
24501,22868.0,2059.0,17259.0,29680.0
24502,11033.0,348.0,1553.0,8420.0
24503,5058.0,1107.0,1833.0,3907.0
24504,11721.0,1729.0,2294.0,10415.0
24505,3060.0,147.0,-0.0,3895.0
24506,5906.0,920.0,1655.0,-0.0
24507,37171.0,2468.0,2740.0,7459.0
24508,4831.0,929.0,1493.0,5608.0
24509,4048.0,680.0,577.0,308.0
24510,5258.0,970.0,675.0,2201.0
24511,4409.0,168.0,2639.0,8740.0
24512,9104.0,518.0,1371.0,5774.0
24513,29639.0,2313.0,2318.0,8713.0
24514,17117.0,772.0,2749.0,5980.0
24515,6416.0,1745.0,3421.0,7527.0
24516,4689.0,1083.0,506.0,5167.0
24517,6615.0,874.0,576.0,-0.0
24518,3659.0,653.0,1287.0,3998.0
24519,6832.0,730.0,1095.0,6743.0
24520,23336.0,2588.0,5077.0,7605.0
24521,3536.0,602.0,2517.0,-0.0
24522,23651.0,2381.0,5076.0,12994.0
24523,6116.0,778.0,1241.0,3594.0
24524,4543.0,871.0,2374.0,13452.0
24525,6168.0,596.0,1191.0,5466.0
24526,5987.0,771.0,977.0,6540.0
24527,13747.0,833.0,2849.0,6941.0
24528,4439.0,230.0,2349.0,2607.0
24529,9639.0,799.0,2603.0,12900.0
24530,6814.0,537.0,3898.0,9882.0
24531,9384.0,1528.0,2458.0,8466.0
24532,29059.0,2590.0,2619.0,10382.0
24533,2721.0,188.0,888.0,7625.0
24534,6776.0,882.0,873.0,8233.0
24535,12359.0,1325.0,1084.0,11259.0
24536,8367.0,1706.0,813.0,664.0
24537,3252.0,515.0,1184.0,7165.0
24538,5978.0,722.0,1373.0,6701.0
24539,4398.0,1168.0,1728.0,11868.0
24540,33401.0,2282.0,3136.0,8581.0
24541,3844.0,366.0,2767.0,5237.0
24542,24593.0,2465.0,2243.0,7723.0
24543,6582.0,994.0,3727.0,8608.0
24544,14848.0,941.0,1726.0,8755.0
24545,5393.0,1037.0,1018.0,10877.0
24546,5613.0,428.0,1130.0,5574.0
24547,3170.0,172.0,986.0,5565.0
24548,6893.0,884.0,2234.0,12259.0
24549,5402.0,1909.0,2144.0,3932.0
24550,24536.0,2106.0,3025.0,9116.0
24551,5244.0,43.0,1845.0,2098.0
24552,8917.0,399.0,2109.0,5015.0
24553,4027.0,1310.0,1468.0,15029.0
24554,4368.0,670.0,1973.0,7633.0
24555,34494.0,2122.0,3018.0,15277.0
24556,2987.0,532.0,556.0,6906.0
24557,16257.0,1891.0,3077.0,10898.0
24558,11191.0,1253.0,733.0,6091.0
24559,17549.0,1538.0,2183.0,7047.0
24560,3319.0,283.0,944.0,9937.0
24561,5540.0,187.0,1468.0,3519.0
24562,8508.0,1216.0,2714.0,6524.0
24563,6538.0,433.0,2503.0,8303.0
24564,3827.0,895.0,2145.0,4517.0
24565,5650.0,918.0,34.0,-0.0
24566,3116.0,1200.0,1035.0,9635.0
24567,7601.0,542.0,2286.0,4462.0
24568,10227.0,901.0,1972.0,7369.0
24569,6722.0,572.0,2645.0,11224.0
24570,5387.0,480.0,1873.0,5183.0
24571,7520.0,216.0,2226.0,2237.0
24572,11259.0,665.0,2108.0,6006.0
24573,10079.0,806.0,1141.0,5388.0
24574,4957.0,752.0,2394.0,2031.0
24575,3394.0,448.0,1569.0,8661.0
24576,3646.0,429.0,59.0,1246.0
24577,14470.0,1072.0,2150.0,11821.0
24578,3725.0,475.0,944.0,9679.0
24579,6945.0,852.0,1050.0,8551.0
24580,4146.0,307.0,210.0,13569.0
24581,14789.0,1446.0,3348.0,10627.0
24582,3556.0,667.0,2778.0,9399.0
24583,3464.0,1151.0,723.0,3047.0
24584,4365.0,294.0,1946.0,4502.0
24585,19925.0,1885.0,2197.0,5938.0
24586,24489.0,1994.0,2636.0,6959.0
24587,4850.0,1371.0,4382.0,7425.0
24588,3828.0,378.0,3576.0,7711.0
24589,19270.0,1144.0,3326.0,14088.0
24590,2525.0,350.0,1552.0,10280.0
24591,13687.0,889.0,1867.0,11264.0
24592,2634.0,1168.0,2360.0,4698.0
24593,5882.0,260.0,384.0,15696.0
24594,27900.0,2680.0,2360.0,14479.0
24595,42223.0,3395.0,3483.0,15193.0
24596,12451.0,1155.0,2864.0,14360.0
24597,25158.0,1494.0,1382.0,12656.0
24598,2922.0,478.0,1135.0,12107.0
24599,7853.0,1022.0,2853.0,1124.0
24600,4014.0,1013.0,11684.0,16577.0
24601,22591.0,1491.0,1799.0,5751.0
24602,7100.0,498.0,1656.0,4537.0
24603,5007.0,1313.0,1392.0,3667.0
24604,5583.0,150.0,1680.0,5718.0
24605,3357.0,411.0,2742.0,7717.0
24606,8453.0,1161.0,622.0,7146.0
24607,3324.0,693.0,3081.0,11046.0
24608,6706.0,985.0,1740.0,4462.0
24609,3931.0,1078.0,988.0,6408.0
24610,2648.0,232.0,1112.0,12254.0
24611,48777.0,3891.0,235176.0,305270.0
24612,5788.0,1047.0,2106.0,5766.0
24613,5698.0,1056.0,1285.0,6435.0
24614,25299.0,2381.0,2018.0,10009.0
24615,2746.0,917.0,475.0,4548.0
24616,54542.0,2959.0,3589.0,8809.0
24617,4843.0,632.0,2765.0,-0.0
24618,3650.0,894.0,4369.0,10893.0
24619,4193.0,1010.0,3026.0,8808.0
24620,18206.0,1352.0,2976.0,6822.0
24621,5076.0,832.0,2850.0,10366.0
24622,7378.0,691.0,3233.0,2671.0
24623,12939.0,221.0,1002.0,8427.0
24624,4193.0,717.0,836.0,6187.0
24625,3199.0,972.0,1890.0,4189.0
24626,3355.0,788.0,1618.0,5306.0
24627,8149.0,887.0,4163.0,8438.0
24628,33532.0,2733.0,3013.0,8653.0
24629,5378.0,1005.0,875.0,8765.0
24630,10354.0,1081.0,1915.0,7627.0
24631,2758.0,844.0,136.0,3852.0
24632,6337.0,1058.0,2671.0,6205.0
24633,5488.0,868.0,1246.0,7214.0
24634,3456.0,157.0,593.0,4832.0
24635,6831.0,480.0,976.0,8752.0
24636,30230.0,3781.0,2731.0,47032.0
24637,4632.0,848.0,2737.0,6616.0
24638,3886.0,623.0,1075.0,1004.0
